{"co_parameters": [[[-0.9560422897338867, 0.29322877526283264, 0.0, 0.18536632919311524], [-0.29322877526283264, -0.9560422897338867, 0.0, 0.0561151619553566], [0.0, 0.0, 1.0, -0.008892201423645019], [0.0, 0.0, 0.0, 1.0]], [[0.3752443790435791, -0.8475749492645264, -0.3752443790435791, -0.07105021095275879], [-0.599325954914093, -0.5306757092475891, 0.599325954914093, 0.1149010945558548], [-0.7071067094802856, 0.0, -0.7071067094802856, 0.154461478471756], [0.0, 0.0, 0.0, 1.0]], [[0.5306757092475891, 0.8475749492645264, 1.6878703778950275e-16, -0.09915656864643098], [-0.8475749492645264, 0.5306757092475891, -3.880896514804841e-17, 0.1574202332496643], [-1.2246467202362698e-16, -1.2246467202362698e-16, 0.9999999403953552, -0.042540817260742166], [0.0, 0.0, 0.0, 1.0]], [[-0.6760239601135254, -0.29322877526283264, -0.6760239601135254, 0.130322060585022], [-0.20734405517578125, 0.9560422897338867, -0.20734405517578125, 0.03973113965988159], [0.7071067690849304, 8.659560603426554e-17, -0.7071067690849304, -0.1509082602262497], [0.0, 0.0, 0.0, 1.0]], [[0.5306757092475891, 0.8475749492645264, 1.6878703778950275e-16, -0.09857567989826203], [-0.8475749492645264, 0.5306757092475891, -3.880896514804841e-17, 0.15552617597579957], [-1.2246467202362698e-16, -1.2246467202362698e-16, 0.9999999403953552, 0.01692298126220705], [0.0, 0.0, 0.0, 1.0]], [[-0.6813464760780334, -0.7319610714912415, -8.963937922555447e-17, 0.1296117216348648], [-0.7319610714912415, 0.6813464760780334, 8.34408847617761e-17, 0.13896930611133576], [0.0, 1.2246467202362698e-16, -0.9999999403953552, -0.035328987121582035], [0.0, 0.0, 0.0, 1.0]], [[-0.025308189913630486, -0.9993593096733093, 0.025308189913630486, 0.005455603402107954], [0.7066537141799927, -0.03579118475317955, -0.7066537141799927, -0.13454197430610657], [0.7071067690849304, 0.0, 0.7071067690849304, -0.16033801066875458], [0.0, 0.0, 0.0, 1.0]], [[0.6813464760780334, -0.7319610714912415, -6.198494463778364e-18, -0.12929993879795076], [0.7319610714912415, 0.6813464760780334, 1.7308026398733057e-16, -0.13917590153217316], [-1.2246467202362698e-16, -1.2246467202362698e-16, 0.9999999403953552, -0.035328987121582014], [0.0, 0.0, 0.0, 1.0]], [[1.5128930909780923e-16, -0.7319610714912415, -0.6813464760780334, 0.003089401960372899], [1.625280069397753e-16, 0.6813464760780334, -0.7319610714912415, 0.0019747794866561614], [0.9999999403953552, -2.719261971675979e-32, 2.220445916901415e-16, -0.19260769402980807], [0.0, 0.0, 0.0, 1.0]], [[0.22407418489456177, -0.9745720624923706, -9.19094870812001e-17, -0.040873659968376164], [0.9745720624923706, 0.22407418489456177, 1.4679184208057471e-16, -0.1823608615398407], [-1.2246467202362698e-16, -1.2246467202362698e-16, 0.9999999403953552, -0.02784008216857908], [0.0, 0.0, 0.0, 1.0]], [[0.6813464760780334, 0.7319610714912415, -8.34408847617761e-17, -0.12747667753696443], [0.7319610714912415, -0.6813464760780334, -8.963937922555447e-17, -0.1377929688692093], [-1.2246467202362698e-16, 0.0, -0.9999999403953552, -0.041263683319091776], [0.0, 0.0, 0.0, 1.0]], [[-0.974571168422699, 0.2240782380104065, 2.744167049933239e-17, 0.17990437352657318], [0.2240782380104065, 0.974571168422699, 1.1935055539304655e-16, -0.04249485838413239], [0.0, 1.2246468525851679e-16, -1.0, 0.02479325866699219], [0.0, 0.0, 0.0, 1.0]], [[-1.178336782031917e-16, -0.8475749492645264, -0.5306757092475891, 0.00024622122943403343], [1.8819944475379521e-16, -0.5306757092475891, 0.8475749492645264, 0.001029162883758513], [-0.9999999403953552, 0.0, 2.220445916901415e-16, 0.21011119210720064], [0.0, 0.0, 0.0, 1.0]], [[-0.5306757092475891, -0.8475749492645264, 0.0, 0.10123172104358674], [0.8475749492645264, -0.5306757092475891, 0.0, -0.16052234601974488], [0.0, 0.0, 0.9999999403953552, -0.03702542877197266], [0.0, 0.0, 0.0, 1.0]], [[-0.3752443790435791, -0.8475749492645264, -0.3752443790435791, 0.07354913663864136], [0.599325954914093, -0.5306757092475891, 0.599325954914093, -0.11938499653339386], [-0.7071067094802856, 0.0, 0.7071067094802856, 0.15127325558662416], [0.0, 0.0, 0.0, 1.0]], [[-0.8475692868232727, 0.530684769153595, -3.880715858559059e-17, 0.1625258427858353], [-0.530684769153595, -0.8475692868232727, -1.6878744807108658e-16, 0.10126893341541292], [-1.2246468525851679e-16, -1.2246468525851679e-16, 1.0, 0.003664156436920187], [0.0, 0.0, 0.0, 1.0]], [[0.025308189913630486, -0.9993593096733093, 0.025308189913630486, -0.004161508779972792], [-0.7066537141799927, -0.03579118475317955, -0.7066537141799927, 0.13398643708229066], [0.7071067690849304, 0.0, -0.7071067690849304, -0.16033801066875458], [0.0, 0.0, 0.0, 1.0]], [[-0.03579118475317955, -0.9993593096733093, 0.0, 0.006848495863378048], [0.9993593096733093, -0.03579118475317955, 0.0, -0.18820338046550752], [0.0, 0.0, 1.0, 0.038773948669433594], [0.0, 0.0, 0.0, 1.0]], [[0.5306757092475891, 0.8475749492645264, 1.6878703778950275e-16, -0.10040075314044954], [-0.8475749492645264, 0.5306757092475891, -3.880896514804841e-17, 0.1614769186973572], [-1.2246467202362698e-16, -1.2246467202362698e-16, 0.9999999403953552, 0.038773948669433615], [0.0, 0.0, 0.0, 1.0]], [[-1.6252811281889371e-16, -0.6813459396362305, 0.7319615483283997, -0.0018358472585677825], [1.5128918998380102e-16, -0.7319615483283997, -0.6813459396362305, 0.003627670288085912], [1.0, -2.7192622655495665e-32, 2.220446049250313e-16, -0.21645408248901368], [0.0, 0.0, 0.0, 1.0]], [[-0.5306757092475891, 0.8475749492645264, 1.0379799816005313e-16, 0.10308108913898469], [0.8475749492645264, 0.5306757092475891, 6.498903301200472e-17, -0.16655230474472046], [0.0, 1.2246467202362698e-16, -0.9999999403953552, 0.01692298126220703], [0.0, 0.0, 0.0, 1.0]], [[0.974571168422699, -0.2240782380104065, -1.1935055539304655e-16, -0.18370371186733248], [-0.2240782380104065, -0.974571168422699, 2.744167049933239e-17, 0.04289584743976593], [-1.2246468525851679e-16, 0.0, -1.0, 0.00463946294784548], [0.0, 0.0, 0.0, 1.0]], [[0.5175749659538269, 0.6813459396362305, -0.5175749659538269, -0.10017509067058564], [-0.48178431391716003, 0.7319615483283997, 0.48178431391716003, 0.09516668957471848], [0.7071067690849304, 0.0, 0.7071067690849304, -0.16080436885356902], [0.0, 0.0, 0.0, 1.0]], [[-0.03579118475317955, -0.9993593096733093, 0.0, 0.007451104305684567], [0.9993593096733093, -0.03579118475317955, 0.0, -0.1901681994199753], [0.0, 0.0, 1.0, 0.04586599349975586], [0.0, 0.0, 0.0, 1.0]], [[0.03579118475317955, 0.9993593096733093, 1.2676938610580194e-16, -0.007431011818349362], [-0.9993593096733093, 0.03579118475317955, -1.1800307155775277e-16, 0.19376656901836395], [-1.2246468525851679e-16, -1.2246468525851679e-16, 1.0, 0.002337080240249655], [0.0, 0.0, 0.0, 1.0]], [[0.22407418489456177, 0.9745720624923706, -2.7441174190964858e-17, -0.04245601761341095], [0.9745720624923706, -0.22407418489456177, -1.1935066127216496e-16, -0.18534322810173035], [-1.2246467202362698e-16, 0.0, -0.9999999403953552, 0.02537794876098635], [0.0, 0.0, 0.0, 1.0]], [[4.9754463858811386e-17, -0.9745720624923706, -0.22407418489456177, 0.0010269230604171668], [2.1639846858709135e-16, 0.22407418489456177, -0.9745720624923706, 0.0015384238958358397], [0.9999999403953552, -2.719261971675979e-32, 2.220445916901415e-16, -0.20239843499660493], [0.0, 0.0, 0.0, 1.0]], [[-2.122840325155832e-16, 0.29322877526283264, -0.9560422897338867, 0.002236349582672155], [-6.510986755588647e-17, -0.9560422897338867, -0.29322877526283264, 0.00034861901402474555], [-1.0, 0.0, 2.220446049250313e-16, 0.21925004959106448], [0.0, 0.0, 0.0, 1.0]], [[0.7319615483283997, 0.6813459396362305, 0.0, -0.138557333111763], [-0.6813459396362305, 0.7319615483283997, 0.0, 0.1293281583786011], [0.0, 0.0, 1.0, 0.03073383140563965], [0.0, 0.0, 0.0, 1.0]], [[-1.178336782031917e-16, -0.8475749492645264, -0.5306757092475891, 0.00096982079744341], [1.8819944475379521e-16, -0.5306757092475891, 0.8475749492645264, -0.0013301358222961746], [-0.9999999403953552, 0.0, 2.220445916901415e-16, 0.19997516572475435], [0.0, 0.0, 0.0, 1.0]], [[-0.7319615483283997, 0.6813459396362305, 8.963943878255857e-17, 0.13783673298358917], [0.6813459396362305, 0.7319615483283997, -8.34408185873271e-17, -0.1267861728668213], [-1.2246468525851679e-16, 0.0, -1.0, 0.021657176971435568], [0.0, 0.0, 0.0, 1.0]], [[-0.5306757092475891, -0.8475749492645264, 0.0, 0.10227349960803986], [0.8475749492645264, -0.5306757092475891, 0.0, -0.16391907644271853], [0.0, 0.0, 0.9999999403953552, 0.027937578201293944], [0.0, 0.0, 0.0, 1.0]], [[-0.974571168422699, 0.2240782380104065, 2.744167049933239e-17, 0.18663333261013032], [0.2240782380104065, 0.974571168422699, 1.1935055539304655e-16, -0.04225388300418854], [0.0, 1.2246468525851679e-16, -1.0, 0.004639462947845459], [0.0, 0.0, 0.0, 1.0]], [[-0.3752443790435791, 0.8475749492645264, -0.3752443790435791, 0.07296824789047242], [0.599325954914093, 0.5306757092475891, 0.599325954914093, -0.1174909383058548], [0.7071067094802856, 8.659559941682064e-17, -0.7071067094802856, -0.17689109349250795], [0.0, 0.0, 0.0, 1.0]], [[0.22407418489456177, -0.9745720624923706, -9.19094870812001e-17, -0.042137337327003484], [0.9745720624923706, 0.22407418489456177, 1.4679184208057471e-16, -0.18803802752494814], [-1.2246467202362698e-16, -1.2246467202362698e-16, 0.9999999403953552, 0.046563560485839865], [0.0, 0.0, 0.0, 1.0]], [[-2.1639827006374434e-16, 0.2240782380104065, 0.974571168422699, -0.005324973106384241], [4.9755363831317843e-17, 0.974571168422699, -0.2240782380104065, 7.782974839209664e-05], [-1.0, 2.7192622655495665e-32, -2.220446049250313e-16, 0.2345727767944336], [0.0, 0.0, 0.0, 1.0]], [[-0.7319615483283997, -0.6813459396362305, -1.7308025075244077e-16, 0.13760751450061798], [0.6813459396362305, -0.7319615483283997, -6.198620195231472e-18, -0.12642007637023928], [-1.2246468525851679e-16, -1.2246468525851679e-16, 1.0, -0.000918301582336405], [0.0, 0.0, 0.0, 1.0]], [[0.22407418489456177, -0.9745720624923706, -9.19094870812001e-17, -0.04245601761341095], [0.9745720624923706, 0.22407418489456177, 1.4679184208057471e-16, -0.18534322810173035], [-1.2246467202362698e-16, -1.2246467202362698e-16, 0.9999999403953552, 0.02537794876098635], [0.0, 0.0, 0.0, 1.0]], [[0.7319615483283997, 0.6813459396362305, 0.0, -0.1392902899980545], [-0.6813459396362305, 0.7319615483283997, 0.0, 0.13049880409240724], [0.0, 0.0, 1.0, 0.043675136566162114], [0.0, 0.0, 0.0, 1.0]], [[-0.9560422897338867, 0.29322877526283264, 0.0, 0.18766084861755372], [-0.29322877526283264, -0.9560422897338867, 0.0, 0.056197311937809], [0.0, 0.0, 1.0, 0.037609146118164065], [0.0, 0.0, 0.0, 1.0]], [[1.6252811281889371e-16, 0.6813459396362305, 0.7319615483283997, -0.0012359608411789216], [-1.5128918998380102e-16, 0.7319615483283997, -0.6813459396362305, 0.0026695556640625256], [-1.0, 0.0, 2.220446049250313e-16, 0.21165717697143555], [0.0, 0.0, 0.0, 1.0]], [[1.5128930909780923e-16, 0.7319610714912415, 0.6813464760780334, -0.00023894529044630715], [1.625280069397753e-16, -0.6813464760780334, 0.7319610714912415, -0.0008474702835083285], [0.9999999403953552, 0.0, -2.220445916901415e-16, -0.19485197389125825], [0.0, 0.0, 0.0, 1.0]], [[-0.1584443747997284, -0.9745720624923706, -0.1584443747997284, 0.030426682889461522], [-0.6891264915466309, 0.22407418489456177, -0.6891264915466309, 0.13126199436187744], [0.7071067094802856, 8.659559941682064e-17, -0.7071067094802856, -0.15466725468635562], [0.0, 0.0, 0.0, 1.0]], [[0.5175749659538269, -0.6813459396362305, 0.5175749659538269, -0.10106540286540985], [-0.48178431391716003, -0.7319615483283997, -0.48178431391716003, 0.0965886761546135], [0.7071067690849304, 8.659560603426554e-17, -0.7071067690849304, -0.15345696437358858], [0.0, 0.0, 0.0, 1.0]], [[0.5993219614028931, -0.530684769153595, 0.5993219614028931, -0.11297594857215883], [0.37525078654289246, 0.8475692868232727, 0.37525078654289246, -0.07104053562879563], [-0.7071067690849304, 0.0, 0.7071067690849304, 0.17881189143657686], [0.0, 0.0, 0.0, 1.0]], [[0.6813464760780334, 0.7319610714912415, -8.34408847617761e-17, -0.12456886446475984], [0.7319610714912415, -0.6813464760780334, -8.963937922555447e-17, -0.13597233402729036], [-1.2246467202362698e-16, 0.0, -0.9999999403953552, -0.0346461715698242], [0.0, 0.0, 0.0, 1.0]], [[-0.1584443747997284, -0.9745720624923706, 0.1584443747997284, 0.03151173943281174], [-0.6891264915466309, 0.22407418489456177, 0.6891264915466309, 0.13318938922882081], [-0.7071067094802856, 8.659559941682064e-17, -0.7071067094802856, 0.17181304478645326], [0.0, 0.0, 0.0, 1.0]], [[0.22407418489456177, -0.9745720624923706, -9.19094870812001e-17, -0.04116678678989411], [0.9745720624923706, 0.22407418489456177, 1.4679184208057471e-16, -0.18291333651542663], [-1.2246467202362698e-16, -1.2246467202362698e-16, 0.9999999403953552, 0.03746276855468752], [0.0, 0.0, 0.0, 1.0]], [[-1.5128930909780923e-16, -0.7319610714912415, 0.6813464760780334, -0.002495634794235204], [-1.625280069397753e-16, 0.6813464760780334, 0.7319610714912415, -0.005100875377655001], [-0.9999999403953552, 2.719261971675979e-32, -2.220445916901415e-16, 0.2136188977956772], [0.0, 0.0, 0.0, 1.0]], [[0.5306757092475891, -0.8475749492645264, -6.498903301200472e-17, -0.09915656864643098], [-0.8475749492645264, -0.5306757092475891, 1.0379799816005313e-16, 0.1574202332496643], [-1.2246467202362698e-16, 0.0, -0.9999999403953552, -0.042540817260742166], [0.0, 0.0, 0.0, 1.0]], [[0.5306757092475891, -0.8475749492645264, -6.498903301200472e-17, -0.09862120831012726], [-0.8475749492645264, -0.5306757092475891, 1.0379799816005313e-16, 0.1556745924949646], [-1.2246467202362698e-16, 0.0, -0.9999999403953552, -0.021456207275390604], [0.0, 0.0, 0.0, 1.0]], [[4.9754463858811386e-17, 0.9745720624923706, 0.22407418489456177, 0.0010269230604171668], [2.1639846858709135e-16, -0.22407418489456177, 0.9745720624923706, 0.0015384238958358397], [0.9999999403953552, 0.0, -2.220445916901415e-16, -0.20239843499660493], [0.0, 0.0, 0.0, 1.0]], [[0.4817847013473511, 0.7319610714912415, 0.4817847013473511, -0.09246372389793396], [0.5175746083259583, -0.6813464760780334, 0.5175746083259583, -0.10047898876667023], [0.7071067094802856, 0.0, -0.7071067094802856, -0.1779650948047638], [0.0, 0.0, 0.0, 1.0]], [[0.025308189913630486, -0.9993593096733093, 0.025308189913630486, -0.0050732909254729746], [-0.7066537141799927, -0.03579118475317955, -0.7066537141799927, 0.1369593040943146], [0.7071067690849304, 0.0, -0.7071067690849304, -0.14984692752361298], [0.0, 0.0, 0.0, 1.0]], [[2.1639827006374434e-16, -0.2240782380104065, 0.974571168422699, -0.005463076591491736], [-4.9755363831317843e-17, -0.974571168422699, -0.2240782380104065, 7.288853079081428e-05], [1.0, 0.0, -2.220446049250313e-16, -0.19534864616394043], [0.0, 0.0, 0.0, 1.0]], [[0.8475692868232727, -0.530684769153595, 0.0, -0.16612417805194857], [0.530684769153595, 0.8475692868232727, 0.0, -0.1024075642824173], [0.0, 0.0, 1.0, 0.04784477615356445], [0.0, 0.0, 0.0, 1.0]], [[0.974571168422699, 0.2240782380104065, 1.4679222589237894e-16, -0.1906315988302231], [-0.2240782380104065, 0.974571168422699, 9.190888489371416e-17, 0.042647753834724425], [-1.2246468525851679e-16, -1.2246468525851679e-16, 1.0, -0.005348647117614725], [0.0, 0.0, 0.0, 1.0]], [[-0.1584443747997284, -0.9745720624923706, 0.1584443747997284, 0.030403753697872165], [-0.6891264915466309, 0.22407418489456177, 0.6891264915466309, 0.13190217304229737], [-0.7071067094802856, 8.659559941682064e-17, -0.7071067094802856, 0.17454180455207827], [0.0, 0.0, 0.0, 1.0]], [[0.9560422897338867, -0.29322877526283264, 8.117124674471841e-17, -0.17589875221252443], [0.29322877526283264, 0.9560422897338867, 1.5299159385888416e-16, -0.05523902899026872], [-1.2246468525851679e-16, -1.2246468525851679e-16, 1.0, 0.007876004219055197], [0.0, 0.0, 0.0, 1.0]], [[-4.9754463858811386e-17, 0.9745720624923706, -0.22407418489456177, 0.00011807743459940803], [-2.1639846858709135e-16, -0.22407418489456177, -0.9745720624923706, -0.00017453561723228592], [-0.9999999403953552, 0.0, 2.220445916901415e-16, 0.21537793862819674], [0.0, 0.0, 0.0, 1.0]], [[0.025308189913630486, 0.9993593096733093, -0.025308189913630486, -0.004161508779972792], [-0.7066537141799927, 0.03579118475317955, 0.7066537141799927, 0.13398643708229066], [0.7071067690849304, -8.659560603426554e-17, 0.7071067690849304, -0.16033801066875458], [0.0, 0.0, 0.0, 1.0]], [[-1.5128930909780923e-16, 0.7319610714912415, -0.6813464760780334, -0.0023592572212218985], [-1.625280069397753e-16, -0.6813464760780334, -0.7319610714912415, -0.004843822479248019], [-0.9999999403953552, 0.0, 2.220445916901415e-16, 0.19724177491664888], [0.0, 0.0, 0.0, 1.0]], [[-0.22407418489456177, -0.9745720624923706, -1.1935066127216496e-16, 0.04301241505146027], [-0.9745720624923706, 0.22407418489456177, 2.7441174190964858e-17, 0.18225579142570497], [0.0, 1.2246467202362698e-16, -0.9999999403953552, -0.01126439094543457], [0.0, 0.0, 0.0, 1.0]], [[0.6760239601135254, -0.29322877526283264, -0.6760239601135254, -0.12302991390228273], [0.20734405517578125, 0.9560422897338867, -0.20734405517578125, -0.0389329195022583], [0.7071067690849304, -8.659560603426554e-17, 0.7071067690849304, -0.16869754588603975], [0.0, 0.0, 0.0, 1.0]], [[0.22407418489456177, 0.9745720624923706, -2.7441174190964858e-17, -0.041547172188758856], [0.9745720624923706, -0.22407418489456177, -1.1935066127216496e-16, -0.18363026881217956], [-1.2246467202362698e-16, 0.0, -0.9999999403953552, -0.012398446083068827], [0.0, 0.0, 0.0, 1.0]], [[0.22407418489456177, 0.9745720624923706, -2.7441174190964858e-17, -0.04213577520847321], [0.9745720624923706, -0.22407418489456177, -1.1935066127216496e-16, -0.18808159327507018], [-1.2246467202362698e-16, 0.0, -0.9999999403953552, -0.01126439094543455], [0.0, 0.0, 0.0, 1.0]], [[-0.7319615483283997, -0.6813459396362305, -1.7308025075244077e-16, 0.13809189236164093], [0.6813459396362305, -0.7319615483283997, -6.198620195231472e-18, -0.12719369983673096], [-1.2246468525851679e-16, -1.2246468525851679e-16, 1.0, -0.009895602226257304], [0.0, 0.0, 0.0, 1.0]], [[-0.5306757092475891, 0.8475749492645264, 1.0379799816005313e-16, 0.10179820549488068], [0.8475749492645264, 0.5306757092475891, 6.498903301200472e-17, -0.16236937665939333], [0.0, 1.2246467202362698e-16, -0.9999999403953552, 0.009975176811218261], [0.0, 0.0, 0.0, 1.0]], [[-0.7319615483283997, 0.6813459396362305, 8.963943878255857e-17, 0.13760337173938753], [0.6813459396362305, 0.7319615483283997, -8.34408185873271e-17, -0.12641345977783205], [-1.2246468525851679e-16, 0.0, -1.0, 0.036708377838134784], [0.0, 0.0, 0.0, 1.0]], [[0.03579118475317955, 0.9993593096733093, 1.2676938610580194e-16, -0.006044287238270045], [-0.9993593096733093, 0.03579118475317955, -1.1800307155775277e-16, 0.18924514949321747], [-1.2246468525851679e-16, -1.2246468525851679e-16, 1.0, 0.014038742065429708], [0.0, 0.0, 0.0, 1.0]], [[0.3752443790435791, 0.8475749492645264, -0.3752443790435791, -0.07089309549331665], [-0.599325954914093, 0.5306757092475891, 0.599325954914093, 0.11438882648944855], [0.7071067094802856, -8.659559941682064e-17, 0.7071067094802856, -0.17137570500373842], [0.0, 0.0, 0.0, 1.0]], [[-0.974571168422699, -0.2240782380104065, 0.0, 0.17990437352657318], [0.2240782380104065, -0.974571168422699, 0.0, -0.04249485838413239], [0.0, 0.0, 1.0, 0.02479325866699219], [0.0, 0.0, 0.0, 1.0]], [[-0.6813464760780334, -0.7319610714912415, -8.963937922555447e-17, 0.13100966227054597], [-0.7319610714912415, 0.6813464760780334, 8.34408847617761e-17, 0.14008593285083773], [0.0, 1.2246467202362698e-16, -0.9999999403953552, 0.03185247230529785], [0.0, 0.0, 0.0, 1.0]], [[1.6252811281889371e-16, -0.6813459396362305, -0.7319615483283997, -0.0014693226814270295], [-1.5128918998380102e-16, -0.7319615483283997, 0.6813459396362305, 0.0030422689914703627], [-1.0, 2.7192622655495665e-32, -2.220446049250313e-16, 0.22670837783813477], [0.0, 0.0, 0.0, 1.0]], [[-0.22407418489456177, -0.9745720624923706, -1.1935066127216496e-16, 0.04287341749668122], [-0.9745720624923706, 0.22407418489456177, 2.7441174190964858e-17, 0.18613683199882508], [0.0, 1.2246467202362698e-16, -0.9999999403953552, 0.04019153213500977], [0.0, 0.0, 0.0, 1.0]], [[-0.025308189913630486, -0.9993593096733093, 0.025308189913630486, 0.004832431893795728], [0.7066537141799927, -0.03579118475317955, -0.7066537141799927, -0.13251009964942934], [0.7071067690849304, 0.0, 0.7071067690849304, -0.17137571513652802], [0.0, 0.0, 0.0, 1.0]], [[0.1584443747997284, -0.9745720624923706, 0.1584443747997284, -0.02966767352819443], [0.6891264915466309, 0.22407418489456177, 0.6891264915466309, -0.1338033685684204], [-0.7071067094802856, -8.659559941682064e-17, 0.7071067094802856, 0.1809138367176056], [0.0, 0.0, 0.0, 1.0]], [[0.9560422897338867, -0.29322877526283264, 8.117124674471841e-17, -0.17981592178344727], [0.29322877526283264, 0.9560422897338867, 1.5299159385888416e-16, -0.055379325926303874], [-1.2246468525851679e-16, -1.2246468525851679e-16, 1.0, -0.0248898124694824], [0.0, 0.0, 0.0, 1.0]], [[0.3752443790435791, -0.8475749492645264, -0.3752443790435791, -0.07086880016326905], [-0.599325954914093, -0.5306757092475891, 0.599325954914093, 0.11430960953235626], [-0.7071067094802856, 0.0, -0.7071067094802856, 0.17312422108650208], [0.0, 0.0, 0.0, 1.0]], [[-0.1584443747997284, -0.9745720624923706, -0.1584443747997284, 0.030568321168422702], [-0.6891264915466309, 0.22407418489456177, -0.6891264915466309, 0.1273070878982544], [0.7071067094802856, 8.659559941682064e-17, -0.7071067094802856, -0.17032513737678528], [0.0, 0.0, 0.0, 1.0]], [[-0.3752443790435791, 0.8475749492645264, -0.3752443790435791, 0.07343993520736694], [0.599325954914093, 0.5306757092475891, 0.599325954914093, -0.11902896130084992], [0.7071067094802856, 8.659559941682064e-17, -0.7071067094802856, -0.14699012684822083], [0.0, 0.0, 0.0, 1.0]], [[-0.4817847013473511, 0.7319610714912415, 0.4817847013473511, 0.09454067301750183], [-0.5175746083259583, -0.6813464760780334, 0.5175746083259583, 0.10025896751880646], [0.7071067094802856, 0.0, 0.7071067094802856, -0.1551324875354767], [0.0, 0.0, 0.0, 1.0]], [[-0.974571168422699, 0.2240782380104065, 2.744167049933239e-17, 0.18320885407924653], [0.2240782380104065, 0.974571168422699, 1.1935055539304655e-16, -0.042376541256904605], [0.0, 1.2246468525851679e-16, -1.0, -0.04305651473999023], [0.0, 0.0, 0.0, 1.0]], [[-0.6813464760780334, 0.7319610714912415, 0.0, 0.13143498384952546], [-0.7319610714912415, -0.6813464760780334, 0.0, 0.1403522378206253], [0.0, 0.0, 0.9999999403953552, -0.0412636833190918], [0.0, 0.0, 0.0, 1.0]], [[-0.5993219614028931, 0.530684769153595, -0.5993219614028931, 0.1106145260334015], [-0.37525078654289246, -0.8475692868232727, -0.37525078654289246, 0.07028129595518114], [-0.7071067690849304, -8.659560603426554e-17, 0.7071067690849304, 0.17149878489971163], [0.0, 0.0, 0.0, 1.0]], [[0.974571168422699, -0.2240782380104065, -1.1935055539304655e-16, -0.18712819039821627], [-0.2240782380104065, -0.974571168422699, 2.744167049933239e-17, 0.042773189187049865], [-1.2246468525851679e-16, 0.0, -1.0, -0.04305651473999021], [0.0, 0.0, 0.0, 1.0]], [[-1.178336782031917e-16, -0.8475749492645264, -0.5306757092475891, 0.0014451147317886552], [1.8819944475379521e-16, -0.5306757092475891, 0.8475749492645264, -0.002879836320877107], [-0.9999999403953552, 0.0, 2.220445916901415e-16, 0.21793756616115573], [0.0, 0.0, 0.0, 1.0]], [[0.5175749659538269, 0.6813459396362305, -0.5175749659538269, -0.10106540286540985], [-0.48178431391716003, 0.7319615483283997, 0.48178431391716003, 0.0965886761546135], [0.7071067690849304, 0.0, 0.7071067690849304, -0.15345696437358858], [0.0, 0.0, 0.0, 1.0]], [[0.22407418489456177, -0.9745720624923706, -9.19094870812001e-17, -0.04221678984165192], [0.9745720624923706, 0.22407418489456177, 1.4679184208057471e-16, -0.18581955218315124], [-1.2246467202362698e-16, -1.2246467202362698e-16, 0.9999999403953552, 0.016730239868164083], [0.0, 0.0, 0.0, 1.0]], [[0.1584443747997284, 0.9745720624923706, -0.1584443747997284, -0.02977860635519028], [0.6891264915466309, -0.22407418489456177, -0.6891264915466309, -0.13070590591430664], [-0.7071067094802856, 0.0, -0.7071067094802856, 0.16208843159675598], [0.0, 0.0, 0.0, 1.0]], [[-0.8475692868232727, 0.530684769153595, -3.880715858559059e-17, 0.15778151810169222], [-0.530684769153595, -0.8475692868232727, -1.6878744807108658e-16, 0.09981375229358674], [-1.2246468525851679e-16, -1.2246468525851679e-16, 1.0, 0.03714849853515627], [0.0, 0.0, 0.0, 1.0]], [[-0.3752443790435791, 0.8475749492645264, 0.3752443790435791, 0.07354913663864136], [0.599325954914093, 0.5306757092475891, -0.599325954914093, -0.11938499653339386], [-0.7071067094802856, 8.659559941682064e-17, -0.7071067094802856, 0.15127325558662416], [0.0, 0.0, 0.0, 1.0]], [[0.8475692868232727, -0.530684769153595, 0.0, -0.16034682857990268], [0.530684769153595, 0.8475692868232727, 0.0, -0.10063552963733674], [0.0, 0.0, 1.0, -0.010077646255493164], [0.0, 0.0, 0.0, 1.0]], [[-1.8819818743926413e-16, 0.530684769153595, 0.8475692868232727, -0.00039641135931011817], [-1.1783568990644144e-16, -0.8475692868232727, 0.530684769153595, -0.000139061763882617], [1.0, -2.7192622655495665e-32, 2.220446049250313e-16, -0.21292551040649416], [0.0, 0.0, 0.0, 1.0]], [[1.6252811281889371e-16, -0.6813459396362305, -0.7319615483283997, -0.0012359608411789216], [-1.5128918998380102e-16, -0.7319615483283997, 0.6813459396362305, 0.0026695556640625256], [-1.0, 2.7192622655495665e-32, -2.220446049250313e-16, 0.21165717697143555], [0.0, 0.0, 0.0, 1.0]], [[0.7319615483283997, -0.6813459396362305, -8.34408185873271e-17, -0.13822563469409943], [-0.6813459396362305, -0.7319615483283997, -8.963943878255857e-17, 0.12879838752746584], [0.0, 1.2246468525851679e-16, -1.0, -0.04288823318481445], [0.0, 0.0, 0.0, 1.0]], [[0.6813464760780334, -0.7319610714912415, -6.198494463778364e-18, -0.12747667753696443], [0.7319610714912415, 0.6813464760780334, 1.7308026398733057e-16, -0.1377929688692093], [-1.2246467202362698e-16, -1.2246467202362698e-16, 0.9999999403953552, -0.041263683319091776], [0.0, 0.0, 0.0, 1.0]], [[1.5128930909780923e-16, 0.7319610714912415, 0.6813464760780334, 0.0030015797615051015], [1.625280069397753e-16, -0.6813464760780334, 0.7319610714912415, 0.0019197916984557831], [0.9999999403953552, 0.0, -2.220445916901415e-16, -0.21078220117092134], [0.0, 0.0, 0.0, 1.0]], [[0.6813464760780334, 0.7319610714912415, -8.34408847617761e-17, -0.12903543436527254], [0.7319610714912415, -0.6813464760780334, -8.963937922555447e-17, -0.13867735970020295], [-1.2246467202362698e-16, 0.0, -0.9999999403953552, -0.012398446083068827], [0.0, 0.0, 0.0, 1.0]], [[-0.3752443790435791, -0.8475749492645264, 0.3752443790435791, 0.0716997685432434], [0.599325954914093, -0.5306757092475891, -0.599325954914093, -0.11335503590106964], [0.7071067094802856, 0.0, 0.7071067094802856, -0.17137570500373842], [0.0, 0.0, 0.0, 1.0]], [[-0.03579118475317955, -0.9993593096733093, 0.0, 0.006732007645070553], [0.9993593096733093, -0.03579118475317955, 0.0, -0.18782358729839327], [0.0, 0.0, 1.0, 0.030555999755859375], [0.0, 0.0, 0.0, 1.0]], [[-1.6252811281889371e-16, 0.6813459396362305, -0.7319615483283997, -0.0027261593341827116], [1.5128918998380102e-16, 0.7319615483283997, 0.6813459396362305, 0.005049656391143773], [1.0, 0.0, -2.220446049250313e-16, -0.2091066780090332], [0.0, 0.0, 0.0, 1.0]], [[0.6813464760780334, -0.7319610714912415, -6.198494463778364e-18, -0.12865504896640778], [0.7319610714912415, 0.6813464760780334, 1.7308026398733057e-16, -0.13796042835712435], [-1.2246467202362698e-16, -1.2246467202362698e-16, 0.9999999403953552, 0.03746276855468752], [0.0, 0.0, 0.0, 1.0]], [[-0.6813464760780334, -0.7319610714912415, -8.963937922555447e-17, 0.1325452324151993], [-0.7319610714912415, 0.6813464760780334, 8.34408847617761e-17, 0.14104738247394563], [0.0, 1.2246467202362698e-16, -0.9999999403953552, -0.0026077048778533935], [0.0, 0.0, 0.0, 1.0]], [[0.3752443790435791, -0.8475749492645264, -0.3752443790435791, -0.06985131740570069], [-0.599325954914093, -0.5306757092475891, 0.599325954914093, 0.1109920951128006], [-0.7071067094802856, 0.0, -0.7071067094802856, 0.16228785252571107], [0.0, 0.0, 0.0, 1.0]], [[1.5128930909780923e-16, 0.7319610714912415, 0.6813464760780334, 0.00015589128434655478], [1.625280069397753e-16, -0.6813464760780334, 0.7319610714912415, -0.00010329775512221238], [0.9999999403953552, 0.0, -2.220445916901415e-16, -0.22532897698879245], [0.0, 0.0, 0.0, 1.0]], [[0.025308189913630486, -0.9993593096733093, -0.025308189913630486, -0.004876873534172773], [-0.7066537141799927, -0.03579118475317955, 0.7066537141799927, 0.13631888699531555], [-0.7071067690849304, 0.0, -0.7071067690849304, 0.16490628612041475], [0.0, 0.0, 0.0, 1.0]], [[-0.9560422897338867, -0.29322877526283264, -3.5910170248360426e-17, 0.18352554321289063], [-0.29322877526283264, 0.9560422897338867, 1.1708142030180128e-16, 0.056049236357212075], [0.0, 1.2246468525851679e-16, -1.0, -0.016557973861694338], [0.0, 0.0, 0.0, 1.0]], [[-2.122840325155832e-16, 0.29322877526283264, -0.9560422897338867, 0.005749282836914099], [-6.510986755588647e-17, -0.9560422897338867, -0.29322877526283264, 0.00047443848848344004], [-1.0, 0.0, 2.220446049250313e-16, 0.19787600326538088], [0.0, 0.0, 0.0, 1.0]], [[-2.122840325155832e-16, 0.29322877526283264, -0.9560422897338867, 0.006012812614440955], [-6.510986755588647e-17, -0.9560422897338867, -0.29322877526283264, 0.000483844667673122], [-1.0, 0.0, 2.220446049250313e-16, 0.22760914611816407], [0.0, 0.0, 0.0, 1.0]], [[0.6813464760780334, 0.7319610714912415, -8.34408847617761e-17, -0.12615496695041659], [0.7319610714912415, -0.6813464760780334, -8.963937922555447e-17, -0.13696542179584503], [-1.2246467202362698e-16, 0.0, -0.9999999403953552, 0.00962577247619631], [0.0, 0.0, 0.0, 1.0]], [[1.5128930909780923e-16, -0.7319610714912415, -0.6813464760780334, -0.00023894529044630715], [1.625280069397753e-16, 0.6813464760780334, -0.7319610714912415, -0.0008474702835083285], [0.9999999403953552, -2.719261971675979e-32, 2.220445916901415e-16, -0.19485197389125825], [0.0, 0.0, 0.0, 1.0]], [[1.8819818743926413e-16, -0.530684769153595, 0.8475692868232727, 0.0014876781702041306], [1.1783568990644144e-16, 0.8475692868232727, 0.530684769153595, 0.00043882727622983835], [-1.0, 0.0, 2.220446049250313e-16, 0.19366415596008302], [0.0, 0.0, 0.0, 1.0]], [[0.1584443747997284, -0.9745720624923706, -0.1584443747997284, -0.029598492085933688], [0.6891264915466309, 0.22407418489456177, -0.6891264915466309, -0.13573501873016358], [0.7071067094802856, -8.659559941682064e-17, 0.7071067094802856, -0.17891488194465638], [0.0, 0.0, 0.0, 1.0]], [[-0.8475692868232727, -0.530684769153595, 1.0379730332833858e-16, 0.1581081191301346], [-0.530684769153595, 0.8475692868232727, 6.499014474274799e-17, 0.09991392719745637], [-1.2246468525851679e-16, 0.0, -1.0, 0.02224166488647463], [0.0, 0.0, 0.0, 1.0]], [[1.5128930909780923e-16, -0.7319610714912415, -0.6813464760780334, 0.001979153394699071], [1.625280069397753e-16, 0.6813464760780334, -0.7319610714912415, 0.0012796344757079804], [0.9999999403953552, -2.719261971675979e-32, 2.220445916901415e-16, -0.2312636731863022], [0.0, 0.0, 0.0, 1.0]], [[-0.5306757092475891, -0.8475749492645264, 0.0, 0.10297188770771028], [0.8475749492645264, -0.5306757092475891, 0.0, -0.16619627141952514], [0.0, 0.0, 0.9999999403953552, -0.012639851570129396], [0.0, 0.0, 0.0, 1.0]], [[-0.9560422897338867, 0.29322877526283264, 0.0, 0.18508313369750978], [-0.29322877526283264, -0.9560422897338867, 0.0, 0.05610502058267594], [0.0, 0.0, 1.0, -0.043966445922851566], [0.0, 0.0, 0.0, 1.0]], [[2.1639827006374434e-16, 0.2240782380104065, -0.974571168422699, -0.0019250601530075443], [-4.9755363831317843e-17, 0.974571168422699, 0.2240782380104065, 0.00019956372678280724], [1.0, -2.7192622655495665e-32, 2.220446049250313e-16, -0.22519253158569336], [0.0, 0.0, 0.0, 1.0]], [[-0.8475692868232727, -0.530684769153595, 1.0379730332833858e-16, 0.15929553329944612], [-0.530684769153595, 0.8475692868232727, 6.499014474274799e-17, 0.10027812969684602], [-1.2246468525851679e-16, 0.0, -1.0, -0.030758918762207012], [0.0, 0.0, 0.0, 1.0]], [[0.9560422897338867, 0.29322877526283264, -1.1708142030180128e-16, -0.17596928501129153], [0.29322877526283264, -0.9560422897338867, -3.5910170248360426e-17, -0.05524155670404435], [-1.2246468525851679e-16, 0.0, -1.0, 0.0008033060431480616], [0.0, 0.0, 0.0, 1.0]], [[0.9560422897338867, 0.29322877526283264, -1.1708142030180128e-16, -0.1778781318664551], [0.29322877526283264, -0.9560422897338867, -3.5910170248360426e-17, -0.05530992370843888], [-1.2246468525851679e-16, 0.0, -1.0, 0.02022632408142092], [0.0, 0.0, 0.0, 1.0]], [[1.8819818743926413e-16, 0.530684769153595, -0.8475692868232727, -0.0029300448894501053], [1.1783568990644144e-16, -0.8475692868232727, -0.530684769153595, -0.0009161786437034807], [-1.0, 2.7192622655495665e-32, -2.220446049250313e-16, 0.2122416648864746], [0.0, 0.0, 0.0, 1.0]], [[-0.5993219614028931, 0.530684769153595, -0.5993219614028931, 0.10878515839576722], [-0.37525078654289246, -0.8475692868232727, -0.37525078654289246, 0.06972019118070603], [-0.7071067690849304, -8.659560603426554e-17, 0.7071067690849304, 0.18219506251811982], [0.0, 0.0, 0.0, 1.0]], [[0.5306757092475891, -0.8475749492645264, -6.498903301200472e-17, -0.0994267693758011], [-0.8475749492645264, -0.5306757092475891, 1.0379799816005313e-16, 0.15830122900009155], [-1.2246467202362698e-16, 0.0, -0.9999999403953552, 0.0002983665168285578], [0.0, 0.0, 0.0, 1.0]], [[0.03579118475317955, 0.9993593096733093, 1.2676938610580194e-16, -0.007065059982240201], [-0.9993593096733093, 0.03579118475317955, -1.1800307155775277e-16, 0.1925733679533005], [-1.2246468525851679e-16, -1.2246468525851679e-16, 1.0, -0.015496641159057597], [0.0, 0.0, 0.0, 1.0]], [[0.7319615483283997, -0.6813459396362305, -8.34408185873271e-17, -0.1400534955263138], [-0.6813459396362305, -0.7319615483283997, -8.963943878255857e-17, 0.13171775722503665], [0.0, 1.2246468525851679e-16, -1.0, -0.009895602226257325], [0.0, 0.0, 0.0, 1.0]], [[-0.4817847013473511, 0.7319610714912415, 0.4817847013473511, 0.09163409972190857], [-0.5175746083259583, -0.6813464760780334, 0.5175746083259583, 0.09843910229206086], [0.7071067094802856, 0.0, 0.7071067094802856, -0.16163132786750795], [0.0, 0.0, 0.0, 1.0]], [[-0.6760239601135254, -0.29322877526283264, 0.6760239601135254, 0.13445736598968508], [-0.20734405517578125, 0.9560422897338867, 0.20734405517578125, 0.039879215240478515], [-0.7071067690849304, 8.659560603426554e-17, -0.7071067690849304, 0.17195943248271944], [0.0, 0.0, 0.0, 1.0]], [[0.6813464760780334, -0.7319610714912415, -6.198494463778364e-18, -0.12903543436527254], [0.7319610714912415, 0.6813464760780334, 1.7308026398733057e-16, -0.13867735970020295], [-1.2246467202362698e-16, -1.2246467202362698e-16, 0.9999999403953552, -0.012398446083068827], [0.0, 0.0, 0.0, 1.0]], [[-0.8475692868232727, 0.530684769153595, -3.880715858559059e-17, 0.16193338787555697], [-0.530684769153595, -0.8475692868232727, -1.6878744807108658e-16, 0.10108722031116486], [-1.2246468525851679e-16, -1.2246468525851679e-16, 1.0, 0.04446160507202151], [0.0, 0.0, 0.0, 1.0]], [[-0.6813464760780334, 0.7319610714912415, 0.0, 0.13100966227054597], [-0.7319610714912415, -0.6813464760780334, 0.0, 0.14008593285083773], [0.0, 0.0, 0.9999999403953552, 0.03185247230529785], [0.0, 0.0, 0.0, 1.0]], [[-0.6813464760780334, -0.7319610714912415, -8.963937922555447e-17, 0.13434279596805573], [-0.7319610714912415, 0.6813464760780334, 8.34408847617761e-17, 0.14217287266254428], [0.0, 1.2246467202362698e-16, -0.9999999403953552, -0.03464617156982422], [0.0, 0.0, 0.0, 1.0]], [[-0.6760239601135254, 0.29322877526283264, -0.6760239601135254, 0.1306809024810791], [-0.20734405517578125, -0.9560422897338867, -0.20734405517578125, 0.03974398946762085], [-0.7071067690849304, 0.0, 0.7071067690849304, 0.16360033595561982], [0.0, 0.0, 0.0, 1.0]], [[1.178336782031917e-16, 0.8475749492645264, -0.5306757092475891, 0.0022071762084960736], [-1.8819944475379521e-16, 0.5306757092475891, 0.8475749492645264, -0.005364647865295378], [0.9999999403953552, -2.719261971675979e-32, 2.220445916901415e-16, -0.21145619714260103], [0.0, 0.0, 0.0, 1.0]], [[-0.8475692868232727, 0.530684769153595, -3.880715858559059e-17, 0.1581081191301346], [-0.530684769153595, -0.8475692868232727, -1.6878744807108658e-16, 0.09991392719745637], [-1.2246468525851679e-16, -1.2246468525851679e-16, 1.0, 0.02224166488647463], [0.0, 0.0, 0.0, 1.0]], [[-0.7319615483283997, -0.6813459396362305, -1.7308025075244077e-16, 0.13723684704303743], [0.6813459396362305, -0.7319615483283997, -6.198620195231472e-18, -0.12582805824279786], [-1.2246468525851679e-16, -1.2246468525851679e-16, 1.0, -0.02645408058166502], [0.0, 0.0, 0.0, 1.0]], [[-7.947239478318557e-18, -0.9993593096733093, -0.03579118475317955, 0.0006507792472839369], [2.21902343094562e-16, -0.03579118475317955, 0.9993593096733093, -0.00028992983698848684], [-1.0, 0.0, 2.220446049250313e-16, 0.23586599731445312], [0.0, 0.0, 0.0, 1.0]], [[0.7319615483283997, -0.6813459396362305, -8.34408185873271e-17, -0.1392902899980545], [-0.6813459396362305, -0.7319615483283997, -8.963943878255857e-17, 0.13049880409240724], [0.0, 1.2246468525851679e-16, -1.0, 0.043675136566162114], [0.0, 0.0, 0.0, 1.0]], [[0.974571168422699, -0.2240782380104065, -1.1935055539304655e-16, -0.19011083734035494], [-0.2240782380104065, -0.974571168422699, 2.744167049933239e-17, 0.04266636478900909], [-1.2246468525851679e-16, 0.0, -1.0, 0.0106758613586426], [0.0, 0.0, 0.0, 1.0]], [[0.22407418489456177, -0.9745720624923706, -9.19094870812001e-17, -0.0408278523683548], [0.9745720624923706, 0.22407418489456177, 1.4679184208057471e-16, -0.18227453684806824], [-1.2246467202362698e-16, -1.2246467202362698e-16, 0.9999999403953552, -0.041375442504882794], [0.0, 0.0, 0.0, 1.0]], [[0.03579118475317955, 0.9993593096733093, 1.2676938610580194e-16, -0.005994847916066647], [-0.9993593096733093, 0.03579118475317955, -1.1800307155775277e-16, 0.18908393847942354], [-1.2246468525851679e-16, -1.2246468525851679e-16, 1.0, -0.004274720668792704], [0.0, 0.0, 0.0, 1.0]], [[0.025308189913630486, -0.9993593096733093, -0.025308189913630486, -0.004157776858657598], [-0.7066537141799927, -0.03579118475317955, 0.7066537141799927, 0.13397427582740784], [-0.7071067690849304, 0.0, -0.7071067690849304, 0.1802162798643112], [0.0, 0.0, 0.0, 1.0]], [[-0.7319615483283997, 0.6813459396362305, 8.963943878255857e-17, 0.13760751450061798], [0.6813459396362305, 0.7319615483283997, -8.34408185873271e-17, -0.12642007637023928], [-1.2246468525851679e-16, 0.0, -1.0, -0.000918301582336405], [0.0, 0.0, 0.0, 1.0]], [[-0.5993219614028931, -0.530684769153595, -0.5993219614028931, 0.11198139691352846], [-0.37525078654289246, 0.8475692868232727, -0.37525078654289246, 0.07070054119825364], [0.7071067690849304, 0.0, -0.7071067690849304, -0.17772265422344208], [0.0, 0.0, 0.0, 1.0]], [[0.1584443747997284, -0.9745720624923706, 0.1584443747997284, -0.0299863538146019], [0.6891264915466309, 0.22407418489456177, 0.6891264915466309, -0.13110856914520264], [-0.7071067094802856, -8.659559941682064e-17, 0.7071067094802856, 0.15972822499275208], [0.0, 0.0, 0.0, 1.0]], [[0.5175749659538269, -0.6813459396362305, 0.5175749659538269, -0.10006641376018525], [-0.48178431391716003, -0.7319615483283997, -0.48178431391716003, 0.09499311035871506], [0.7071067690849304, 8.659560603426554e-17, -0.7071067690849304, -0.1696580332517624], [0.0, 0.0, 0.0, 1.0]], [[0.025308189913630486, 0.9993593096733093, -0.025308189913630486, -0.0050732909254729746], [-0.7066537141799927, 0.03579118475317955, 0.7066537141799927, 0.1369593040943146], [0.7071067690849304, -8.659560603426554e-17, 0.7071067690849304, -0.14984692752361298], [0.0, 0.0, 0.0, 1.0]], [[-0.974571168422699, -0.2240782380104065, 0.0, 0.18099214875698091], [0.2240782380104065, -0.974571168422699, 0.0, -0.042455927968025206], [0.0, 0.0, 1.0, 0.03207390213012695], [0.0, 0.0, 0.0, 1.0]], [[-1.6252811281889371e-16, 0