{"co_parameters": [[[7.947239478318557e-18, -0.9993593096733093, 0.03579118475317955, 0.0006470472812652575], [-2.21902343094562e-16, -0.03579118475317955, -0.9993593096733093, -0.00027776867151256605], [1.0, 0.0, -2.220446049250313e-16, -0.21598772430419924], [0.0, 0.0, 0.0, 1.0]], [[0.6813464760780334, -0.7319610714912415, -6.198494463778364e-18, -0.12969477617740632], [0.7319610714912415, 0.6813464760780334, 1.7308026398733057e-16, -0.13992007362842562], [-1.2246467202362698e-16, -1.2246467202362698e-16, 0.9999999403953552, -0.004851984977722147], [0.0, 0.0, 0.0, 1.0]], [[-2.1639827006374434e-16, 0.2240782380104065, 0.974571168422699, -0.005264148712158166], [4.9755363831317843e-17, 0.974571168422699, -0.2240782380104065, 8.000695705412973e-05], [-1.0, 2.7192622655495665e-32, -2.220446049250313e-16, 0.2147932586669922], [0.0, 0.0, 0.0, 1.0]], [[0.025308189913630486, 0.9993593096733093, -0.025308189913630486, -0.004784680288285017], [-0.7066537141799927, 0.03579118475317955, 0.7066537141799927, 0.13601831173896792], [0.7071067690849304, -8.659560603426554e-17, 0.7071067690849304, -0.17137571513652802], [0.0, 0.0, 0.0, 1.0]], [[-0.5175749659538269, -0.6813459396362305, -0.5175749659538269, 0.09686992061138154], [0.48178431391716003, -0.7319615483283997, 0.48178431391716003, -0.08849675053358078], [-0.7071067690849304, -8.659560603426554e-17, 0.7071067690849304, 0.17105866420269014], [0.0, 0.0, 0.0, 1.0]], [[-1.8819818743926413e-16, 0.530684769153595, 0.8475692868232727, -0.0017426315546035446], [-1.1783568990644144e-16, -0.8475692868232727, 0.530684769153595, -0.0005519760847091474], [1.0, -2.7192622655495665e-32, 2.220446049250313e-16, -0.22075891876220705], [0.0, 0.0, 0.0, 1.0]], [[4.9754463858811386e-17, -0.9745720624923706, -0.22407418489456177, 0.00046388989686965096], [2.1639846858709135e-16, 0.22407418489456177, -0.9745720624923706, -0.0036269452571869266], [0.9999999403953552, -2.719261971675979e-32, 2.220445916901415e-16, -0.22597485101222994], [0.0, 0.0, 0.0, 1.0]], [[-0.22407418489456177, -0.9745720624923706, -1.1935066127216496e-16, 0.044274530053138736], [-0.9745720624923706, 0.22407418489456177, 2.7441174190964858e-17, 0.18797652316093444], [0.0, 1.2246467202362698e-16, -0.9999999403953552, -0.0278400821685791], [0.0, 0.0, 0.0, 1.0]], [[-0.22407418489456177, 0.9745720624923706, 0.0, 0.04301241505146027], [-0.9745720624923706, -0.22407418489456177, 0.0, 0.18225579142570497], [0.0, 0.0, 0.9999999403953552, -0.01126439094543457], [0.0, 0.0, 0.0, 1.0]], [[-0.5306757092475891, -0.8475749492645264, 0.0, 0.10223000061511994], [0.8475749492645264, -0.5306757092475891, 0.0, -0.16377725172042848], [0.0, 0.0, 0.9999999403953552, 0.000298366516828537], [0.0, 0.0, 0.0, 1.0]], [[-0.9560422897338867, 0.29322877526283264, 0.0, 0.18388438415527344], [-0.29322877526283264, -0.9560422897338867, 0.0, 0.056062086164951334], [0.0, 0.0, 1.0, 0.029250049591064455], [0.0, 0.0, 0.0, 1.0]], [[0.6760239601135254, 0.29322877526283264, -0.6760239601135254, -0.1260877561569214], [0.20734405517578125, -0.9560422897338867, -0.20734405517578125, -0.039042439222335815], [-0.7071067690849304, 0.0, -0.7071067690849304, 0.18032368266582488], [0.0, 0.0, 0.0, 1.0]], [[4.9754463858811386e-17, 0.9745720624923706, 0.22407418489456177, 0.00043831980228423227], [2.1639846858709135e-16, -0.22407418489456177, 0.9745720624923706, -0.002912900924682654], [0.9999999403953552, 0.0, -2.220445916901415e-16, -0.20126437890529636], [0.0, 0.0, 0.0, 1.0]], [[0.1584443747997284, -0.9745720624923706, 0.1584443747997284, -0.02980510872602463], [0.6891264915466309, 0.22407418489456177, 0.6891264915466309, -0.12996589374542236], [-0.7071067094802856, -8.659559941682064e-17, 0.7071067094802856, 0.17454180455207827], [0.0, 0.0, 0.0, 1.0]], [[0.1584443747997284, -0.9745720624923706, 0.1584443747997284, -0.028697122991085056], [0.6891264915466309, 0.22407418489456177, 0.6891264915466309, -0.12867867851257325], [-0.7071067094802856, -8.659559941682064e-17, 0.7071067094802856, 0.17181304478645326], [0.0, 0.0, 0.0, 1.0]], [[-0.9560422897338867, 0.29322877526283264, 0.0, 0.18352554321289063], [-0.29322877526283264, -0.9560422897338867, 0.0, 0.056049236357212075], [0.0, 0.0, 1.0, -0.016557973861694338], [0.0, 0.0, 0.0, 1.0]], [[-0.974571168422699, 0.2240782380104065, 2.744167049933239e-17, 0.18022620713710785], [0.2240782380104065, 0.974571168422699, 1.1935055539304655e-16, -0.04248336565494538], [0.0, 1.2246468525851679e-16, -1.0, 0.01067586135864258], [0.0, 0.0, 0.0, 1.0]], [[1.5128930909780923e-16, -0.7319610714912415, -0.6813464760780334, 0.000583840370178197], [1.625280069397753e-16, 0.6813464760780334, -0.7319610714912415, 0.00040599533915516953], [0.9999999403953552, -2.719261971675979e-32, 2.220445916901415e-16, -0.20067583787441257], [0.0, 0.0, 0.0, 1.0]], [[0.5993219614028931, -0.530684769153595, 0.5993219614028931, -0.11680121731758118], [0.37525078654289246, 0.8475692868232727, 0.37525078654289246, -0.07221382778882982], [-0.7071067690849304, 0.0, 0.7071067690849304, 0.15659195125102998], [0.0, 0.0, 0.0, 1.0]], [[0.5993219614028931, -0.530684769153595, 0.5993219614028931, -0.11712781929969789], [0.37525078654289246, 0.8475692868232727, 0.37525078654289246, -0.07231400269269944], [-0.7071067690849304, 0.0, 0.7071067690849304, 0.17149878489971163], [0.0, 0.0, 0.0, 1.0]], [[-0.8475692868232727, 0.530684769153595, -3.880715858559059e-17, 0.1625258427858353], [-0.530684769153595, -0.8475692868232727, -1.6878744807108658e-16, 0.10126893341541292], [-1.2246468525851679e-16, -1.2246468525851679e-16, 1.0, 0.003664156436920187], [0.0, 0.0, 0.0, 1.0]], [[0.8475692868232727, -0.530684769153595, 0.0, -0.16292794048786163], [0.530684769153595, 0.8475692868232727, 0.0, -0.10142721378803254], [0.0, 0.0, 1.0, -0.04337236785888672], [0.0, 0.0, 0.0, 1.0]], [[-1.8819818743926413e-16, -0.530684769153595, -0.8475692868232727, -0.0017426315546035446], [-1.1783568990644144e-16, 0.8475692868232727, -0.530684769153595, -0.0005519760847091474], [1.0, 0.0, -2.220446049250313e-16, -0.22075891876220705], [0.0, 0.0, 0.0, 1.0]], [[-0.5993219614028931, 0.530684769153595, 0.5993219614028931, 0.11347476124763489], [-0.37525078654289246, -0.8475692868232727, 0.37525078654289246, 0.07115858763456345], [0.7071067690849304, -8.659560603426554e-17, 0.7071067690849304, -0.15727579295635224], [0.0, 0.0, 0.0, 1.0]], [[0.1584443747997284, -0.9745720624923706, 0.1584443747997284, -0.02977860635519028], [0.6891264915466309, 0.22407418489456177, 0.6891264915466309, -0.13070590591430664], [-0.7071067094802856, -8.659559941682064e-17, 0.7071067094802856, 0.16208843159675598], [0.0, 0.0, 0.0, 1.0]], [[-0.8475692868232727, -0.530684769153595, 1.0379730332833858e-16, 0.1625258427858353], [-0.530684769153595, 0.8475692868232727, 6.499014474274799e-17, 0.10126893341541292], [-1.2246468525851679e-16, 0.0, -1.0, 0.003664156436920187], [0.0, 0.0, 0.0, 1.0]], [[-0.03579118475317955, 0.9993593096733093, 1.2238622883177736e-16, 0.006169638372957707], [0.9993593096733093, 0.03579118475317955, 4.38315603325367e-18, -0.18598996913433075], [0.0, 1.2246468525851679e-16, -1.0, 0.002337080240249634], [0.0, 0.0, 0.0, 1.0]], [[-0.8475692868232727, -0.530684769153595, 1.0379730332833858e-16, 0.1606417523622513], [-0.530684769153595, 0.8475692868232727, 6.499014474274799e-17, 0.10069104397296907], [-1.2246468525851679e-16, 0.0, -1.0, -0.022925508499145486], [0.0, 0.0, 0.0, 1.0]], [[0.9560422897338867, -0.29322877526283264, 8.117124674471841e-17, -0.17977052688598635], [0.29322877526283264, 0.9560422897338867, 1.5299159385888416e-16, -0.055377698481082926], [-1.2246468525851679e-16, -1.2246468525851679e-16, 1.0, -0.016557973861694317], [0.0, 0.0, 0.0, 1.0]], [[-2.122840325155832e-16, 0.29322877526283264, -0.9560422897338867, 0.002356796503067053], [-6.510986755588647e-17, -0.9560422897338867, -0.29322877526283264, 0.0003529312908649555], [-1.0, 0.0, 2.220446049250313e-16, 0.23597339630126954], [0.0, 0.0, 0.0, 1.0]], [[-0.6760239601135254, -0.29322877526283264, -0.6760239601135254, 0.13027666664123536], [-0.20734405517578125, 0.9560422897338867, -0.20734405517578125, 0.039729512214660645], [0.7071067690849304, 8.659560603426554e-17, -0.7071067690849304, -0.15924009883403778], [0.0, 0.0, 0.0, 1.0]], [[0.5306757092475891, -0.8475749492645264, -6.498903301200472e-17, -0.09862120831012726], [-0.8475749492645264, -0.5306757092475891, 1.0379799816005313e-16, 0.1556745924949646], [-1.2246467202362698e-16, 0.0, -0.9999999403953552, -0.021456207275390604], [0.0, 0.0, 0.0, 1.0]], [[0.6891258955001831, 0.2240782380104065, 0.6891258955001831, -0.13002508807182311], [-0.1584472358226776, 0.974571168422699, -0.1584472358226776, 0.030406046092510224], [-0.7071067690849304, -8.659560603426554e-17, 0.7071067690849304, 0.1747830446958542], [0.0, 0.0, 0.0, 1.0]], [[1.5128930909780923e-16, 0.7319610714912415, 0.6813464760780334, 0.0030015797615051015], [1.625280069397753e-16, -0.6813464760780334, 0.7319610714912415, 0.0019197916984557831], [0.9999999403953552, 0.0, -2.220445916901415e-16, -0.21078220117092134], [0.0, 0.0, 0.0, 1.0]], [[-2.122840325155832e-16, 0.29322877526283264, -0.9560422897338867, 0.006012812614440955], [-6.510986755588647e-17, -0.9560422897338867, -0.29322877526283264, 0.000483844667673122], [-1.0, 0.0, 2.220446049250313e-16, 0.22760914611816407], [0.0, 0.0, 0.0, 1.0]], [[2.1639827006374434e-16, 0.2240782380104065, -0.974571168422699, 0.0005388458967208495], [-4.9755363831317843e-17, 0.974571168422699, 0.2240782380104065, 0.0002878194451332177], [1.0, -2.7192622655495665e-32, 2.220446049250313e-16, -0.21488981246948244], [0.0, 0.0, 0.0, 1.0]], [[-4.9754463858811386e-17, -0.9745720624923706, 0.22407418489456177, -0.00011697716265915978], [-2.1639846858709135e-16, 0.22407418489456177, 0.9745720624923706, -0.0006175670027732482], [-0.9999999403953552, 2.719261971675979e-32, -2.220445916901415e-16, 0.20790397393703464], [0.0, 0.0, 0.0, 1.0]], [[-2.1639827006374434e-16, 0.2240782380104065, 0.974571168422699, -0.005324973106384241], [4.9755363831317843e-17, 0.974571168422699, -0.2240782380104065, 7.782974839209664e-05], [-1.0, 2.7192622655495665e-32, -2.220446049250313e-16, 0.2345727767944336], [0.0, 0.0, 0.0, 1.0]], [[-0.6813464760780334, 0.7319610714912415, 0.0, 0.1295508371591568], [-0.7319610714912415, -0.6813464760780334, 0.0, 0.13917253029346469], [0.0, 0.0, 0.9999999403953552, -0.027281053543090822], [0.0, 0.0, 0.0, 1.0]], [[-0.7319615483283997, -0.6813459396362305, -1.7308025075244077e-16, 0.13809189236164093], [0.6813459396362305, -0.7319615483283997, -6.198620195231472e-18, -0.12719369983673096], [-1.2246468525851679e-16, -1.2246468525851679e-16, 1.0, -0.009895602226257304], [0.0, 0.0, 0.0, 1.0]], [[-0.5175749659538269, 0.6813459396362305, -0.5175749659538269, 0.09918630301952364], [0.48178431391716003, 0.7319615483283997, 0.48178431391716003, -0.09219636029005052], [0.7071067690849304, 0.0, -0.7071067690849304, -0.1772385195493698], [0.0, 0.0, 0.0, 1.0]], [[-1.178336782031917e-16, -0.8475749492645264, -0.5306757092475891, 0.0022527048587799273], [1.8819944475379521e-16, -0.5306757092475891, 0.8475749492645264, -0.0055130643844604815], [-0.9999999403953552, 0.0, 2.220445916901415e-16, 0.20692297112941743], [0.0, 0.0, 0.0, 1.0]], [[-0.6891258955001831, -0.2240782380104065, -0.6891258955001831, 0.12675754714012147], [0.1584472358226776, -0.974571168422699, 0.1584472358226776, -0.02998603743314743], [-0.7071067690849304, 0.0, 0.7071067690849304, 0.16642418849468232], [0.0, 0.0, 0.0, 1.0]], [[-1.6252811281889371e-16, -0.6813459396362305, 0.7319615483283997, -0.0027261593341827116], [1.5128918998380102e-16, -0.7319615483283997, -0.6813459396362305, 0.005049656391143773], [1.0, -2.7192622655495665e-32, 2.220446049250313e-16, -0.2091066780090332], [0.0, 0.0, 0.0, 1.0]], [[-0.5175749659538269, 0.6813459396362305, 0.5175749659538269, 0.09686992061138154], [0.48178431391716003, 0.7319615483283997, -0.48178431391716003, -0.08849675053358078], [-0.7071067690849304, 0.0, -0.7071067690849304, 0.17105866420269014], [0.0, 0.0, 0.0, 1.0]], [[-1.178336782031917e-16, 0.8475749492645264, 0.5306757092475891, 0.0014451147317886552], [1.8819944475379521e-16, 0.5306757092475891, -0.8475749492645264, -0.002879836320877107], [-0.9999999403953552, 2.719261971675979e-32, -2.220445916901415e-16, 0.21793756616115573], [0.0, 0.0, 0.0, 1.0]], [[-0.22407418489456177, 0.9745720624923706, 0.0, 0.04277387821674347], [-0.9745720624923706, -0.22407418489456177, 0.0, 0.18514815020561218], [0.0, 0.0, 0.9999999403953552, 0.0077992711067199705], [0.0, 0.0, 0.0, 1.0]], [[-0.22407418489456177, 0.9745720624923706, 0.0, 0.04293140041828156], [-0.9745720624923706, -0.22407418489456177, 0.0, 0.18451783061027527], [0.0, 0.0, 0.9999999403953552, 0.016730239868164062], [0.0, 0.0, 0.0, 1.0]], [[-1.178336782031917e-16, -0.8475749492645264, -0.5306757092475891, 0.0014451147317886552], [1.8819944475379521e-16, -0.5306757092475891, 0.8475749492645264, -0.002879836320877107], [-0.9999999403953552, 0.0, 2.220445916901415e-16, 0.21793756616115573], [0.0, 0.0, 0.0, 1.0]], [[0.3752443790435791, 0.8475749492645264, 0.3752443790435791, -0.06985131740570069], [-0.599325954914093, 0.5306757092475891, -0.599325954914093, 0.1109920951128006], [-0.7071067094802856, -8.659559941682064e-17, 0.7071067094802856, 0.16228785252571107], [0.0, 0.0, 0.0, 1.0]], [[-0.5306757092475891, -0.8475749492645264, 0.0, 0.10297188770771028], [0.8475749492645264, -0.5306757092475891, 0.0, -0.16619627141952514], [0.0, 0.0, 0.9999999403953552, -0.012639851570129396], [0.0, 0.0, 0.0, 1.0]], [[-0.6891258955001831, -0.2240782380104065, 0.6891258955001831, 0.12897425150871278], [0.1584472358226776, -0.974571168422699, -0.1584472358226776, -0.029906650722026827], [0.7071067690849304, 0.0, 0.7071067690849304, -0.17740679728984834], [0.0, 0.0, 0.0, 1.0]], [[0.1584443747997284, -0.9745720624923706, 0.1584443747997284, -0.0299863538146019], [0.6891264915466309, 0.22407418489456177, 0.6891264915466309, -0.13110856914520264], [-0.7071067094802856, -8.659559941682064e-17, 0.7071067094802856, 0.15972822499275208], [0.0, 0.0, 0.0, 1.0]], [[-0.9560422897338867, 0.29322877526283264, 0.0, 0.1854179382324219], [-0.29322877526283264, -0.9560422897338867, 0.0, 0.05611701112985612], [0.0, 0.0, 1.0, 0.020226324081420898], [0.0, 0.0, 0.0, 1.0]], [[2.1639827006374434e-16, -0.2240782380104065, 0.974571168422699, -0.0019596682786941896], [-4.9755363831317843e-17, -0.974571168422699, -0.2240782380104065, 0.00019832408428192984], [1.0, 0.0, -2.220446049250313e-16, -0.23305651473999023], [0.0, 0.0, 0.0, 1.0]], [[1.5128930909780923e-16, -0.7319610714912415, -0.6813464760780334, -0.000924630522727992], [1.625280069397753e-16, 0.6813464760780334, -0.7319610714912415, -0.002139812946319608], [0.9999999403953552, -2.719261971675979e-32, 2.220445916901415e-16, -0.23361480844020843], [0.0, 0.0, 0.0, 1.0]], [[-7.947239478318557e-18, -0.9993593096733093, -0.03579118475317955, 0.0006507792472839369], [2.21902343094562e-16, -0.03579118475317955, 0.9993593096733093, -0.00028992983698848684], [-1.0, 0.0, 2.220446049250313e-16, 0.23586599731445312], [0.0, 0.0, 0.0, 1.0]], [[1.8819818743926413e-16, -0.530684769153595, 0.8475692868232727, -0.0029300448894501053], [1.1783568990644144e-16, 0.8475692868232727, 0.530684769153595, -0.0009161786437034807], [-1.0, 0.0, 2.220446049250313e-16, 0.2122416648864746], [0.0, 0.0, 0.0, 1.0]], [[0.03579118475317955, -0.9993593096733093, -4.38315603325367e-18, -0.005994847916066647], [-0.9993593096733093, -0.03579118475317955, 1.2238622883177736e-16, 0.18908393847942354], [-1.2246468525851679e-16, 0.0, -1.0, -0.004274720668792704], [0.0, 0.0, 0.0, 1.0]], [[0.6891258955001831, -0.2240782380104065, 0.6891258955001831, -0.13039507460594177], [-0.1584472358226776, -0.974571168422699, -0.1584472358226776, 0.030392794311046602], [0.7071067690849304, 0.0, -0.7071067690849304, -0.15924009883403778], [0.0, 0.0, 0.0, 1.0]], [[-0.7319615483283997, -0.6813459396362305, -1.7308025075244077e-16, 0.13958805572986605], [0.6813459396362305, -0.7319615483283997, -6.198620195231472e-18, -0.1295832986831665], [-1.2246468525851679e-16, -1.2246468525851679e-16, 1.0, 0.03073383140563967], [0.0, 0.0, 0.0, 1.0]], [[-0.8475692868232727, -0.530684769153595, 1.0379730332833858e-16, 0.15595215046405794], [-0.530684769153595, 0.8475692868232727, 6.499014474274799e-17, 0.09925264751911164], [-1.2246468525851679e-16, 0.0, -1.0, 0.04784477615356447], [0.0, 0.0, 0.0, 1.0]], [[0.22407418489456177, 0.9745720624923706, -2.7441174190964858e-17, -0.042137337327003484], [0.9745720624923706, -0.22407418489456177, -1.1935066127216496e-16, -0.18803802752494814], [-1.2246467202362698e-16, 0.0, -0.9999999403953552, 0.046563560485839865], [0.0, 0.0, 0.0, 1.0]], [[-0.1584443747997284, -0.9745720624923706, 0.1584443747997284, 0.030541188895702367], [-0.6891264915466309, 0.22407418489456177, 0.6891264915466309, 0.128064697265625], [-0.7071067094802856, 8.659559941682064e-17, -0.7071067094802856, 0.1809138367176056], [0.0, 0.0, 0.0, 1.0]], [[-0.6760239601135254, -0.29322877526283264, -0.6760239601135254, 0.13385919094085694], [-0.20734405517578125, 0.9560422897338867, -0.20734405517578125, 0.039857821464538576], [0.7071067690849304, 8.659560603426554e-17, -0.7071067690849304, -0.16869754588603975], [0.0, 0.0, 0.0, 1.0]], [[-0.22407418489456177, 0.9745720624923706, 0.0, 0.04287341749668122], [-0.9745720624923706, -0.22407418489456177, 0.0, 0.18613683199882508], [0.0, 0.0, 0.9999999403953552, 0.04019153213500977], [0.0, 0.0, 0.0, 1.0]], [[-0.5175749659538269, 0.6813459396362305, -0.5175749659538269, 0.09661207282543183], [0.48178431391716003, 0.7319615483283997, 0.48178431391716003, -0.08808492869138718], [0.7071067690849304, 0.0, -0.7071067690849304, -0.1696580332517624], [0.0, 0.0, 0.0, 1.0]], [[-0.7319615483283997, -0.6813459396362305, -1.7308025075244077e-16, 0.1363465348482132], [0.6813459396362305, -0.7319615483283997, -6.198620195231472e-18, -0.12440607166290285], [-1.2246468525851679e-16, -1.2246468525851679e-16, 1.0, -0.019106678009033182], [0.0, 0.0, 0.0, 1.0]], [[0.974571168422699, 0.2240782380104065, 1.4679222589237894e-16, -0.19011083734035494], [-0.2240782380104065, 0.974571168422699, 9.190888489371416e-17, 0.04266636478900909], [-1.2246468525851679e-16, -1.2246468525851679e-16, 1.0, 0.0106758613586426], [0.0, 0.0, 0.0, 1.0]], [[1.6252811281889371e-16, -0.6813459396362305, -0.7319615483283997, 0.000515361309051486], [-1.5128918998380102e-16, -0.7319615483283997, 0.6813459396362305, -0.00012756982445714287], [-1.0, 2.7192622655495665e-32, -2.220446049250313e-16, 0.220733829498291], [0.0, 0.0, 0.0, 1.0]], [[-0.22407418489456177, -0.9745720624923706, -1.1935066127216496e-16, 0.04360101807117463], [-0.9745720624923706, 0.22407418489456177, 2.7441174190964858e-17, 0.1867071158885956], [0.0, 1.2246467202362698e-16, -0.9999999403953552, -0.012398446083068847], [0.0, 0.0, 0.0, 1.0]], [[1.5128930909780923e-16, 0.7319610714912415, 0.6813464760780334, 0.00015589128434655478], [1.625280069397753e-16, -0.6813464760780334, 0.7319610714912415, -0.00010329775512221238], [0.9999999403953552, 0.0, -2.220445916901415e-16, -0.22532897698879245], [0.0, 0.0, 0.0, 1.0]], [[0.7319615483283997, 0.6813459396362305, 0.0, -0.14079986488819124], [-0.6813459396362305, 0.7319615483283997, 0.0, 0.132909818649292], [0.0, 0.0, 1.0, -0.03530774688720703], [0.0, 0.0, 0.0, 1.0]], [[4.9754463858811386e-17, -0.9745720624923706, -0.22407418489456177, 0.001700435042381278], [2.1639846858709135e-16, 0.22407418489456177, -0.9745720624923706, 0.0028078310489654174], [0.9999999403953552, -2.719261971675979e-32, 2.220445916901415e-16, -0.21784007012844087], [0.0, 0.0, 0.0, 1.0]], [[0.6813464760780334, 0.7319610714912415, -8.34408847617761e-17, -0.1319534641504288], [0.7319610714912415, -0.6813464760780334, -8.963937922555447e-17, -0.144177263379097], [-1.2246467202362698e-16, 0.0, -0.9999999403953552, -0.01851419448852537], [0.0, 0.0, 0.0, 1.0]], [[-0.7319615483283997, -0.6813459396362305, -1.7308025075244077e-16, 0.13723684704303743], [0.6813459396362305, -0.7319615483283997, -6.198620195231472e-18, -0.12582805824279786], [-1.2246468525851679e-16, -1.2246468525851679e-16, 1.0, -0.02645408058166502], [0.0, 0.0, 0.0, 1.0]], [[0.22407418489456177, 0.9745720624923706, -2.7441174190964858e-17, -0.04224827015399933], [0.9745720624923706, -0.22407418489456177, -1.1935066127216496e-16, -0.18494056391716004], [-1.2246467202362698e-16, 0.0, -0.9999999403953552, 0.027738155364990257], [0.0, 0.0, 0.0, 1.0]], [[0.9560422897338867, -0.29322877526283264, 8.117124674471841e-17, -0.1778781318664551], [0.29322877526283264, 0.9560422897338867, 1.5299159385888416e-16, -0.05530992370843888], [-1.2246468525851679e-16, -1.2246468525851679e-16, 1.0, 0.02022632408142092], [0.0, 0.0, 0.0, 1.0]], [[4.9754463858811386e-17, -0.9745720624923706, -0.22407418489456177, 0.0005059391856193458], [2.1639846858709135e-16, 0.22407418489456177, -0.9745720624923706, -0.004800984859466589], [0.9999999403953552, -2.719261971675979e-32, 2.220445916901415e-16, -0.23456459558010104], [0.0, 0.0, 0.0, 1.0]], [[0.9560422897338867, 0.29322877526283264, -1.1708142030180128e-16, -0.17981592178344727], [0.29322877526283264, -0.9560422897338867, -3.5910170248360426e-17, -0.055379325926303874], [-1.2246468525851679e-16, 0.0, -1.0, -0.0248898124694824], [0.0, 0.0, 0.0, 1.0]], [[0.22407418489456177, 0.9745720624923706, -2.7441174190964858e-17, -0.042691072106361395], [0.9745720624923706, -0.22407418489456177, -1.1935066127216496e-16, -0.1857862594127655], [-1.2246467202362698e-16, 0.0, -0.9999999403953552, 0.01790398406982424], [0.0, 0.0, 0.0, 1.0]], [[0.03579118475317955, 0.9993593096733093, 1.2676938610580194e-16, -0.006153277806937695], [-0.9993593096733093, 0.03579118475317955, -1.1800307155775277e-16, 0.18960049998760226], [-1.2246468525851679e-16, -1.2246468525851679e-16, 1.0, -0.025987724304199197], [0.0, 0.0, 0.0, 1.0]], [[0.6813464760780334, -0.7319610714912415, -6.198494463778364e-18, -0.12887198984622958], [0.7319610714912415, 0.6813464760780334, 1.7308026398733057e-16, -0.13866660797595978], [-1.2246467202362698e-16, -1.2246467202362698e-16, 0.9999999403953552, -0.010675848960876444], [0.0, 0.0, 0.0, 1.0]], [[-0.4817847013473511, -0.7319610714912415, -0.4817847013473511, 0.09454067301750183], [-0.5175746083259583, 0.6813464760780334, -0.5175746083259583, 0.10025896751880646], [0.7071067094802856, 8.659559941682064e-17, -0.7071067094802856, -0.1551324875354767], [0.0, 0.0, 0.0, 1.0]], [[-0.8475692868232727, 0.530684769153595, -3.880715858559059e-17, 0.16193338787555697], [-0.530684769153595, -0.8475692868232727, -1.6878744807108658e-16, 0.10108722031116486], [-1.2246468525851679e-16, -1.2246468525851679e-16, 1.0, 0.04446160507202151], [0.0, 0.0, 0.0, 1.0]], [[-0.8475692868232727, -0.530684769153595, 1.0379730332833858e-16, 0.15903285706043244], [-0.530684769153595, 0.8475692868232727, 6.499014474274799e-17, 0.10019756424427034], [-1.2246468525851679e-16, 0.0, -1.0, -0.003461573123931864], [0.0, 0.0, 0.0, 1.0]], [[0.5175749659538269, -0.6813459396362305, 0.5175749659538269, -0.09749218451976777], [-0.48178431391716003, -0.7319615483283997, -0.48178431391716003, 0.09088167923688889], [0.7071067690849304, 8.659560603426554e-17, -0.7071067690849304, -0.1772385195493698], [0.0, 0.0, 0.0, 1.0]], [[-0.7319615483283997, -0.6813459396362305, -1.7308025075244077e-16, 0.13783673298358917], [0.6813459396362305, -0.7319615483283997, -6.198620195231472e-18, -0.1267861728668213], [-1.2246468525851679e-16, -1.2246468525851679e-16, 1.0, 0.021657176971435568], [0.0, 0.0, 0.0, 1.0]], [[1.5128930909780923e-16, -0.7319610714912415, -0.6813464760780334, 0.004886966228485081], [1.625280069397753e-16, 0.6813464760780334, -0.7319610714912415, 0.0031002700328826628], [0.9999999403953552, -2.719261971675979e-32, 2.220445916901415e-16, -0.22464616143703464], [0.0, 0.0, 0.0, 1.0]], [[-0.4817847013473511, -0.7319610714912415, -0.4817847013473511, 0.09351824641227723], [-0.5175746083259583, 0.6813464760780334, -0.5175746083259583, 0.0996188098192215], [0.7071067094802856, 8.659559941682064e-17, -0.7071067094802856, -0.17561395955085757], [0.0, 0.0, 0.0, 1.0]], [[-4.9754463858811386e-17, 0.9745720624923706, -0.22407418489456177, 0.00032582479715348136], [-2.1639846858709135e-16, -0.22407418489456177, -0.9745720624923706, 0.0002281271219253908], [-0.9999999403953552, 0.0, 2.220445916901415e-16, 0.21773814523220064], [0.0, 0.0, 0.0, 1.0]], [[0.22407418489456177, 0.9745720624923706, -2.7441174190964858e-17, -0.040873659968376164], [0.9745720624923706, -0.22407418489456177, -1.1935066127216496e-16, -0.1823608615398407], [-1.2246467202362698e-16, 0.0, -0.9999999403953552, -0.02784008216857908], [0.0, 0.0, 0.0, 1.0]], [[-0.3752443790435791, -0.8475749492645264, 0.3752443790435791, 0.0716997685432434], [0.599325954914093, -0.5306757092475891, -0.599325954914093, -0.11335503590106964], [0.7071067094802856, 0.0, 0.7071067094802856, -0.17137570500373842], [0.0, 0.0, 0.0, 1.0]], [[4.9754463858811386e-17, 0.9745720624923706, 0.22407418489456177, 0.001700435042381278], [2.1639846858709135e-16, -0.22407418489456177, 0.9745720624923706, 0.0028078310489654174], [0.9999999403953552, 0.0, -2.220445916901415e-16, -0.21784007012844087], [0.0, 0.0, 0.0, 1.0]], [[-0.6813464760780334, -0.7319610714912415, -8.963937922555447e-17, 0.1302566114664078], [-0.7319610714912415, 0.6813464760780334, 8.34408847617761e-17, 0.14018477833271029], [0.0, 1.2246467202362698e-16, -0.9999999403953552, 0.0374627685546875], [0.0, 0.0, 0.0, 1.0]], [[-0.6813464760780334, -0.7319610714912415, -8.963937922555447e-17, 0.13143498384952546], [-0.7319610714912415, 0.6813464760780334, 8.34408847617761e-17, 0.1403522378206253], [0.0, 1.2246467202362698e-16, -0.9999999403953552, -0.0412636833190918], [0.0, 0.0, 0.0, 1.0]], [[0.8475692868232727, -0.530684769153595, 0.0, -0.16612417805194857], [0.530684769153595, 0.8475692868232727, 0.0, -0.1024075642824173], [0.0, 0.0, 1.0, 0.04784477615356445], [0.0, 0.0, 0.0, 1.0]], [[-0.3752443790435791, -0.8475749492645264, -0.3752443790435791, 0.07274154710769654], [0.599325954914093, -0.5306757092475891, 0.599325954914093, -0.11675176823139191], [-0.7071067094802856, 0.0, 0.7071067094802856, 0.16228785252571107], [0.0, 0.0, 0.0, 1.0]], [[-0.1584443747997284, -0.9745720624923706, 0.1584443747997284, 0.03151173943281174], [-0.6891264915466309, 0.22407418489456177, 0.6891264915466309, 0.13318938922882081], [-0.7071067094802856, 8.659559941682064e-17, -0.7071067094802856, 0.17181304478645326], [0.0, 0.0, 0.0, 1.0]], [[-1.178336782031917e-16, -0.8475749492645264, -0.5306757092475891, 0.00042763164639474967], [1.8819944475379521e-16, -0.5306757092475891, 0.8475749492645264, 0.00043767797946926733], [-0.9999999403953552, 0.0, 2.220445916901415e-16, 0.22877393853664402], [0.0, 0.0, 0.0, 1.0]], [[0.4817847013473511, -0.7319610714912415, -0.4817847013473511, -0.0866521270275116], [0.5175746083259583, 0.6813464760780334, -0.5175746083259583, -0.09523890554904939], [0.7071067094802856, -8.659559941682064e-17, 0.7071067094802856, -0.16899644780158998], [0.0, 0.0, 0.0, 1.0]], [[0.974571168422699, -0.2240782380104065, -1.1935055539304655e-16, -0.1906315988302231], [-0.2240782380104065, -0.974571168422699, 2.744167049933239e-17, 0.042647753834724425], [-1.2246468525851679e-16, 0.0, -1.0, -0.005348647117614725], [0.0, 0.0, 0.0, 1.0]], [[-0.6813464760780334, 0.7319610714912415, 0.0, 0.13434279596805573], [-0.7319610714912415, -0.6813464760780334, 0.0, 0.14217287266254428], [0.0, 0.0, 0.9999999403953552, -0.03464617156982422], [0.0, 0.0, 0.0, 1.0]], [[-4.9754463858811386e-17, 0.9745720624923706, -0.22407418489456177, 0.0003095520436763848], [-2.1639846858709135e-16, -0.22407418489456177, -0.9745720624923706, 0.0006824533343315492], [-0.9999999403953552, 0.0, 2.220445916901415e-16, 0.1922350152730942], [0.0, 0.0, 0.0, 1.0]], [[-0.5175749659538269, 0.6813459396362305, 0.5175749659538269, 0.09885460460186005], [0.48178431391716003, 0.7319615483283997, -0.48178431391716003, -0.09166658943891526], [-0.7071067690849304, 0.0, -0.7071067690849304, 0.16508411586284638], [0.0, 0.0, 0.0, 1.0]], [[0.6813464760780334, 0.7319610714912415, -8.34408847617761e-17, -0.12865504896640778], [0.7319610714912415, -0.6813464760780334, -8.963937922555447e-17, -0.13796042835712435], [-1.2246467202362698e-16, 0.0, -0.9999999403953552, 0.03746276855468752], [0.0, 0.0, 0.0, 1.0]], [[0.1584443747997284, 0.9745720624923706, -0.1584443747997284, -0.0299863538146019], [0.6891264915466309, -0.22407418489456177, -0.6891264915466309, -0.13110856914520264], [-0.7071067094802856, 0.0, -0.7071067094802856, 0.15972822499275208], [0.0, 0.0, 0.0, 1.0]], [[-0.5306757092475891, 0.8475749492645264, 1.0379799816005313e-16, 0.10227349960803986], [0.8475749492645264, 0.5306757092475891, 6.498903301200472e-17, -0.16391907644271853], [0.0, 1.2246467202362698e-16, -0.9999999403953552, 0.027937578201293944], [0.0, 0.0, 0.0, 1.0]], [[0.8475692868232727, 0.530684769153595, 6.499014474274799e-17, -0.16014294064044954], [0.530684769153595, -0.8475692868232727, -1.0379730332833858e-16, -0.1005729924440384], [0.0, 1.2246468525851679e-16, -1.0, 0.04446160507202149], [0.0, 0.0, 0.0, 1.0]], [[0.8475692868232727, -0.530684769153595, 0.0, -0.1627807961702347], [0.530684769153595, 0.8475692868232727, 0.0, -0.10138208210468294], [0.0, 0.0, 1.0, -0.030758918762207033], [0.0, 0.0, 0.0, 1.0]], [[1.8819818743926413e-16, -0.530684769153595, 0.8475692868232727, 0.0014876781702041306], [1.1783568990644144e-16, 0.8475692868232727, 0.530684769153595, 0.00043882727622983835], [-1.0, 0.0, 2.220446049250313e-16, 0.19366415596008302], [0.0, 0.0, 0.0, 1.0]], [[0.4817847013473511, 0.7319610714912415, 0.4817847013473511, -0.08853751349449158], [0.5175746083259583, -0.6813464760780334, 0.5175746083259583, -0.09641938412189484], [0.7071067094802856, 0.0, -0.7071067094802856, -0.1551324875354767], [0.0, 0.0, 0.0, 1.0]], [[0.5175749659538269, 0.6813459396362305, -0.5175749659538269, -0.10017509067058564], [-0.48178431391716003, 0.7319615483283997, 0.48178431391716003, 0.09516668957471848], [0.7071067690849304, 0.0, 0.7071067690849304, -0.16080436885356902], [0.0, 0.0, 0.0, 1.0]], [[0.6813464760780334, -0.7319610714912415, -6.198494463778364e-18, -0.12747667753696443], [0.7319610714912415, 0.6813464760780334, 1.7308026398733057e-16, -0.1377929688692093], [-1.2246467202362698e-16, -1.2246467202362698e-16, 0.9999999403953552, -0.041263683319091776], [0.0, 0.0, 0.0, 1.0]], [[1.8819818743926413e-16, -0.530684769153595, 0.8475692868232727, -0.004255360603332552], [1.1783568990644144e-16, 0.8475692868232727, 0.530684769153595, -0.0013226767778396805], [-1.0, 0.0, 2.220446049250313e-16, 0.2033341522216797], [0.0, 0.0, 0.0, 1.0]], [[0.22407418489456177, 0.9745720624923706, -2.7441174190964858e-17, -0.04220651304721833], [0.9745720624923706, -0.22407418489456177, -1.1935066127216496e-16, -0.18487298274040223], [-1.2246467202362698e-16, 0.0, -0.9999999403953552, -0.004851984977722147], [0.0, 0.0, 0.0, 1.0]], [[-0.025308189913630486, 0.9993593096733093, 0.025308189913630486, 0.00474023861810565], [0.7066537141799927, 0.03579118475317955, -0.7066537141799927, -0.13220952343940737], [-0.7071067690849304, 8.659560603426554e-17, -0.7071067690849304, 0.16490628612041475], [0.0, 0.0, 0.0, 1.0]], [[4.9754463858811386e-17, 0.9745720624923706, 0.22407418489456177, 0.00046388989686965096], [2.1639846858709135e-16, -0.22407418489456177, 0.9745720624923706, -0.0036269452571869266], [0.9999999403953552, 0.0, -2.220445916901415e-16, -0.22597485101222994], [0.0, 0.0, 0.0, 1.0]], [[-2.122840325155832e-16, -0.29322877526283264, 0.9560422897338867, 0.005749282836914099], [-6.510986755588647e-17, 0.9560422897338867, 0.29322877526283264, 0.00047443848848344004], [-1.0, 2.7192622655495665e-32, -2.220446049250313e-16, 0.19787600326538088], [0.0, 0.0, 0.0, 1.0]], [[-4.9754463858811386e-17, 0.9745720624923706, -0.22407418489456177, 0.0002993223965168084], [-2.1639846858709135e-16, -0.22407418489456177, -0.9745720624923706, 0.0009681394696236024], [-0.9999999403953552, 0.0, 2.220445916901415e-16, 0.2301915181875229], [0.0, 0.0, 0.0, 1.0]], [[-0.6813464760780334, 0.7319610714912415, 0.0, 0.12709657347202302], [-0.7319610714912415, -0.6813464760780334, 0.0, 0.13422878086566925], [0.0, 0.0, 0.9999999403953552, 0.007241786003112793], [0.0, 0.0, 0.0, 1.0]], [[-0.5306757092475891, 0.8475749492645264, 1.0379799816005313e-16, 0.10107460606098176], [0.8475749492645264, 0.5306757092475891, 6.498903301200472e-17, -0.16001007795333863], [0.0, 1.2246467202362698e-16, -0.9999999403953552, 0.020111204147338867], [0.0, 0.0, 0.0, 1.0]], [[0.8475692868232727, -0.530684769153595, 0.0, -0.16014294064044954], [0.530684769153595, 0.8475692868232727, 0.0, -0.1005729924440384], [0.0, 0.0, 1.0, 0.04446160507202149], [0.0, 0.0, 0.0, 1.0]], [[-0.5993219614028931, -0.530684769153595, -0.5993219614028931, 0.1121285412311554], [-0.37525078654289246, 0.8475692868232727, -0.37525078654289246, 0.07074567335844041], [0.7071067690849304, 0.0, -0.7071067690849304, -0.1651092051267624], [0.0, 0.0, 0.0, 1.0]], [[-0.6760239601135254, 0.29322877526283264, -0.6760239601135254, 0.1308013486862183], [-0.20734405517578125, -0.9560422897338867, -0.20734405517578125, 0.03974830198287964], [-0.7071067690849304, 0.0, 0.7071067690849304, 0.18032368266582488], [0.0, 0.0, 0.0, 1.0]], [[7.947239478318557e-18, 0.9993593096733093, -0.03579118475317955, 0.0006470472812652575], [-2.21902343094562e-16, 0.03579118475317955, 0.9993593096733093, -0.00027776867151256605], [1.0, -2.7192622655495665e-32, 2.220446049250313e-16, -0.21598772430419924], [0.0, 0.0, 0.0, 1.0]], [[-1.5128930909780923e-16, -0.7319610714912415, 0.6813464760780334, -0.002495634794235204], [-1.625280069397753e-16, 0.6813464760780334, 0.7319610714912415, -0.005100875377655001], [-0.9999999403953552, 2.719261971675979e-32, -2.220445916901415e-16, 0.2136188977956772], [0.0, 0.0, 0.0, 1.0]], [[0.22407418489456177, 0.9745720624923706, -2.7441174190964858e-17, -0.04116678678989411], [0.9745720624923706, -0.22407418489456177, -1.1935066127216496e-16, -0.18291333651542663], [-1.2246467202362698e-16, 0.0, -0.9999999403953552, 0.03746276855468752], [0.0, 0.0, 0.0, 1.0]], [[0.9560422897338867, -0.29322877526283264, 8.117124674471841e-17, -0.17941168594360352], [0.29322877526283264, 0.9560422897338867, 1.5299159385888416e-16, -0.05536484819650651], [-1.2246468525851679e-16, -1.2246468525851679e-16, 1.0, 0.029250049591064475], [0.0, 0.0, 0.0, 1.0]], [[0.5306757092475891, -0.8475749492645264, -6.498903301200472e-17, -0.0994267693758011], [-0.8475749492645264, -0.5306757092475891, 1.0379799816005313e-16, 0.15830122900009155], [-1.2246467202362698e-16, 0.0, -0.9999999403953552, 0.0002983665168285578], [0.0, 0.0, 0.0, 1.0]], [[0.8475692868232727, -0.530684769153595, 0.0, -0.16621578037738802], [0.530684769153595, 0.8475692868232727, 0.0, -0.10243565475940705], [0.0, 0.0, 1.0, -0.018027418136596682], [0.0, 0.0, 0.0, 1.0]], [[-2.1639827006374434e-16, -0.2240782380104065, -0.974571168422699, -0.0049423146247863405], [4.9755363831317843e-17, -0.974571168422699, 0.2240782380104065, 9.149956703185189e-05], [-1.0, 0.0, 2.220446049250313e-16, 0.2006758613586426], [0.0, 0.0, 0.0, 1.0]], [[-4.9754463858811386e-17, 0.9745720624923706, -0.22407418489456177, 0.000436757624149331], [-2.1639846858709135e-16, -0.22407418489456177, -0.9745720624923706, -0.0028693358898162474], [-0.9999999403953552, 0.0, 2.220445916901415e-16, 0.23656355035305027], [0.0, 0.0, 0.0, 1.0]], [[1.178336782031917e-16, 0.8475749492645264, -0.5306757092475891, 0.0021435034275054735], [-1.8819944475379521e-16, 0.5306757092475891, 0.8475749492645264, -0.005157030582427946], [0.9999999403953552, -2.719261971675979e-32, 2.220445916901415e-16, -0.20263984048366548], [0.0, 0.0, 0.0, 1.0]], [[-0.5306757092475891, 0.8475749492645264, 1.0379799816005313e-16, 0.10308108913898469], [0.8475749492645264, 0.5306757092475891, 6.498903301200472e-17, -0.16655230474472046], [0.0, 1.2246467202362698e-16, -0.9999999403953552, 0.01692298126220703], [0.0, 0.0, 0.0, 1.0]], [[0.6760239601135254, 0.29322877526283264, -0.6760239601135254, -0.12243173980712892], [0.20734405517578125, -0.9560422897338867, -0.20734405517578125, -0.03891152572631836], [-0.7071067690849304, 0.0, -0.7071067690849304, 0.17195943248271944], [0.0, 0.0, 0.0, 1.0]], [[0.7319615483283997, 0.6813459396362305, 0.0, -0.14030865490436556], [-0.6813459396362305, 0.7319615483283997, 0.0, 0.1321252841949463], [0.0, 0.0, 1.0, 0.021657176971435547], [0.0, 0.0, 0.0, 1.0]], [[-1.6252811281889371e-16, 0.6813459396362305, -0.7319615483283997, -0.0018358472585677825], [1.5128918998380102e-16, 0.7319615483283997, 0.6813459396362305, 0.003627670288085912], [1.0, 0.0, -2.220446049250313e-16, -0.21645408248901368], [0.0, 0.0, 0.0, 1.0]], [[-0.6760239601135254, 0.29322877526283264, -0.6760239601135254, 0.13221445560455325], [-0.20734405517578125, -0.9560422897338867, -0.20734405517578125, 0.03979891443252564], [-0.7071067690849304, 0.0, 0.7071067690849304, 0.15457660853862765], [0.0, 0.0, 0.0, 1.0]], [[0.3752443790435791, -0.8475749492645264, 0.3752443790435791, -0.06962461614608764], [-0.599325954914093, -0.5306757092475891, -0.599325954914093, 0.11025292503833771], [0.7071067094802856, 0.0, -0.7071067094802856, -0.17689109349250795], [0.0, 0.0, 0.0, 1.0]], [[-0.5175749659538269, -0.6813459396362305, -0.5175749659538269, 0.09885460460186005], [0.48178431391716003, -0.7319615483283997, 0.48178431391716003, -0.09166658943891526], [-0.7071067690849304, -8.659560603426554e-17, 0.7071067690849304, 0.16508411586284638], [0.0, 0.0, 0.0, 1.0]], [[-0.1584443747997284, 0.9745720624923706, 0.1584443747997284, 0.031850673854351044], [-0.6891264915466309, -0.22407418489456177, 0.6891264915466309, 0.13382818698883056], [0.7071067094802856, 0.0, 0.7071067094802856, -0.1757257149219513], [0.0, 0.0, 0.0, 1.0]], [[-0.03579118475317955, 0.9993593096733093, 1.2238622883177736e-16, 0.00682420089095831], [0.9993593096733093, 0.03579118475317955, 4.38315603325367e-18, -0.1881241625547409], [0.0, 1.2246468525851679e-16, -1.0, -0.03702542877197266], [0.0, 0.0, 0.0, 1.0]], [[0.4817847013473511, 0.7319610714912415, -0.4817847013473511, -0.09073831248283386], [0.5175746083259583, -0.6813464760780334, -0.5175746083259583, -0.09722700035572053], [-0.7071067094802856, 0.0, -0.7071067094802856, 0.17181304478645326], [0.0, 0.0, 0.0, 1.0]], [[-0.7319615483283997, 0.6813459396362305, 8.963943878255857e-17, 0.13958805572986605], [0.6813459396362305, 0.7319615483283997, -8.34408185873271e-17, -0.1295832986831665], [-1.2246468525851679e-16, 0.0, -1.0, 0.03073383140563967], [0.0, 0.0, 0.0, 1.0]], [[0.5993219614028931, -0.530684769153595, 0.5993219614028931, -0.11297594857215883], [0.37525078654289246, 0.8475692868232727, 0.37525078654289246, -0.07104053562879563], [-0.7071067690849304, 0.0, 0.7071067690849304, 0.17881189143657686], [0.0, 0.0, 0.0, 1.0]], [[-7.947239478318557e-18, -0.9993593096733093, -0.03579118475317955, -6.831747293472155e-05], [2.21902343094562e-16, -0.03579118475317955, 0.9993593096733093, 0.002054682254791222], [-1.0, 0.0, 2.220446049250313e-16, 0.22055599975585938], [0.0, 0.0, 0.0, 1.0]], [[-0.9560422897338867, 0.29322877526283264, 0.0, 0.18739731788635255], [-0.29322877526283264, -0.9560422897338867, 0.0, 0.056187905848026284], [0.0, 0.0, 1.0, 0.007876004219055176], [0.0, 0.0, 0.0, 1.0]], [[-0.6813464760780334, 0.7319610714912415, 0.0, 0.13275669443607332], [-0.7319610714912415, -0.6813464760780334, 0.0, 0.14117978489398958], [0.0, 0.0, 0.9999999403953552, 0.009625772476196288], [0.0, 0.0, 0.0, 1.0]], [[0.6813464760780334, 0.7319610714912415, -8.34408847617761e-17, -0.13181508791446686], [0.7319610714912415, -0.6813464760780334, -8.963937922555447e-17, -0.14391642582416536], [-1.2246467202362698e-16, 0.0, -0.9999999403953552, 0.007241786003112814], [0.0, 0.0, 0.0, 1.0]], [[-0.3752443790435791, 0.8475749492645264, 0.3752443790435791, 0.07354913663864136], [0.599325954914093, 