{"co_parameters": [[[0.530684769153595, -3.880715858559059e-17, -0.8475692868232727, 0.13630242323875427], [-0.8475692868232727, -1.6878744807108658e-16, -0.530684769153595, 0.08510413908958435], [-1.2246468525851679e-16, 1.0, -1.2246468525851679e-16, -0.010077646255493147], [0.0, 0.0, 0.0, 1.0]], [[-0.2240782380104065, -0.6891258955001831, -0.6891258955001831, 0.10493516969680787], [-0.974571168422699, 0.1584472358226776, 0.1584472358226776, -0.02527372801303864], [0.0, 0.7071067690849304, -0.7071067690849304, 0.15770985627174378], [0.0, 0.0, 0.0, 1.0]], [[-0.6813459396362305, -0.7319615483283997, 1.6252811281889371e-16, 0.0005153613090514909], [-0.7319615483283997, 0.6813459396362305, -1.5128918998380102e-16, -0.00012756982445714742], [2.7192622655495665e-32, -2.220446049250313e-16, -1.0, 0.19073382949829104], [0.0, 0.0, 0.0, 1.0]], [[-0.8475749492645264, -6.498903301200472e-17, 0.5306757092475891, -0.0845047767162323], [-0.5306757092475891, 1.0379799816005313e-16, -0.8475749492645264, 0.13612888622283936], [0.0, -0.9999999403953552, -1.2246467202362698e-16, -0.037025428771972645], [0.0, 0.0, 0.0, 1.0]], [[0.2240782380104065, 0.6891258955001831, 0.6891258955001831, -0.10935131120681764], [0.974571168422699, -0.1584472358226776, -0.1584472358226776, 0.025652629017829897], [-8.659560603426554e-17, 0.7071067690849304, -0.7071067690849304, 0.15356984162330628], [0.0, 0.0, 0.0, 1.0]], [[0.9993593096733093, 0.025308189913630486, -0.025308189913630486, 0.004097481168806553], [0.03579118475317955, -0.7066537141799927, 0.7066537141799927, -0.11138970518112185], [8.659560603426554e-17, -0.7071067690849304, -0.7071067690849304, 0.15191103196144104], [0.0, 0.0, 0.0, 1.0]], [[-0.8475749492645264, -6.498903301200472e-17, 0.5306757092475891, -0.08270093703269958], [-0.5306757092475891, 1.0379799816005313e-16, -0.8475749492645264, 0.1302473440170288], [0.0, -0.9999999403953552, -1.2246467202362698e-16, -0.021456207275390608], [0.0, 0.0, 0.0, 1.0]], [[-0.6813459396362305, -8.34408185873271e-17, 0.7319615483283997, -0.11626678824424745], [-0.7319615483283997, -8.963943878255857e-17, -0.6813459396362305, 0.10835800933837891], [1.2246468525851679e-16, -1.0, 0.0, -0.04288823318481445], [0.0, 0.0, 0.0, 1.0]], [[-0.2240782380104065, -0.974571168422699, -2.1639827006374434e-16, -0.0041763730049132995], [-0.974571168422699, 0.2240782380104065, 4.9755363831317843e-17, 0.00011893747001885671], [0.0, 2.220446049250313e-16, -1.0, 0.19207390213012698], [0.0, 0.0, 0.0, 1.0]], [[0.9745720624923706, -2.7441174190964858e-17, 0.22407418489456177, -0.0357337920665741], [-0.22407418489456177, -1.1935066127216496e-16, 0.9745720624923706, -0.15610606622695924], [0.0, -0.9999999403953552, -1.2246467202362698e-16, 0.025377948760986348], [0.0, 0.0, 0.0, 1.0]], [[0.9993593096733093, 0.025308189913630486, -0.025308189913630486, 0.004700089670717717], [0.03579118475317955, -0.7066537141799927, 0.7066537141799927, -0.11335452413558961], [8.659560603426554e-17, -0.7071067690849304, -0.7071067690849304, 0.15900307679176331], [0.0, 0.0, 0.0, 1.0]], [[-0.7319610714912415, -6.198494463778364e-18, 0.6813464760780334, -0.10859504008293153], [0.6813464760780334, 1.7308026398733057e-16, 0.7319610714912415, -0.1167185275554657], [-1.2246467202362698e-16, 0.9999999403953552, -1.2246467202362698e-16, -0.01239844608306883], [0.0, 0.0, 0.0, 1.0]], [[-0.7319610714912415, -6.198494463778364e-18, 0.6813464760780334, -0.10571457266807557], [0.6813464760780334, 1.7308026398733057e-16, 0.7319610714912415, -0.1150065896511078], [-1.2246467202362698e-16, 0.9999999403953552, -1.2246467202362698e-16, 0.009625772476196306], [0.0, 0.0, 0.0, 1.0]], [[-0.6813459396362305, -8.34408185873271e-17, 0.7319615483283997, -0.1180946490764618], [-0.7319615483283997, -8.963943878255857e-17, -0.6813459396362305, 0.11127737903594971], [1.2246468525851679e-16, -1.0, 0.0, -0.009895602226257325], [0.0, 0.0, 0.0, 1.0]], [[-0.9993593096733093, 0.0, -0.03579118475317955, 0.006377368763089181], [-0.03579118475317955, 0.0, 0.9993593096733093, -0.16018742012977602], [0.0, 1.0, 0.0, 0.04586599349975586], [0.0, 0.0, 0.0, 1.0]], [[0.530684769153595, -0.8475692868232727, 1.8819818743926413e-16, 0.000895224332809422], [-0.8475692868232727, -0.530684769153595, 1.1783568990644144e-16, 0.00025711372494695924], [2.7192622655495665e-32, -2.220446049250313e-16, -1.0, 0.20446160888671877], [0.0, 0.0, 0.0, 1.0]], [[0.8475749492645264, -0.3752443790435791, 0.3752443790435791, -0.059635764122009285], [0.5306757092475891, 0.599325954914093, -0.599325954914093, 0.09640904784202577], [-8.659559941682064e-17, 0.7071067094802856, 0.7071067094802856, -0.15016250371932985], [0.0, 0.0, 0.0, 1.0]], [[0.9745720624923706, 0.1584443747997284, -0.1584443747997284, 0.025857039093971253], [-0.22407418489456177, 0.6891264915466309, -0.6891264915466309, 0.10545925426483155], [0.0, 0.7071067094802856, 0.7071067094802856, -0.1577016806602478], [0.0, 0.0, 0.0, 1.0]], [[-0.8475749492645264, -0.5306757092475891, -1.178336782031917e-16, 0.0014451147317886518], [-0.5306757092475891, 0.8475749492645264, 1.8819944475379521e-16, -0.0028798363208771016], [0.0, 2.220445916901415e-16, -0.9999999403953552, 0.18793756794929506], [0.0, 0.0, 0.0, 1.0]], [[0.7319610714912415, 0.4817847013473511, 0.4817847013473511, -0.07699054574966431], [-0.6813464760780334, 0.5175746083259583, 0.5175746083259583, -0.08271201014518738], [0.0, -0.7071067094802856, 0.7071067094802856, -0.14041812658309938], [0.0, 0.0, 0.0, 1.0]], [[0.9745720624923706, -2.7441174190964858e-17, 0.22407418489456177, -0.03541354966163636], [-0.22407418489456177, -1.1935066127216496e-16, 0.9745720624923706, -0.15884443140029908], [0.0, -0.9999999403953552, -1.2246467202362698e-16, -0.011264390945434553], [0.0, 0.0, 0.0, 1.0]], [[-0.8475749492645264, -0.3752443790435791, 0.3752443790435791, -0.05900886058807374], [-0.5306757092475891, 0.599325954914093, -0.599325954914093, 0.0943650119304657], [0.0, -0.7071067094802856, -0.7071067094802856, 0.15900306844711304], [0.0, 0.0, 0.0, 1.0]], [[0.7319610714912415, -0.4817847013473511, 0.4817847013473511, -0.07553171968460083], [-0.6813464760780334, -0.5175746083259583, 0.5175746083259583, -0.08179860854148865], [0.0, -0.7071067094802856, -0.7071067094802856, 0.14498954534530642], [0.0, 0.0, 0.0, 1.0]], [[0.6813459396362305, -0.7319615483283997, -1.6252811281889371e-16, -0.0017271707057952654], [0.7319615483283997, 0.6813459396362305, 1.5128918998380102e-16, 0.003454090833663919], [0.0, -2.220446049250313e-16, 1.0, -0.19530774688720703], [0.0, 0.0, 0.0, 1.0]], [[-0.9745720624923706, -1.1935066127216496e-16, -0.22407418489456177, 0.03596994709968568], [0.22407418489456177, 2.7441174190964858e-17, -0.9745720624923706, 0.1557569947242737], [1.2246467202362698e-16, -0.9999999403953552, 0.0, 0.02537794876098633], [0.0, 0.0, 0.0, 1.0]], [[-0.530684769153595, 0.5993219614028931, -0.5993219614028931, 0.09080549955368042], [0.8475692868232727, 0.37525078654289246, -0.37525078654289246, 0.05846266758441926], [0.0, -0.7071067690849304, -0.7071067690849304, 0.16098185944557192], [0.0, 0.0, 0.0, 1.0]], [[0.29322877526283264, -0.6760239601135254, -0.6760239601135254, 0.11040018367767335], [-0.9560422897338867, -0.20734405517578125, -0.20734405517578125, 0.03352366781234741], [0.0, 0.7071067690849304, -0.7071067690849304, 0.14238713288307192], [0.0, 0.0, 0.0, 1.0]], [[-0.7319610714912415, -0.6813464760780334, 1.5128930909780923e-16, 0.0019791533946990755], [0.6813464760780334, -0.7319610714912415, 1.625280069397753e-16, 0.0012796344757079851], [-2.719261971675979e-32, 2.220445916901415e-16, 0.9999999403953552, -0.20126367497444153], [0.0, 0.0, 0.0, 1.0]], [[0.9745720624923706, -2.7441174190964858e-17, 0.22407418489456177, -0.03552961802482606], [-0.22407418489456177, -1.1935066127216496e-16, 0.9745720624923706, -0.1556035695075989], [0.0, -0.9999999403953552, -1.2246467202362698e-16, -0.02031698036193846], [0.0, 0.0, 0.0, 1.0]], [[0.9993593096733093, 0.03579118475317955, -7.947239478318557e-18, -0.0006306867003440846], [0.03579118475317955, -0.9993593096733093, 2.21902343094562e-16, 0.0038882997035979915], [2.7192622655495665e-32, -2.220446049250313e-16, -1.0, 0.16233708000183106], [0.0, 0.0, 0.0, 1.0]], [[0.6813459396362305, 8.963943878255857e-17, -0.7319615483283997, 0.11734212279319765], [0.7319615483283997, -8.34408185873271e-17, 0.6813459396362305, -0.10868439865112305], [0.0, -1.0, -1.2246468525851679e-16, 0.00661811828613283], [0.0, 0.0, 0.0, 1.0]], [[-0.530684769153595, 0.0, 0.8475692868232727, -0.1398664472103119], [0.8475692868232727, 0.0, 0.530684769153595, -0.08623223948478699], [0.0, 1.0, 0.0, 0.01333415412902832], [0.0, 0.0, 0.0, 1.0]], [[0.29322877526283264, -1.1708142030180128e-16, 0.9560422897338867, -0.1475521278381348], [-0.9560422897338867, -3.5910170248360426e-17, 0.29322877526283264, -0.046454152941703804], [0.0, -1.0, -1.2246468525851679e-16, -0.03434725952148436], [0.0, 0.0, 0.0, 1.0]], [[-0.530684769153595, 1.0379730332833858e-16, -0.8475692868232727, 0.13052507185935974], [0.8475692868232727, 6.499014474274799e-17, -0.530684769153595, 0.08333210444450379], [0.0, -1.0, -1.2246468525851679e-16, 0.047844776153564465], [0.0, 0.0, 0.0, 1.0]], [[0.530684769153595, -3.880715858559059e-17, -0.8475692868232727, 0.13372131037712098], [-0.8475692868232727, -1.6878744807108658e-16, -0.530684769153595, 0.08431245493888856], [-1.2246468525851679e-16, 1.0, -1.2246468525851679e-16, -0.04337236785888671], [0.0, 0.0, 0.0, 1.0]], [[-0.7319610714912415, -8.963937922555447e-17, -0.6813464760780334, 0.10651980090141297], [0.6813464760780334, 8.34408847617761e-17, -0.7319610714912415, 0.11201289629936219], [1.2246467202362698e-16, -0.9999999403953552, 0.0, 0.02361890983581543], [0.0, 0.0, 0.0, 1.0]], [[0.2240782380104065, -0.6891258955001831, 0.6891258955001831, -0.11218520307540894], [0.974571168422699, 0.1584472358226776, -0.1584472358226776, 0.02555112135410309], [-8.659560603426554e-17, 0.7071067690849304, 0.7071067690849304, -0.1483296148777008], [0.0, 0.0, 0.0, 1.0]], [[-0.9993593096733093, 0.0, -0.03579118475317955, 0.006482627466320993], [-0.03579118475317955, 0.0, 0.9993593096733093, -0.160530609369278], [0.0, 1.0, 0.0, 0.014038742065429688], [0.0, 0.0, 0.0, 1.0]], [[-0.9993593096733093, -4.38315603325367e-18, 0.03579118475317955, -0.0063572762757539755], [-0.03579118475317955, 1.2238622883177736e-16, -0.9993593096733093, 0.16378578972816468], [0.0, -1.0, -1.2246468525851679e-16, 0.0023370802402496514], [0.0, 0.0, 0.0, 1.0]], [[-0.2240782380104065, -1.1935055539304655e-16, 0.974571168422699, -0.1544665768146515], [-0.974571168422699, 2.744167049933239e-17, -0.2240782380104065, 0.03617350029945374], [0.0, -1.0, -1.2246468525851679e-16, 0.004639462947845476], [0.0, 0.0, 0.0, 1.0]], [[0.29322877526283264, -1.1708142030180128e-16, 0.9560422897338867, -0.14721748352050784], [-0.9560422897338867, -3.5910170248360426e-17, 0.29322877526283264, -0.04644216573238374], [0.0, -1.0, -1.2246468525851679e-16, 0.007876004219055193], [0.0, 0.0, 0.0, 1.0]], [[-0.530684769153595, 0.0, 0.8475692868232727, -0.13471586203575137], [0.8475692868232727, 0.0, 0.530684769153595, -0.08465244936943055], [0.0, 1.0, 0.0, 0.04446160507202149], [0.0, 0.0, 0.0, 1.0]], [[-0.530684769153595, 0.5993219614028931, -0.5993219614028931, 0.09678673791885377], [0.8475692868232727, 0.37525078654289246, -0.37525078654289246, 0.06029723942279817], [0.0, -0.7071067690849304, -0.7071067690849304, 0.15759868836402893], [0.0, 0.0, 0.0, 1.0]], [[0.7319610714912415, -8.34408847617761e-17, 0.6813464760780334, -0.10412847018241883], [-0.6813464760780334, -8.963937922555447e-17, 0.7319610714912415, -0.1140135018825531], [0.0, -0.9999999403953552, -1.2246467202362698e-16, -0.034646171569824205], [0.0, 0.0, 0.0, 1.0]], [[-0.9745720624923706, -9.19094870812001e-17, 0.22407418489456177, -0.034824946641922004], [0.22407418489456177, 1.4679184208057471e-16, 0.9745720624923706, -0.15439310693740846], [-1.2246467202362698e-16, 0.9999999403953552, -1.2246467202362698e-16, -0.01239844608306883], [0.0, 0.0, 0.0, 1.0]], [[0.9993593096733093, -0.025308189913630486, -0.025308189913630486, 0.0046963577046990395], [0.03579118475317955, 0.7066537141799927, 0.7066537141799927, -0.1133423628807068], [8.659560603426554e-17, -0.7071067690849304, 0.7071067690849304, -0.13912480759620666], [0.0, 0.0, 0.0, 1.0]], [[-0.530684769153595, -0.8475692868232727, -1.8819818743926413e-16, -0.0017426315546035503], [0.8475692868232727, -0.530684769153595, -1.1783568990644144e-16, -0.000551976084709151], [0.0, -2.220446049250313e-16, 1.0, -0.19075891876220705], [0.0, 0.0, 0.0, 1.0]], [[0.9993593096733093, 1.2238622883177736e-16, -0.03579118475317955, 0.005461854711174966], [0.03579118475317955, 4.38315603325367e-18, 0.9993593096733093, -0.15720239090919497], [1.2246468525851679e-16, -1.0, 0.0, -0.015496641159057618], [0.0, 0.0, 0.0, 1.0]], [[-0.9745720624923706, 0.1584443747997284, 0.1584443747997284, -0.025025275111198425], [0.22407418489456177, 0.6891264915466309, 0.6891264915466309, -0.11003211116790772], [-8.659559941682064e-17, 0.7071067094802856, -0.7071067094802856, 0.14087523031234742], [0.0, 0.0, 0.0, 1.0]], [[0.29322877526283264, 0.0, -0.9560422897338867, 0.15532356262207034], [-0.9560422897338867, 0.0, -0.29322877526283264, 0.04726953542232514], [0.0, 1.0, 0.0, 0.04597339630126953], [0.0, 0.0, 0.0, 1.0]], [[0.6813459396362305, 8.963943878255857e-17, -0.7319615483283997, 0.11689625239372255], [0.7319615483283997, -8.34408185873271e-17, 0.6813459396362305, -0.10797227478027344], [0.0, -1.0, -1.2246468525851679e-16, 0.04367513656616213], [0.0, 0.0, 0.0, 1.0]], [[0.6813459396362305, -0.7319615483283997, -1.6252811281889371e-16, 0.0008470592498779525], [0.7319615483283997, 0.6813459396362305, 1.5128918998380102e-16, -0.0006573407649994108], [0.0, -2.220446049250313e-16, 1.0, -0.20288823318481447], [0.0, 0.0, 0.0, 1.0]], [[-0.7319610714912415, -0.4817847013473511, 0.4817847013473511, -0.07219858598709107], [0.6813464760780334, -0.5175746083259583, 0.5175746083259583, -0.07971166729927064], [-8.659559941682064e-17, 0.7071067094802856, 0.7071067094802856, -0.14778324651718142], [0.0, 0.0, 0.0, 1.0]], [[-0.6813459396362305, -8.34408185873271e-17, 0.7319615483283997, -0.11834980845451357], [-0.7319615483283997, -8.963943878255857e-17, -0.6813459396362305, 0.11168490600585938], [1.2246468525851679e-16, -1.0, 0.0, 0.021657176971435547], [0.0, 0.0, 0.0, 1.0]], [[-0.9745720624923706, -1.1935066127216496e-16, -0.22407418489456177, 0.03617412114143372], [0.22407418489456177, 2.7441174190964858e-17, -0.9745720624923706, 0.15625949144363405], [1.2246467202362698e-16, -0.9999999403953552, 0.0, -0.020316980361938478], [0.0, 0.0, 0.0, 1.0]], [[0.9745720624923706, -0.22407418489456177, -4.9754463858811386e-17, 0.00019978296756745082], [-0.22407418489456177, -0.9745720624923706, -2.1639846858709135e-16, -2.0541621372073395e-05], [0.0, 2.220445916901415e-16, -0.9999999403953552, 0.16779926228523256], [0.0, 0.0, 0.0, 1.0]], [[-0.29322877526283264, -0.9560422897338867, 2.122840325155832e-16, 0.0034350988864898383], [0.9560422897338867, -0.29322877526283264, 6.510986755588647e-17, 0.00039155337214469], [-2.7192622655495665e-32, 2.220446049250313e-16, 1.0, -0.20396644592285157], [0.0, 0.0, 0.0, 1.0]], [[-0.9745720624923706, -9.19094870812001e-17, 0.22407418489456177, -0.03565208649635315], [0.22407418489456177, 1.4679184208057471e-16, 0.9745720624923706, -0.15595207071304323], [-1.2246467202362698e-16, 0.9999999403953552, -1.2246467202362698e-16, 0.007799271106719988], [0.0, 0.0, 0.0, 1.0]], [[-0.9745720624923706, -0.1584443747997284, 0.1584443747997284, -0.02488721001148224], [0.22407418489456177, -0.6891264915466309, 0.6891264915466309, -0.11388718414306641], [-8.659559941682064e-17, 0.7071067094802856, 0.7071067094802856, -0.14911193609237672], [0.0, 0.0, 0.0, 1.0]], [[-0.2240782380104065, 0.0, -0.974571168422699, 0.15651562809944153], [-0.974571168422699, 0.0, 0.2240782380104065, -0.03556307148933411], [0.0, 1.0, 0.0, -0.016557973861694338], [0.0, 0.0, 0.0, 1.0]], [[-0.29322877526283264, 8.117124674471841e-17, 0.9560422897338867, -0.14695395374298098], [0.9560422897338867, 1.5299159385888416e-16, 0.29322877526283264, -0.046432759165763865], [-1.2246468525851679e-16, 1.0, -1.2246468525851679e-16, 0.03760914611816408], [0.0, 0.0, 0.0, 1.0]], [[-0.29322877526283264, -3.5910170248360426e-17, -0.9560422897338867, 0.1547988796234131], [0.9560422897338867, 1.1708142030180128e-16, -0.29322877526283264, 0.04725074565410615], [1.2246468525851679e-16, -1.0, 0.0, -0.024889812469482422], [0.0, 0.0, 0.0, 1.0]], [[0.530684769153595, 6.499014474274799e-17, 0.8475692868232727, -0.14069709944725037], [-0.8475692868232727, -1.0379730332833858e-16, 0.530684769153595, -0.08648702120780945], [1.2246468525851679e-16, -1.0, 0.0, 0.04784477615356445], [0.0, 0.0, 0.0, 1.0]], [[-0.7319610714912415, 0.4817847013473511, 0.4817847013473511, -0.07628477144241333], [0.6813464760780334, 0.5175746083259583, 0.5175746083259583, -0.08169976210594178], [-8.659559941682064e-17, 0.7071067094802856, -0.7071067094802856, 0.1505998435020447], [0.0, 0.0, 0.0, 1.0]], [[0.9993593096733093, 1.2676938610580194e-16, 0.03579118475317955, -0.005079542264342309], [0.03579118475317955, -1.1800307155775277e-16, -0.9993593096733093, 0.159619720697403], [-1.2246468525851679e-16, 1.0, -1.2246468525851679e-16, -0.0259877243041992], [0.0, 0.0, 0.0, 1.0]], [[-0.9745720624923706, -9.19094870812001e-17, 0.22407418489456177, -0.03410562682151795], [0.22407418489456177, 1.4679184208057471e-16, 0.9745720624923706, -0.15303737497329714], [-1.2246467202362698e-16, 0.9999999403953552, -1.2246467202362698e-16, -0.0413754425048828], [0.0, 0.0, 0.0, 1.0]], [[0.7319610714912415, 0.0, -0.6813464760780334, 0.11210483813285828], [-0.6813464760780334, 0.0, -0.7319610714912415, 0.11908855032920838], [0.0, 0.9999999403953552, 0.0, -0.0026077048778533935], [0.0, 0.0, 0.0, 1.0]], [[-0.530684769153595, 0.0, 0.8475692868232727, -0.13412340807914735], [0.8475692868232727, 0.0, 0.530684769153595, -0.0844707362651825], [0.0, 1.0, 0.0, 0.0036641564369201663], [0.0, 0.0, 0.0, 1.0]], [[0.2240782380104065, -0.6891258955001831, -0.6891258955001831, 0.10830047464370729], [0.974571168422699, 0.1584472358226776, 0.1584472358226776, -0.0251532336473465], [8.659560603426554e-17, -0.7071067690849304, 0.7071067690849304, -0.15619359421730042], [0.0, 0.0, 0.0, 1.0]], [[-0.9745720624923706, 0.1584443747997284, 0.1584443747997284, -0.024914342284202577], [0.22407418489456177, 0.6891264915466309, 0.6891264915466309, -0.11312957382202149], [-8.659559941682064e-17, 0.7071067094802856, -0.7071067094802856, 0.15970063543319704], [0.0, 0.0, 0.0, 1.0]], [[0.2240782380104065, 2.744167049933239e-17, -0.974571168422699, 0.15060641407966616], [0.974571168422699, 1.1935055539304655e-16, 0.2240782380104065, -0.035774688482284545], [1.2246468525851679e-16, -1.0, 0.0, 0.04457277297973633], [0.0, 0.0, 0.0, 1.0]], [[0.29322877526283264, 0.0, -0.9560422897338867, 0.15864551734924318], [-0.9560422897338867, 0.0, -0.29322877526283264, 0.04738851487636567], [0.0, 1.0, 0.0, 0.0008033060431480407], [0.0, 0.0, 0.0, 1.0]], [[0.29322877526283264, 0.0, -0.9560422897338867, 0.15668506050109865], [-0.9560422897338867, 0.0, -0.29322877526283264, 0.047318298697471624], [0.0, 1.0, 0.0, -0.008892201423645019], [0.0, 0.0, 0.0, 1.0]], [[-0.530684769153595, -0.8475692868232727, -1.8819818743926413e-16, -0.0003964113593101238], [0.8475692868232727, -0.530684769153595, -1.1783568990644144e-16, -0.00013906176388262052], [0.0, -2.220446049250313e-16, 1.0, -0.18292551040649416], [0.0, 0.0, 0.0, 1.0]], [[-0.9993593096733093, 0.025308189913630486, 0.025308189913630486, -0.004025434590876103], [-0.03579118475317955, -0.7066537141799927, -0.7066537141799927, 0.11481870031356813], [0.0, -0.7071067690849304, 0.7071067690849304, -0.15016251206398012], [0.0, 0.0, 0.0, 1.0]], [[-0.6813459396362305, -1.7308025075244077e-16, -0.7319615483283997, 0.11538667750358583], [-0.7319615483283997, -6.198620195231472e-18, 0.6813459396362305, -0.10556125926971435], [-1.2246468525851679e-16, 1.0, -1.2246468525851679e-16, -0.03530774688720702], [0.0, 0.0, 0.0, 1.0]], [[0.9745720624923706, 0.22407418489456177, 4.9754463858811386e-17, 0.00036758187413214944], [-0.22407418489456177, 0.9745720624923706, 2.1639846858709135e-16, 0.0002957097291946108], [0.0, -2.220445916901415e-16, 0.9999999403953552, -0.16485197567939758], [0.0, 0.0, 0.0, 1.0]], [[-0.9745720624923706, 0.1584443747997284, 0.1584443747997284, -0.025233022570610046], [0.22407418489456177, 0.6891264915466309, 0.6891264915466309, -0.11043477439880371], [-8.659559941682064e-17, 0.7071067094802856, -0.7071067094802856, 0.1385150237083435], [0.0, 0.0, 0.0, 1.0]], [[-0.8475749492645264, -0.5306757092475891, -1.178336782031917e-16, 0.0004276316463947461], [-0.5306757092475891, 0.8475749492645264, 1.8819944475379521e-16, 0.00043767797946927297], [0.0, 2.220445916901415e-16, -0.9999999403953552, 0.19877394032478335], [0.0, 0.0, 0.0, 1.0]], [[0.530684769153595, 0.8475692868232727, -1.8819818743926413e-16, -0.0018897756338119242], [-0.8475692868232727, 0.530684769153595, -1.1783568990644144e-16, -0.000597108125686629], [-2.7192622655495665e-32, 2.220446049250313e-16, 1.0, -0.20337236785888674], [0.0, 0.0, 0.0, 1.0]], [[0.8475749492645264, 1.6878703778950275e-16, 0.5306757092475891, -0.0832362973690033], [0.5306757092475891, -3.880896514804841e-17, -0.8475749492645264, 0.13199298477172852], [-1.2246467202362698e-16, 0.9999999403953552, -1.2246467202362698e-16, -0.04254081726074217], [0.0, 0.0, 0.0, 1.0]], [[-0.9993593096733093, -0.025308189913630486, -0.025308189913630486, 0.003980992920696736], [-0.03579118475317955, 0.7066537141799927, 0.7066537141799927, -0.11100991201400759], [0.0, 0.7071067690849304, -0.7071067690849304, 0.14369308304786682], [0.0, 0.0, 0.0, 1.0]], [[0.6813459396362305, 0.0, 0.7319615483283997, -0.11884101843833925], [0.7319615483283997, 0.0, -0.6813459396362305, 0.11246944046020509], [0.0, 1.0, 0.0, -0.03530774688720703], [0.0, 0.0, 0.0, 1.0]], [[0.6813459396362305, 0.0, 0.7319615483283997, -0.1180946490764618], [0.7319615483283997, 0.0, -0.6813459396362305, 0.11127737903594971], [0.0, 1.0, 0.0, -0.009895602226257325], [0.0, 0.0, 0.0, 1.0]], [[0.7319610714912415, 0.6813464760780334, 1.5128930909780923e-16, -0.0002389452904463026], [-0.6813464760780334, 0.7319610714912415, 1.625280069397753e-16, -0.0008474702835083236], [0.0, -2.220445916901415e-16, 0.9999999403953552, -0.16485197567939758], [0.0, 0.0, 0.0, 1.0]], [[0.9745720624923706, -0.22407418489456177, -4.9754463858811386e-17, 0.0028839192390441963], [-0.22407418489456177, -0.9745720624923706, -2.1639846858709135e-16, 0.0050384073257446595], [0.0, 2.220445916901415e-16, -0.9999999403953552, 0.20502052235603335], [0.0, 0.0, 0.0, 1.0]], [[-0.9745720624923706, -9.19094870812001e-17, 0.22407418489456177, -0.0357337920665741], [0.22407418489456177, 1.4679184208057471e-16, 0.9745720624923706, -0.15610606622695924], [-1.2246467202362698e-16, 0.9999999403953552, -1.2246467202362698e-16, 0.025377948760986348], [0.0, 0.0, 0.0, 1.0]], [[0.9745720624923706, 0.1584443747997284, 0.1584443747997284, -0.023604857206344605], [-0.22407418489456177, 0.6891264915466309, 0.6891264915466309, -0.10736608409881593], [0.0, -0.7071067094802856, 0.7071067094802856, -0.15451251363754273], [0.0, 0.0, 0.0, 1.0]], [[0.2240782380104065, -0.6891258955001831, 0.6891258955001831, -0.1097212977409363], [0.974571168422699, 0.1584472358226776, -0.1584472358226776, 0.025639377236366275], [-8.659560603426554e-17, 0.7071067690849304, 0.7071067690849304, -0.13802689576148988], [0.0, 0.0, 0.0, 1.0]], [[0.530684769153595, -0.8475692868232727, 1.8819818743926413e-16, 0.0014876781702041362], [-0.8475692868232727, -0.530684769153595, 1.1783568990644144e-16, 0.00043882727622984193], [2.7192622655495665e-32, -2.220446049250313e-16, -1.0, 0.16366415596008302], [0.0, 0.0, 0.0, 1.0]], [[0.6813459396362305, 0.0, 0.7319615483283997, -0.11659848666191103], [0.7319615483283997, 0.0, -0.6813459396362305, 0.10888778018951417], [0.0, 1.0, 0.0, 0.03073383140563965], [0.0, 0.0, 0.0, 1.0]], [[0.8475749492645264, 0.3752443790435791, -0.3752443790435791, 0.06148421573638917], [0.5306757092475891, -0.599325954914093, 0.599325954914093, -0.09877198958396913], [8.659559941682064e-17, -0.7071067094802856, -0.7071067094802856, 0.1410746512413025], [0.0, 0.0, 0.0, 1.0]], [[0.8475749492645264, -0.5306757092475891, 1.178336782031917e-16, 0.0014016157388686968], [0.5306757092475891, 0.8475749492645264, -1.8819944475379521e-16, -0.0027380115985870097], [-2.719261971675979e-32, 2.220445916901415e-16, 0.9999999403953552, -0.15970162320137024], [0.0, 0.0, 0.0, 1.0]], [[-0.9993593096733093, -4.38315603325367e-18, 0.03579118475317955, -0.004921112373471261], [-0.03579118475317955, 1.2238622883177736e-16, -0.9993593096733093, 0.15910315918922427], [0.0, -1.0, -1.2246468525851679e-16, -0.004274720668792707], [0.0, 0.0, 0.0, 1.0]], [[-0.2240782380104065, 0.0, -0.974571168422699, 0.15397171902656556], [-0.974571168422699, 0.0, 0.2240782380104065, -0.03565419411659241], [0.0, 1.0, 0.0, -0.04305651473999023], [0.0, 0.0, 0.0, 1.0]], [[-0.2240782380104065, -0.974571168422699, -2.1639827006374434e-16, -0.005324973106384247], [-0.974571168422699, 0.2240782380104065, 4.9755363831317843e-17, 7.782974839209813e-05], [0.0, 2.220446049250313e-16, -1.0, 0.20457277679443361], [0.0, 0.0, 0.0, 1.0]], [[-0.8475749492645264, -6.498903301200472e-17, 0.5306757092475891, -0.08387787318229675], [-0.5306757092475891, 1.0379799816005313e-16, -0.8475749492645264, 0.13408485126495362], [0.0, -0.9999999403953552, -1.2246467202362698e-16, 0.045865993499755876], [0.0, 0.0, 0.0, 1.0]], [[-0.29322877526283264, -0.9560422897338867, 2.122840325155832e-16, 0.003718294143676728], [0.9560422897338867, -0.29322877526283264, 6.510986755588647e-17, 0.0004016945362090973], [-2.7192622655495665e-32, 2.220446049250313e-16, 1.0, -0.16889220237731936], [0.0, 0.0, 0.0, 1.0]], [[-0.6813459396362305, -1.7308025075244077e-16, -0.7319615483283997, 0.11796090674400331], [-0.7319615483283997, -6.198620195231472e-18, 0.6813459396362305, -0.10967269134521485], [-1.2246468525851679e-16, 1.0, -1.2246468525851679e-16, -0.04288823318481444], [0.0, 0.0, 0.0, 1.0]], [[0.6813459396362305, 8.963943878255857e-17, -0.7319615483283997, 0.11438768839836122], [0.7319615483283997, -8.34408185873271e-17, 0.6813459396362305, -0.10396569347381593], [0.0, -1.0, -1.2246468525851679e-16, -0.019106678009033186], [0.0, 0.0, 0.0, 1.0]], [[-0.9745720624923706, -0.1584443747997284, 0.1584443747997284, -0.023604857206344605], [0.22407418489456177, -0.6891264915466309, 0.6891264915466309, -0.10736608409881593], [-8.659559941682064e-17, 0.7071067094802856, 0.7071067094802856, -0.15451251363754273], [0.0, 0.0, 0.0, 1.0]], [[-0.9745720624923706, 0.1584443747997284, -0.1584443747997284, 0.02546917736530304], [0.22407418489456177, 0.6891264915466309, -0.6891264915466309, 0.11008570289611817], [8.659559941682064e-17, -0.7071067094802856, -0.7071067094802856, 0.1385150237083435], [0.0, 0.0, 0.0, 1.0]], [[-0.7319610714912415, -6.198494463778364e-18, 0.6813464760780334, -0.10412847018241883], [0.6813464760780334, 1.7308026398733057e-16, 0.7319610714912415, -0.1140135018825531], [-1.2246467202362698e-16, 0.9999999403953552, -1.2246467202362698e-16, -0.034646171569824205], [0.0, 0.0, 0.0, 1.0]], [[-0.29322877526283264, 8.117124674471841e-17, 0.9560422897338867, -0.14924847221374515], [0.9560422897338867, 1.5299159385888416e-16, 0.29322877526283264, -0.04651490962505341], [-1.2246468525851679e-16, 1.0, -1.2246468525851679e-16, -0.008892201423645002], [0.0, 0.0, 0.0, 1.0]], [[0.8475749492645264, -0.3752443790435791, -0.3752443790435791, 0.06218260383605957], [0.5306757092475891, 0.599325954914093, 0.599325954914093, -0.10104918265342713], [8.659559941682064e-17, -0.7071067094802856, 0.7071067094802856, -0.12577692556381226], [0.0, 0.0, 0.0, 1.0]], [[0.7319610714912415, 0.4817847013473511, 0.4817847013473511, -0.07219858598709107], [-0.6813464760780334, 0.5175746083259583, 0.5175746083259583, -0.07971166729927064], [0.0, -0.7071067094802856, 0.7071067094802856, -0.14778324651718142], [0.0, 0.0, 0.0, 1.0]], [[0.9745720624923706, 0.0, -0.22407418489456177, 0.0387357885837555], [-0.22407418489456177, 0.0, -0.9745720624923706, 0.1609699368476868], [0.0, 0.9999999403953552, 0.0, 0.04502053451538086], [0.0, 0.0, 0.0, 1.0]], [[-0.530684769153595, 0.5993219614028931, 0.5993219614028931, -0.10097752904891968], [0.8475692868232727, 0.37525078654289246, 0.37525078654289246, -0.06161758387088777], [0.0, 0.7071067690849304, -0.7071067690849304, 0.16098185944557192], [0.0, 0.0, 0.0, 1.0]], [[-0.29322877526283264, -3.5910170248360426e-17, -0.9560422897338867, 0.15532356262207034], [0.9560422897338867, 1.1708142030180128e-16, -0.29322877526283264, 0.04726953542232514], [1.2246468525851679e-16, -1.0, 0.0, 0.04597339630126953], [0.0, 0.0, 0.0, 1.0]], [[-0.7319610714912415, 0.4817847013473511, -0.4817847013473511, 0.07788633298873902], [0.6813464760780334, 0.5175746083259583, -0.5175746083259583, 0.08392411208152771], [8.659559941682064e-17, -0.7071067094802856, -0.7071067094802856, 0.1505998435020447], [0.0, 0.0, 0.0, 1.0]], [[-0.29322877526283264, 8.117124674471841e-17, 0.9560422897338867, -0.15113465309143068], [0.9560422897338867, 1.5299159385888416e-16, 0.29322877526283264, -0.046582462668418895], [-1.2246468525851679e-16, 1.0, -1.2246468525851679e-16, -0.024889812469482405], [0.0, 0.0, 0.0, 1.0]], [[-0.6813459396362305, -1.7308025075244077e-16, -0.7319615483283997, 0.11564452528953553], [-0.7319615483283997, -6.198620195231472e-18, 0.6813459396362305, -0.10597308158874512], [-1.2246468525851679e-16, 1.0, -1.2246468525851679e-16, 0.03670837783813478], [0.0, 0.0, 0.0, 1.0]], [[0.530684769153595, -0.5993219614028931, -0.5993219614028931, 0.09678673791885377], [-0.8475692868232727, -0.37525078654289246, -0.37525078654289246, 0.06029723942279817], [-8.659560603426554e-17, 0.7071067690849304, -0.7071067690849304, 0.15759868836402893], [0.0, 0.0, 0.0, 1.0]], [[0.9993593096733093, 0.025308189913630486, 0.025308189913630486, -0.004001139618456364], [0.03579118475317955, -0.7066537141799927, -0.7066537141799927, 0.11473948335647584], [-8.659560603426554e-17, 0.7071067690849304, -0.7071067690849304, 0.15191103196144104], [0.0, 0.0, 0.0, 1.0]], [[0.8475749492645264, -0.5306757092475891, 1.178336782031917e-16, 0.002143503427505477], [0.5306757092475891, 0.8475749492645264, -1.8819944475379521e-16, -0.005157030582427952], [-2.719261971675979e-32, 2.220445916901415e-16, 0.9999999403953552, -0.17263984227180482], [0.0, 0.0, 0.0, 1.0]], [[0.6813459396362305, 0.7319615483283997, 1.6252811281889371e-16, -0.0014693226814270247], [0.7319615483283997, -0.6813459396362305, -1.5128918998380102e-16, 0.0030422689914703584], [0.0, 2.220446049250313e-16, -1.0, 0.19670837783813477], [0.0, 0.0, 0.0, 1.0]], [[-0.29322877526283264, 0.9560422897338867, -2.122840325155832e-16, 0.006012812614440948], [0.9560422897338867, 0.29322877526283264, -6.510986755588647e-17, 0.00048384466767312006], [2.7192622655495665e-32, -2.220446049250313e-16, -1.0, 0.19760914611816408], [0.0, 0.0, 0.0, 1.0]], [[0.29322877526283264, -1.1708142030180128e-16, 0.9560422897338867, -0.1495316677093506], [-0.9560422897338867, -3.5910170248360426e-17, 0.29322877526283264, -0.04652505052089692], [0.0, -1.0, -1.2246468525851679e-16, -0.04396644592285155], [0.0, 0.0, 0.0, 1.0]], [[-0.29322877526283264, 0.6760239601135254, 0.6760239601135254, -0.1059274835586548], [0.9560422897338867, 0.20734405517578125, 0.20734405517578125, -0.03282642984390259], [-8.659560603426554e-17, 0.7071067690849304, -0.7071067690849304, 0.14238713288307192], [0.0, 0.0, 0.0, 1.0]], [[-0.6813459396362305, -0.5175749659538269, -0.5175749659538269, 0.08134267163276673], [-0.7319615483283997, 0.48178431391716003, 0.48178431391716003, -0.07404322111606598], [-8.659560603426554e-17, 0.7071067690849304, -0.7071067690849304, 0.14984546113014222], [0.0, 0.0, 0.0, 1.0]], [[-0.9745720624923706, -1.1935066127216496e-16, -0.22407418489456177, 0.037552304506301884], [0.22407418489456177, 2.7441174190964858e-17, -0.9745720624923706, 0.15873936128616334], [1.2246467202362698e-16, -0.9999999403953552, 0.0, -0.0278400821685791], [0.0, 0.0, 0.0, 1.0]], [[-0.2240782380104065, 0.0, -0.974571168422699, 0.1564702332019806], [-0.974571168422699, 0.0, 0.2240782380104065, -0.0355646984577179], [0.0, 1.0, 0.0, -0.024889812469482422], [0.0, 0.0, 0.0, 1.0]], [[0.8475749492645264, 1.0379799816005313e-16, -0.5306757092475891, 0.08630972933769226], [0.5306757092475891, 6.498903301200472e-17, 0.8475749492645264, -0.1383500032424927], [1.2246467202362698e-16, -0.9999999403953552, 0.0, 0.000298366516828537], [0.0, 0.0, 0.0, 1.0]], [[0.9745720624923706, -2.7441174190964858e-17, 0.22407418489456177, -0.03410562682151795], [-0.22407418489456177, -1.1935066127216496e-16, 0.9745720624923706, -0.15303737497329714], [0.0, -0.9999999403953552, -1.2246467202362698e-16, -0.0413754425048828], [0.0, 0.0, 0.0, 1.0]], [[-0.7319610714912415, -0.6813464760780334, 1.5128930909780923e-16, 0.003001579761505106], [0.6813464760780334, -0.7319610714912415, 1.625280069397753e-16, 0.001919791698455788], [-2.719261971675979e-32, 2.220445916901415e-16, 0.9999999403953552, -0.18078220295906067], [0.0, 0.0, 0.0, 1.0]], [[-0.29322877526283264, -3.5910170248360426e-17, -0.9560422897338867, 0.15897957992553713], [0.9560422897338867, 1.1708142030180128e-16, -0.29322877526283264, 0.04740044867992402], [1.2246468525851679e-16, -1.0, 0.0, 0.037609146118164065], [0.0, 0.0, 0.0, 1.0]], [[-0.530684769153595, 1.0379730332833858e-16, -0.8475692868232727, 0.1352146737575531], [0.8475692868232727, 6.499014474274799e-17, -0.530684769153595, 0.08477050089836122], [0.0, -1.0, -1.2246468525851679e-16, -0.02292550849914549], [0.0, 0.0, 0.0, 1.0]], [[-0.9745720624923706, 0.22407418489456177, -4.9754463858811386e-17, 0.0028839192390441963], [0.22407418489456177, 0.9745720624923706, -2.1639846858709135e-16, 0.0050384073257446595], [2.719261971675979e-32, -2.220445916901415e-16, -0.9999999403953552, 0.20502052235603335], [0.0, 0.0, 0.0, 1.0]], [[-0.7319610714912415, 0.4817847013473511, 0.4817847013473511, -0.07958118677139282], [0.6813464760780334, 0.5175746083259583, 0.5175746083259583, -0.08791281294822693], [-8.659559941682064e-17, 0.7071067094802856, -0.7071067094802856, 0.136755982875824], [0.0, 0.0, 0.0, 1.0]], [[0.530684769153595, -0.8475692868232727, 1.8819818743926413e-16, -0.004255360603332546], [-0.8475692868232727, -0.530684769153595, 1.1783568990644144e-16, -0.001322676777839677], [2.7192622655495665e-32, -2.220446049250313e-16, -1.0, 0.1733341522216797], [0.0, 0.0, 0.0, 1.0]], [[-0.2240782380104065, -0.6891258955001831, 0.6891258955001831, -0.11552429246902467], [-0.974571168422699, 0.1584472358226776, -0.1584472358226776, 0.02543156468868256], [0.0, -0.7071067690849304, -0.7071067690849304, 0.13793034195899964], [0.0, 0.0, 0.0, 1.0]], [[0.7319610714912415, 0.0, -0.6813464760780334, 0.11056926798820496], [-0.6813464760780334, 0.0, -0.7319610714912415, 0.11812710070610047], [0.0, 0.9999999403953552, 0.0, 0.03185247230529785], [0.0, 0.0, 0.0, 1.0]], [[-0.6813459396362305, 0.5175749659538269, -0.5175749659538269, 0.08365905404090881], [-0.7319615483283997, -0.48178431391716003, 0.48178431391716003, -0.07774283087253572], [-8.659560603426554e-17, 0.7071067690849304, 0.7071067690849304, -0.1560253164768219], [0.0, 0.0, 0.0, 1.0]], [[0.29322877526283264, -0.6760239601135254, 0.6760239601135254, -0.10215102100372316], [-0.9560422897338867, -0.20734405517578125, 0.20734405517578125, -0.03269120407104492], [0.0, -0.7071067690849304, -0.7071067690849304, 0.15074622941017152], [0.0, 0.0, 0.0, 1.0]], [[-0.8475749492645264, -0.5306757092475891, -1.178336782031917e-16, 0.0010302400588989423], [-0.5306757092475891, 0.8475749492645264, 1.8819944475379521e-16, -0.00152714109420779], [0.0, 2.220445916901415e-16, -0.9999999403953552, 0.20586598134040834], [0.0, 0.0, 0.0, 1.0]], [[0.530684769153595, 6.499014474274799e-17, 0.8475692868232727, -0.13886773276329042], [-0.8475692868232727, -1.0379730332833858e-16, 0.530684769153595, -0.08592591643333436], [1.2246468525851679e-16, -1.0, 0.0, 0.03714849853515625], [0.0, 0.0, 0.0, 1.0]], [[0.8475749492645264, 1.6878703778950275e-16, 0.5306757092475891, -0.0846618926525116], [0.5306757092475891, -3.880896514804841e-17, -0.8475749492645264, 0.13664115428924561], [-1.2246467202362698e-16, 0.9999999403953552, -1.2246467202362698e-16, 0.020111204147338885], [0.0, 0.0, 0.0, 1.0]], [[0.29322877526283264, 0.6760239601135254, -0.6760239601135254, 0.11159893226623536], [-0.9560422897338867, 0.20734405517578125, -0.20734405517578125, 0.033566602230072025], [0.0, 0.7071067690849304, 0.7071067690849304, -0.157103529214859], [0.0, 0.0, 0.0, 1.0]], [[-0.530684769153595, 0.5993219614028931, -0.5993219614028931, 0.0926348671913147], [0.8475692868232727, 0.37525078654289246, -0.37525078654289246, 0.059023772358894354], [0.0, -0.7071067690849304, -0.7071067690849304, 0.1502855818271637], [0.0, 0.0, 0.0, 1.0]], [[0.530684769153595, -3.880715858559059e-17, -0.8475692868232727, 0.13135572504997253], [-0.8475692868232727, -1.6878744807108658e-16, -0.530684769153595, 0.08358688616752624], [-1.2246468525851679e-16, 1.0, -1.2246468525851679e-16, 0.013334154129028337], [0.0, 0.0, 0.0, 1.0]], [[0.9745720624923706, 0.22407418489456177, 4.9754463858811386e-17, 0.0004638898968696525], [-0.22407418489456177, 0.9745720624923706, 2.1639846858709135e-16, -0.00362694525718692], [0.0, -2.220445916901415e-16, 0.9999999403953552, -0.19597485280036928], [0.0, 0.0, 0.0, 1.0]], [[-0.8475749492645264, 0.3752443790435791, -0.3752443790435791, 0.062246276855468755], [-0.5306757092475891, -0.599325954914093, 0.599325954914093, -0.10125680136680604], [0.0, 0.7071067094802856, 0.7071067094802856, -0.1345932822227478], [0.0, 0.0, 0.0, 1.0]], [[0.7319610714912415, 0.0, -0.6813464760780334, 0.10651780200004578], [-0.6813464760780334, 0.0, -0.7319610714912415, 0.1120091121196747], [0.0, 0.9999999403953552, 0.0, -0.01851419448852539], [0.0, 0.0, 0.0, 1.0]], [[0.29322877526283264, -1.1708142030180128e-16, 0.9560422897338867, -0.14924847221374515], [-0.9560422897338867, -3.5910170248360426e-17, 0.29322877526283264, -0.04651490962505341], [0.0, -1.0, -1.2246468525851679e-16, -0.008892201423645002], [0.0, 0.0, 0.0, 1.0]], [[0.6813459396362305, -0.5175749659538269, 0.5175749659538269, -0.08453916478157045], [0.7319615483283997, 0.48178431391716003, -0.48178431391716003, 0.08053958094120027], [0.0, 0.7071067690849304, 0.7071067690849304, -0.14844483017921448], [0.0, 0.0, 0.0, 1.0]], [[0.8475749492645264, -0.3752443790435791, -0.3752443790435791, 0.062246276855468755], [0.5306757092475891, 0.599325954914093, 0.599325954914093, -0.10125680136680604], [8.659559941682064e-17, -0.7071067094802856, 0.7071067094802856, -0.1345932822227478], [0.0, 0.0, 0.0, 1.0]], [[0.2240782380104065, 1.4679222589237894e-16, 0.974571168422699, -0.1611955349445343], [0.974571168422699, 9.190888489371416e-17, -0.2240782380104065, 0.03593252491950989], [-1.2246468525851679e-16, 1.0, -1.2246468525851679e-16, 0.024793258666992207], [0.0, 0.0, 0.0, 1.0]], [[0.8475749492645264, -0.3752443790435791, -0.3752443790435791, 0.060442437171936036], [0.5306757092475891, 0.599325954914093, 0.599325954914093, -0.09537525725364686], [8.659559941682064e-17, -0.7071067094802856, 0.7071067094802856, -0.15016250371932985], [0.0, 0.0, 0.0, 1.0]], [[0.8475749492645264, 0.5306757092475891, -1.178336782031917e-16, 0.0014451147317886518], [0.5306757092475891, -0.8475749492645264, 1.8819944475379521e-16, -0.0028798363208771016], [2.719261971675979e-32, -2.220445916901415e-16, -0.9999999403953552, 0.18793756794929506], [0.0, 0.0, 0.0, 1.0]], [[0.2240782380104065, 2.744167049933239e-17, -0.974571168422699, 0.15066723847389224], [0.974571168422699, 1.1935055539304655e-16, 0.2240782380104065, -0.03577251124382019], [1.2246468525851679e-16,