{"co_parameters": [[[0.7319610714912415, -8.34408847617761e-17, 0.6813464760780334, -0.10821465468406678], [-0.6813464760780334, -8.963937922555447e-17, 0.7319610714912415, -0.11600159621238709], [0.0, -0.9999999403953552, -1.2246467202362698e-16, 0.03746276855468751], [0.0, 0.0, 0.0, 1.0]], [[-0.7319610714912415, -0.4817847013473511, 0.4817847013473511, -0.07408397245407106], [0.6813464760780334, -0.5175746083259583, 0.5175746083259583, -0.08089214587211609], [-8.659559941682064e-17, 0.7071067094802856, 0.7071067094802856, -0.13391928625106814], [0.0, 0.0, 0.0, 1.0]], [[-0.2240782380104065, -1.1935055539304655e-16, 0.974571168422699, -0.1612563602924347], [-0.974571168422699, 2.744167049933239e-17, -0.2240782380104065, 0.035930347681045534], [0.0, -1.0, -1.2246468525851679e-16, 0.044572772979736344], [0.0, 0.0, 0.0, 1.0]], [[-0.9993593096733093, -4.38315603325367e-18, 0.03579118475317955, -0.005794907048344613], [-0.03579118475317955, 1.2238622883177736e-16, -0.9993593096733093, 0.1619521715641022], [0.0, -1.0, -1.2246468525851679e-16, 0.030555999755859393], [0.0, 0.0, 0.0, 1.0]], [[-0.9745720624923706, 0.22407418489456177, -4.9754463858811386e-17, 0.00019978296756745082], [0.22407418489456177, 0.9745720624923706, -2.1639846858709135e-16, -2.0541621372073395e-05], [2.719261971675979e-32, -2.220445916901415e-16, -0.9999999403953552, 0.16779926228523256], [0.0, 0.0, 0.0, 1.0]], [[0.6813459396362305, -0.5175749659538269, 0.5175749659538269, -0.08453916478157045], [0.7319615483283997, 0.48178431391716003, -0.48178431391716003, 0.08053958094120027], [0.0, 0.7071067690849304, 0.7071067690849304, -0.14844483017921448], [0.0, 0.0, 0.0, 1.0]], [[-0.7319610714912415, -8.963937922555447e-17, -0.6813464760780334, 0.10809080576896668], [0.6813464760780334, 8.34408847617761e-17, -0.7319610714912415, 0.11497395873069764], [1.2246467202362698e-16, -0.9999999403953552, 0.0, -0.043614818572998044], [0.0, 0.0, 0.0, 1.0]], [[-0.7319610714912415, -0.6813464760780334, 1.5128930909780923e-16, -0.0002389452904463026], [0.6813464760780334, -0.7319610714912415, 1.625280069397753e-16, -0.0008474702835083236], [-2.719261971675979e-32, 2.220445916901415e-16, 0.9999999403953552, -0.16485197567939758], [0.0, 0.0, 0.0, 1.0]], [[0.530684769153595, 0.5993219614028931, -0.5993219614028931, 0.0941488823890686], [-0.8475692868232727, 0.37525078654289246, -0.37525078654289246, 0.059488149762153636], [-8.659560603426554e-17, 0.7071067690849304, 0.7071067690849304, -0.1438960020542145], [0.0, 0.0, 0.0, 1.0]], [[0.9745720624923706, -2.7441174190964858e-17, 0.22407418489456177, -0.03444456124305726], [-0.22407418489456177, -1.1935066127216496e-16, 0.9745720624923706, -0.15367617464065553], [0.0, -0.9999999403953552, -1.2246467202362698e-16, 0.03746276855468751], [0.0, 0.0, 0.0, 1.0]], [[-0.9745720624923706, 0.1584443747997284, -0.1584443747997284, 0.02565042245388031], [0.22407418489456177, 0.6891264915466309, -0.6891264915466309, 0.11122837829589845], [8.659559941682064e-17, -0.7071067094802856, -0.7071067094802856, 0.1533286032676697], [0.0, 0.0, 0.0, 1.0]], [[0.7319610714912415, -0.4817847013473511, -0.4817847013473511, 0.07788633298873902], [-0.6813464760780334, -0.5175746083259583, -0.5175746083259583, 0.08392411208152771], [0.0, 0.7071067094802856, -0.7071067094802856, 0.1505998435020447], [0.0, 0.0, 0.0, 1.0]], [[0.530684769153595, -3.880715858559059e-17, -0.8475692868232727, 0.13268104052543642], [-0.8475692868232727, -1.6878744807108658e-16, -0.530684769153595, 0.08399338412284851], [-1.2246468525851679e-16, 1.0, -1.2246468525851679e-16, 0.022241664886474628], [0.0, 0.0, 0.0, 1.0]], [[-0.6813459396362305, -8.34408185873271e-17, 0.7319615483283997, -0.11688557219505312], [-0.7319615483283997, -8.963943878255857e-17, -0.6813459396362305, 0.10934630203247071], [1.2246468525851679e-16, -1.0, 0.0, 0.006618118286132813], [0.0, 0.0, 0.0, 1.0]], [[-0.7319610714912415, -6.198494463778364e-18, 0.6813464760780334, -0.1060138566493988], [0.6813464760780334, 1.7308026398733057e-16, 0.7319610714912415, -0.11519397997856141], [-1.2246467202362698e-16, 0.9999999403953552, -1.2246467202362698e-16, -0.02078221130371092], [0.0, 0.0, 0.0, 1.0]], [[0.2240782380104065, 1.4679222589237894e-16, 0.974571168422699, -0.15539254117012025], [0.974571168422699, 9.190888489371416e-17, -0.2240782380104065, 0.03614033770561218], [-1.2246468525851679e-16, 1.0, -1.2246468525851679e-16, -0.024889812469482405], [0.0, 0.0, 0.0, 1.0]], [[-0.8475749492645264, 0.0, -0.5306757092475891, 0.08657992911338806], [-0.5306757092475891, 0.0, 0.8475749492645264, -0.13923099803924563], [0.0, 0.9999999403953552, 0.0, -0.042540817260742186], [0.0, 0.0, 0.0, 1.0]], [[0.9745720624923706, 0.22407418489456177, 4.9754463858811386e-17, 0.0010269230604171683], [-0.22407418489456177, 0.9745720624923706, 2.1639846858709135e-16, 0.0015384238958358462], [0.0, -2.220445916901415e-16, 0.9999999403953552, -0.17239843678474426], [0.0, 0.0, 0.0, 1.0]], [[-0.7319610714912415, -0.6813464760780334, 1.5128930909780923e-16, 0.0019791533946990755], [0.6813464760780334, -0.7319610714912415, 1.625280069397753e-16, 0.0012796344757079851], [-2.719261971675979e-32, 2.220445916901415e-16, 0.9999999403953552, -0.20126367497444153], [0.0, 0.0, 0.0, 1.0]], [[0.9745720624923706, 0.1584443747997284, 0.1584443747997284, -0.02488721001148224], [-0.22407418489456177, 0.6891264915466309, 0.6891264915466309, -0.11388718414306641], [0.0, -0.7071067094802856, 0.7071067094802856, -0.14911193609237672], [0.0, 0.0, 0.0, 1.0]], [[-0.9745720624923706, -9.19094870812001e-17, 0.22407418489456177, -0.03552961802482606], [0.22407418489456177, 1.4679184208057471e-16, 0.9745720624923706, -0.1556035695075989], [-1.2246467202362698e-16, 0.9999999403953552, -1.2246467202362698e-16, -0.02031698036193846], [0.0, 0.0, 0.0, 1.0]], [[0.2240782380104065, 0.6891258955001831, 0.6891258955001831, -0.11558511590957643], [0.974571168422699, -0.1584472358226776, -0.1584472358226776, 0.025429387450218204], [-8.659560603426554e-17, 0.7071067690849304, -0.7071067690849304, 0.15770985627174378], [0.0, 0.0, 0.0, 1.0]], [[0.7319610714912415, -8.34408847617761e-17, 0.6813464760780334, -0.11151107096672058], [-0.6813464760780334, -8.963937922555447e-17, 0.7319610714912415, -0.12221464705467225], [0.0, -0.9999999403953552, -1.2246467202362698e-16, 0.02361890983581545], [0.0, 0.0, 0.0, 1.0]], [[0.2240782380104065, -0.6891258955001831, 0.6891258955001831, -0.11218520307540894], [0.974571168422699, 0.1584472358226776, -0.1584472358226776, 0.02555112135410309], [-8.659560603426554e-17, 0.7071067690849304, 0.7071067690849304, -0.1483296148777008], [0.0, 0.0, 0.0, 1.0]], [[-0.9745720624923706, -9.19094870812001e-17, 0.22407418489456177, -0.03444456124305726], [0.22407418489456177, 1.4679184208057471e-16, 0.9745720624923706, -0.15367617464065553], [-1.2246467202362698e-16, 0.9999999403953552, -1.2246467202362698e-16, 0.03746276855468751], [0.0, 0.0, 0.0, 1.0]], [[0.29322877526283264, 0.6760239601135254, -0.6760239601135254, 0.11159893226623536], [-0.9560422897338867, 0.20734405517578125, -0.20734405517578125, 0.033566602230072025], [0.0, 0.7071067690849304, 0.7071067690849304, -0.157103529214859], [0.0, 0.0, 0.0, 1.0]], [[0.29322877526283264, 0.6760239601135254, 0.6760239601135254, -0.10472873497009279], [-0.9560422897338867, 0.20734405517578125, 0.20734405517578125, -0.03278349542617798], [0.0, -0.7071067690849304, 0.7071067690849304, -0.157103529214859], [0.0, 0.0, 0.0, 1.0]], [[0.29322877526283264, 0.0, -0.9560422897338867, 0.1547988796234131], [-0.9560422897338867, 0.0, -0.29322877526283264, 0.04725074565410615], [0.0, 1.0, 0.0, -0.024889812469482422], [0.0, 0.0, 0.0, 1.0]], [[-0.530684769153595, -0.8475692868232727, -1.8819818743926413e-16, -0.0020053076744079327], [0.8475692868232727, -0.530684769153595, -1.1783568990644144e-16, -0.0006325416564941242], [0.0, -2.220446049250313e-16, 1.0, -0.16346157264709474], [0.0, 0.0, 0.0, 1.0]], [[0.6813459396362305, 0.7319615483283997, 1.6252811281889371e-16, 0.00022827520966527573], [0.7319615483283997, -0.6813459396362305, -1.5128918998380102e-16, 0.00033095178008081647], [0.0, 2.220446049250313e-16, -1.0, 0.16661811828613282], [0.0, 0.0, 0.0, 1.0]], [[-0.9993593096733093, -0.025308189913630486, 0.025308189913630486, -0.004117627836763859], [-0.03579118475317955, 0.7066537141799927, -0.7066537141799927, 0.11511927556991579], [0.0, -0.7071067690849304, -0.7071067690849304, 0.14369308304786682], [0.0, 0.0, 0.0, 1.0]], [[-0.29322877526283264, -3.5910170248360426e-17, -0.9560422897338867, 0.15871604919433596], [0.9560422897338867, 1.1708142030180128e-16, -0.29322877526283264, 0.047391042590141305], [1.2246468525851679e-16, -1.0, 0.0, 0.007876004219055176], [0.0, 0.0, 0.0, 1.0]], [[-0.7319610714912415, -8.963937922555447e-17, -0.6813464760780334, 0.10981621718406678], [0.6813464760780334, 8.34408847617761e-17, -0.7319610714912415, 0.11822594618797302], [1.2246467202362698e-16, -0.9999999403953552, 0.0, 0.0374627685546875], [0.0, 0.0, 0.0, 1.0]], [[0.7319610714912415, 0.4817847013473511, 0.4817847013473511, -0.0769296612739563], [-0.6813464760780334, 0.5175746083259583, 0.5175746083259583, -0.0829152352809906], [0.0, -0.7071067094802856, 0.7071067094802856, -0.14846606206893923], [0.0, 0.0, 0.0, 1.0]], [[-0.6813459396362305, -0.5175749659538269, -0.5175749659538269, 0.08134267163276673], [-0.7319615483283997, 0.48178431391716003, 0.48178431391716003, -0.07404322111606598], [-8.659560603426554e-17, 0.7071067690849304, -0.7071067690849304, 0.14984546113014222], [0.0, 0.0, 0.0, 1.0]], [[0.9745720624923706, 0.0, -0.22407418489456177, 0.036219451665878304], [-0.22407418489456177, 0.0, -0.9745720624923706, 0.15622724008560182], [0.0, 0.9999999403953552, 0.0, -0.004851984977722168], [0.0, 0.0, 0.0, 1.0]], [[-0.29322877526283264, -3.5910170248360426e-17, -0.9560422897338867, 0.1567366695404053], [0.9560422897338867, 1.1708142030180128e-16, -0.29322877526283264, 0.04732014787197114], [1.2246468525851679e-16, -1.0, 0.0, 0.020226324081420898], [0.0, 0.0, 0.0, 1.0]], [[0.9745720624923706, -0.1584443747997284, -0.1584443747997284, 0.02565042245388031], [-0.22407418489456177, -0.6891264915466309, -0.6891264915466309, 0.11122837829589845], [0.0, 0.7071067094802856, -0.7071067094802856, 0.1533286032676697], [0.0, 0.0, 0.0, 1.0]], [[0.7319610714912415, 0.4817847013473511, 0.4817847013473511, -0.07699054574966431], [-0.6813464760780334, 0.5175746083259583, 0.5175746083259583, -0.08271201014518738], [0.0, -0.7071067094802856, 0.7071067094802856, -0.14041812658309938], [0.0, 0.0, 0.0, 1.0]], [[0.2240782380104065, 1.4679222589237894e-16, 0.974571168422699, -0.1544665768146515], [0.974571168422699, 9.190888489371416e-17, -0.2240782380104065, 0.03617350029945374], [-1.2246468525851679e-16, 1.0, -1.2246468525851679e-16, 0.004639462947845476], [0.0, 0.0, 0.0, 1.0]], [[-0.9993593096733093, 0.025308189913630486, 0.025308189913630486, -0.0043140452280640606], [-0.03579118475317955, -0.7066537141799927, -0.7066537141799927, 0.11575969266891481], [0.0, -0.7071067690849304, 0.7071067690849304, -0.12863372445106508], [0.0, 0.0, 0.0, 1.0]], [[-0.6813459396362305, -1.7308025075244077e-16, -0.7319615483283997, 0.11613304591178895], [-0.7319615483283997, -6.198620195231472e-18, 0.6813459396362305, -0.10675332164764405], [-1.2246468525851679e-16, 1.0, -1.2246468525851679e-16, -0.009895602226257308], [0.0, 0.0, 0.0, 1.0]], [[0.6813459396362305, -0.7319615483283997, -1.6252811281889371e-16, -0.002726159334182717], [0.7319615483283997, 0.6813459396362305, 1.5128918998380102e-16, 0.005049656391143778], [0.0, -2.220446049250313e-16, 1.0, -0.1791066780090332], [0.0, 0.0, 0.0, 1.0]], [[-0.9993593096733093, -0.025308189913630486, 0.025308189913630486, -0.003398531161248684], [-0.03579118475317955, 0.7066537141799927, -0.7066537141799927, 0.11277466440200806], [0.0, -0.7071067690849304, -0.7071067690849304, 0.15900307679176331], [0.0, 0.0, 0.0, 1.0]], [[-0.2240782380104065, -0.974571168422699, -2.1639827006374434e-16, 0.0009088320732117002], [-0.974571168422699, 0.2240782380104065, 4.9755363831317843e-17, 0.0003010712563991477], [0.0, 2.220446049250313e-16, -1.0, 0.20043275833129884], [0.0, 0.0, 0.0, 1.0]], [[0.530684769153595, -3.880715858559059e-17, -0.8475692868232727, 0.13372131037712098], [-0.8475692868232727, -1.6878744807108658e-16, -0.530684769153595, 0.08431245493888856], [-1.2246468525851679e-16, 1.0, -1.2246468525851679e-16, -0.04337236785888671], [0.0, 0.0, 0.0, 1.0]], [[0.9745720624923706, -0.1584443747997284, -0.1584443747997284, 0.026758408188819888], [-0.22407418489456177, -0.6891264915466309, -0.6891264915466309, 0.11251559448242188], [0.0, 0.7071067094802856, -0.7071067094802856, 0.1505998435020447], [0.0, 0.0, 0.0, 1.0]], [[-0.9745720624923706, -1.1935066127216496e-16, -0.22407418489456177, 0.03725917792320252], [0.22407418489456177, 2.7441174190964858e-17, -0.9745720624923706, 0.15818688440322878], [1.2246467202362698e-16, -0.9999999403953552, 0.0, 0.0374627685546875], [0.0, 0.0, 0.0, 1.0]], [[-0.7319610714912415, -0.4817847013473511, 0.4817847013473511, -0.07958318662643434], [0.6813464760780334, -0.5175746083259583, 0.5175746083259583, -0.08791659617424011], [-8.659559941682064e-17, 0.7071067094802856, 0.7071067094802856, -0.13165126943588257], [0.0, 0.0, 0.0, 1.0]], [[0.6813459396362305, 0.5175749659538269, 0.5175749659538269, -0.08428131699562073], [0.7319615483283997, -0.48178431391716003, -0.48178431391716003, 0.08012775957584382], [0.0, 0.7071067690849304, -0.7071067690849304, 0.14984546113014222], [0.0, 0.0, 0.0, 1.0]]], "foliation_name": "slide_table", "similarity_matrix": [[1.0, 0.20398855194972929, 0.2730231769884057, 0.012093744190776794, 0.12100557639594359, 0.02472813419487846, 0.004505215055347462, 0.03685810934196473, 0.00503138865126776, 0.7094974826951064, 0.015473072478067503, 0.012339287177168007, 0.007039083028510249, 0.07469912410108571, 0.8437013277472456, 0.23129085405123564, 0.10572619545914982, 0.030210532887447496, 0.015544537316234928, 0.12367219568183707, 0.6006728580237738, 0.17776926266303578, 0.988012587031422, 0.0650184864134474, 0.7094974826951064, 0.004083134548699564, 0.10621329361150282, 0.0065232188592331325, 0.038548527316561776, 0.12233924566971753, 0.02258733605858402, 0.0068345936902574345, 0.005664421047416781, 0.15980584714550802, 0.08048442478756594, 0.007611778812813988, 0.007450964100614798, 0.015473072478067503, 0.18495963169993887, 0.26725492165452785, 0.009693025526188127, 0.07157075308371656, 0.02610044247909142, 0.019836772086800226, 0.07400767315676864, 0.004885265308042176, 0.015269471623357202, 0.007779293122222126, 0.2205764289680467, 0.07522172632555792], [0.20398855194972929, 1.0, 0.06998653511607446, 0.010422763870066283, 0.005461015643974235, 0.26716616782227853, 0.018279147391385076, 0.5266942649883328, 0.08994215032671964, 0.16305992596344276, 0.0012386723241877159, 0.0011021112543959219, 0.008637891588155257, 0.05535413177559, 0.47229256866597263, 0.19968567604801787, 0.1525816045612631, 0.49849099802665237, 0.42567629892611425, 0.8293981289267618, 0.36816516949273637, 0.0071078698179337435, 0.2472675012113617, 0.5221693859269737, 0.16305992596344276, 0.08990605739375243, 0.8272750356410464, 0.017381830900789454, 0.534856534867356, 0.005651811869515816, 0.002118854034318977, 0.010385545735006697, 0.005534606507298175, 0.9888689105747032, 0.005007889508028961, 0.013919022514560859, 0.009025507074493939, 0.0012386723241877159, 0.9973030458887833, 0.13943663929658665, 0.11294611427526795, 0.0731221578098036, 0.48368276755120004, 0.0013233040238749632, 0.0017158263425909588, 0.019263452997573392, 0.0013053900969796472, 0.006797748886046821, 0.9957712277796125, 0.004543313670387204], [0.2730231769884057, 0.06998653511607446, 1.0, 0.13340772498703257, 0.11888651780795374, 0.10442885821291961, 0.012876100348449743, 0.028222673939517478, 0.0060001149477340405, 0.07367784731845849, 0.07239662044035101, 0.028804342824606744, 0.011247928730257093, 0.643949800258657, 0.22109076646786754, 0.7842243156436199, 0.006530808287002563, 0.023692674179034874, 0.01179572575364398, 0.019380022603280134, 0.0584142512101366, 0.47229253819153855, 0.247306157593965, 0.13692454715185018, 0.07367784731845849, 0.0028498461166485633, 0.08779369682131369, 0.004976761650330251, 0.02992959735683282, 0.12072217972121893, 0.12983208791597467, 0.005243487566198722, 0.017732014085783246, 0.0533700354448862, 0.016238873458963705, 0.06078741595975708, 0.005833540009656731, 0.07239662044035101, 0.06237328365999786, 0.9212090570143333, 0.04705057257854072, 0.00633610035292104, 0.021932738344314952, 0.11097735076083556, 0.07450779578211972, 0.007483366147128249, 0.07230643081368822, 0.06556337707444494, 0.07013590353733444, 0.3873056949616146], [0.012093744190776794, 0.010422763870066283, 0.13340772498703257, 1.0, 0.104557233993248, 0.10580651684374687, 0.3554114637249693, 0.03902194055577675, 0.07810125755582914, 0.0062635390252750115, 0.3936773016972449, 0.25258701358875074, 0.2816998350159322, 0.45637063547805207, 0.011086336328926706, 0.12665684023756282, 0.005045061992915943, 0.034835243735821156, 0.018362644000346637, 0.004042058828604057, 0.00511889622832909, 0.09575349210215738, 0.009754183931761792, 0.04492095319750715, 0.0062635390252750115, 0.03755259210935609, 0.01551435349898767, 0.12205266937239959, 0.040276466836727254, 0.10686965155640853, 0.4722925220400464, 0.13039170458250954, 0.46457046880802244, 0.007490348800798377, 0.02042998063160906, 0.858441276779069, 0.13735974232398235, 0.3936773016972449, 0.008711467574286353, 0.144915028432812, 0.25289252562927084, 0.011542106419713026, 0.032105891552176406, 0.3880445404834721, 0.0635253879128834, 0.21244625570869177, 0.40813174722236484, 0.9086382192747527, 0.00869849145807909, 0.2579040577187391], [0.12100557639594359, 0.005461015643974235, 0.11888651780795374, 0.104557233993248, 1.0, 0.0030873615936052286, 0.030565102225777373, 0.003642324552291622, 0.003873531681559322, 0.12342551430964363, 0.5158357116867566, 0.5121259239970016, 0.10100176420133881, 0.07529711171674577, 0.049217944259919974, 0.04331830203625738, 0.028299698735942447, 0.0027550268957225194, 0.0, 0.0030289113752432887, 0.047368299885344974, 0.49257691414766835, 0.08953586747424462, 0.003166345754346101, 0.12342551430964363, 0.0022802223774891794, 0.002475871902812964, 0.04198884700527481, 0.003828281487591143, 0.9999240060428983, 0.49999378749742235, 0.07053426312730349, 0.11629114587356212, 0.0032326556188895287, 0.5381800560290867, 0.061995580241605855, 0.08809193968700404, 0.5158357116867566, 0.004251256119141765, 0.07453218531267128, 0.006003062272255391, 0.05928768766492096, 0.0021196318768127304, 0.5267994176449335, 0.9481005502507022, 0.03060621587919414, 0.5048037747318787, 0.11395368434089115, 0.005270974375193976, 0.49933831454886507], [0.02472813419487846, 0.26716616782227853, 0.10442885821291961, 0.10580651684374687, 0.0030873615936052286, 1.0, 0.08480129223706787, 0.4964380883882403, 0.19771385822017767, 0.009777712620054564, 0.0051633808805499615, 0.0027422234727454502, 0.021697637413095362, 0.2733877097185609, 0.06340930026581838, 0.3284050701652041, 0.011488220128031952, 0.4930484496994659, 0.43680281201651006, 0.12616097648869332, 0.023708169466930457, 0.007236052365160127, 0.027791150198927184, 0.8273994085121426, 0.009777712620054564, 0.13007123180267585, 0.5134860359876348, 0.02484599349328976, 0.5057975311437917, 0.0032256823217634207, 0.009247328854927989, 0.014164989643419178, 0.024721482167377882, 0.26193688227029954, 0.0, 0.12891218646900113, 0.012111305340602733, 0.0051633808805499615, 0.2619747844931061, 0.2196406636039178, 0.6679071565729606, 0.008540583770142962, 0.5132925233792628, 0.005740486686621051, 0.0, 0.05285491886216834, 0.005535124376565069, 0.062288069475570335, 0.2380663384221465, 0.011382000523553563], [0.004505215055347462, 0.018279147391385076, 0.012876100348449743, 0.3554114637249693, 0.030565102225777373, 0.08480129223706787, 1.0, 0.13609438611001065, 0.5133664236665361, 0.006749940994548428, 0.1020173381467746, 0.13782847820951874, 0.7443937108357763, 0.0697638487833981, 0.006652921385250127, 0.022076800694895447, 0.038310266555065274, 0.12900690818508767, 0.08583795040477186, 0.01694939376376489, 0.008612611578826618, 0.006922246995736471, 0.003983362084791688, 0.03394421614773501, 0.006749940994548428, 0.37663597800468, 0.01800414169238321, 0.7004241462027248, 0.13608841878896313, 0.03148146348558575, 0.09191957499353394, 0.6130668478668722, 0.7192986309023214, 0.014399713485365926, 0.024579282323085698, 0.6579298143308183, 0.5762648660382389, 0.1020173381467746, 0.015689622113119014, 0.020473994565455428, 0.3701980655457212, 0.08031373696643075, 0.11783934968024591, 0.06865383885032755, 0.014539726433206068, 0.9232257164866553, 0.10865426108910549, 0.5100719248539318, 0.014584758934142728, 0.0224614506861673], [0.03685810934196473, 0.5266942649883328, 0.028222673939517478, 0.03902194055577675, 0.003642324552291622, 0.4964380883882403, 0.13609438611001065, 1.0, 0.5221936451825223, 0.037594976511256005, 0.002955779889953429, 0.003240573429813503, 0.04981466562521556, 0.06315313283226505, 0.10501576382377521, 0.10496000557117467, 0.12435921838805165, 0.9967919488198056, 0.9353967929804082, 0.5056201931113838, 0.0995502369102983, 0.002421169777210641, 0.04334647067506013, 0.508955732445216, 0.037594976511256005, 0.5026234789502874, 0.5487233368362774, 0.10028026986621724, 0.9997449800366468, 0.0038004079917483592, 0.004057122245972188, 0.05632218055035869, 0.03439469378152854, 0.5249051469640095, 0.003565946801359998, 0.07547792987156032, 0.046552723956470435, 0.002955779889953429, 0.5169681748141901, 0.06730394186156657, 0.473962213957454, 0.08700572267368903, 0.9878624672615366, 0.002454083595607855, 0.0, 0.13537013860081828, 0.003189365797911842, 0.0336948101328587, 0.4727016170102469, 0.00326644208394586], [0.00503138865126776, 0.08994215032671964, 0.0060001149477340405, 0.07810125755582914, 0.003873531681559322, 0.19771385822017767, 0.5133664236665361, 0.5221936451825223, 1.0, 0.008398978559063193, 0.008038440938664891, 0.012222459294860268, 0.2264076645337764, 0.03038690048286114, 0.013439704709527083, 0.02099581133543464, 0.08254181563183212, 0.5260309318200329, 0.46809545714564693, 0.1091158083601287, 0.019580798916640507, 0.0, 0.005380510205357172, 0.11194589838024302, 0.008398978559063193, 0.9440633097059817, 0.08934687236561396, 0.40657382243402523, 0.515591111061288, 0.004040482390160648, 0.008144740570100171, 0.2545093910230805, 0.16025794353507358, 0.08359233252173268, 0.0051284625157121564, 0.20116715467024165, 0.21198586117270385, 0.008038440938664891, 0.08378466614147213, 0.014378017096702743, 0.519437663264443, 0.0995982293777486, 0.5067635712034096, 0.005176527408906707, 0.0011344239659082207, 0.5408424721861218, 0.008747795355690688, 0.10063644900351165, 0.07375740647030124, 0.002352847291671697], [0.7094974826951064, 0.16305992596344276, 0.07367784731845849, 0.0062635390252750115, 0.12342551430964363, 0.009777712620054564, 0.006749940994548428, 0.037594976511256005, 0.008398978559063193, 1.0, 0.012462068885082408, 0.016370731497211775, 0.014207517359759825, 0.021048915768028257, 0.6065432065961481, 0.06510079206247042, 0.34527908165257304, 0.03082650609473562, 0.015994487942340613, 0.1610787126588898, 0.8460078681890915, 0.06993025199771165, 0.7003532541642397, 0.026098742572928928, 1.0, 0.008674059743128005, 0.05637218426748148, 0.01794156416032677, 0.03877416238396568, 0.12464649703070647, 0.014348961955133037, 0.019322189728358818, 0.008453326240894248, 0.12602789045425924, 0.1978655321312052, 0.005539004600735451, 0.020711788741771802, 0.012462068885082408, 0.14569788016579363, 0.07576695560677382, 0.006068577948162049, 0.2574801719959796, 0.02555319187489392, 0.012771585317531508, 0.07579541670976736, 0.010020483273073163, 0.012339290361529592, 0.0056644237075385885, 0.1738509688490405, 0.030230765823188507], [0.015473072478067503, 0.0012386723241877159, 0.07239662044035101, 0.3936773016972449, 0.5158357116867566, 0.0051633808805499615, 0.1020173381467746, 0.002955779889953429, 0.008038440938664891, 0.012462068885082408, 1.0, 0.84018129751977, 0.22990172661057418, 0.1231404229081217, 0.006801570806298763, 0.029627864397584174, 0.004986553138249141, 0.0023277783842892905, 0.0, 0.0, 0.0049107951469368, 0.2547880827252577, 0.010725061457493244, 0.0025192022729015337, 0.012462068885082408, 0.003818429848807903, 0.0, 0.07202495000555978, 0.0030954018602876144, 0.5187425919082373, 0.9514939668904011, 0.11656824211953051, 0.35756081352325686, 0.0, 0.15355566270583765, 0.25697133586342785, 0.14211850720186497, 1.0, 0.0, 0.04903354049415485, 0.01762613146336779, 0.015980661955328986, 0.001864619938356653, 0.9570154982220859, 0.4690032907979045, 0.07742232695786506, 0.9994834371145325, 0.45447430745514894, 0.001050974578071442, 0.5202179705364648], [0.012339287177168007, 0.0011021112543959219, 0.028804342824606744, 0.25258701358875074, 0.5121259239970016, 0.0027422234727454502, 0.13782847820951874, 0.003240573429813503, 0.012222459294860268, 0.016370731497211775, 0.84018129751977, 1.0, 0.3774069729750015, 0.051229334620121074, 0.005534606507298185, 0.012279280340149204, 0.012483565359052639, 0.002564065524105001, 0.0, 0.0, 0.006614768734932747, 0.1290853598275753, 0.008565025387291553, 0.001275991306618363, 0.016370731497211775, 0.007004836295390797, 0.0, 0.14887552508234594, 0.003354776520845091, 0.5147601902426604, 0.6788040156035742, 0.24344029646064083, 0.47229256866597286, 0.0, 0.2867659788331448, 0.21063451124886734, 0.2927369489398284, 0.84018129751977, 0.0, 0.020372321786581493, 0.013435704615986727, 0.041327912947570974, 0.0019954262854513195, 0.6868407882333015, 0.4628061107853989, 0.13012778292086896, 0.8422860846750463, 0.36831620595598275, 0.0, 0.26806609977359663], [0.007039083028510249, 0.008637891588155257, 0.011247928730257093, 0.2816998350159322, 0.10100176420133881, 0.021697637413095362, 0.7443937108357763, 0.04981466562521556, 0.2264076645337764, 0.014207517359759825, 0.22990172661057418, 0.3774069729750015, 1.0, 0.042188507720900055, 0.006950833406726786, 0.012280075531833669, 0.06005749448757458, 0.04471292136767321, 0.02456765035789339, 0.009086831538713949, 0.012270580148612804, 0.015130143784756602, 0.005738574630150675, 0.009508202453154679, 0.014207517359759825, 0.17219873119000895, 0.005735094642393543, 0.8161962988104781, 0.05002079262083371, 0.10309467863696005, 0.17851221274280682, 0.8947301324622764, 0.9081468195517951, 0.0061183332738985454, 0.11111383313391325, 0.46617672324657006, 0.9080872858240379, 0.22990172661057418, 0.007057244105194957, 0.01391936686080528, 0.11891742630528598, 0.15163195103122398, 0.038263278925800975, 0.14893072982788716, 0.0601506079109573, 0.8062232574051751, 0.24016283455676304, 0.4759562002235658, 0.007027413290518971, 0.04176565514390669], [0.07469912410108571, 0.05535413177559, 0.643949800258657, 0.45637063547805207, 0.07529711171674577, 0.2733877097185609, 0.0697638487833981, 0.06315313283226505, 0.03038690048286114, 0.021048915768028257, 0.1231404229081217, 0.051229334620121074, 0.042188507720900055, 1.0, 0.07667865332802559, 0.6757833016377303, 0.0047791558544762565, 0.05591524226187238, 0.031407094302538054, 0.015815733998889973, 0.020403066187318922, 0.2243146047604887, 0.06712053213998427, 0.21144416599002172, 0.021048915768028257, 0.01413289642917671, 0.0943564546494959, 0.019276467119147152, 0.06617792317553794, 0.07701549973026256, 0.2063505866037685, 0.018195471878547743, 0.07242508341211214, 0.0433916289934504, 0.009042895911865594, 0.2754495822728703, 0.019042300008197035, 0.1231404229081217, 0.049246593113509936, 0.7127307250744248, 0.21193160524296045, 0.0060120780455701515, 0.053626703457475146, 0.16411190028157358, 0.041849555509896476, 0.0367114424800042, 0.126073695033076, 0.2577482396530113, 0.05094810730048861, 0.3255658308095929], [0.8437013277472456, 0.47229256866597263, 0.22109076646786754, 0.011086336328926706, 0.049217944259919974, 0.06340930026581838, 0.006652921385250127, 0.10501576382377521, 0.013439704709527083, 0.6065432065961481, 0.006801570806298763, 0.005534606507298185, 0.006950833406726786, 0.07667865332802559, 1.0, 0.2812079563622049, 0.14823177627783812, 0.09010834301446927, 0.055274178932635726, 0.3156039188375159, 0.7187932212806514, 0.07500841374132805, 0.9025038819386252, 0.16408418465614075, 0.6065432065961481, 0.011925699524818617, 0.2809344696347897, 0.008591824432254872, 0.10887697789935256, 0.050109882906354285, 0.010535935898470385, 0.007386472339354028, 0.005079357743469175, 0.40251869737481166, 0.036748292365023964, 0.008715063760992061, 0.007466473732043428, 0.006801570806298763, 0.44445752697901086, 0.27358749606487026, 0.02284472106265472, 0.08371185049171959, 0.0810065949475106, 0.008418144771431525, 0.024781990656516636, 0.00721554310292005, 0.006824806967716369, 0.0068948163192701665, 0.5030635810400353, 0.03351268040421341], [0.23129085405123564, 0.19968567604801787, 0.7842243156436199, 0.12665684023756282, 0.04331830203625738, 0.3284050701652041, 0.022076800694895447, 0.10496000557117467, 0.02099581133543464, 0.06510079206247042, 0.029627864397584174, 0.012279280340149204, 0.012280075531833669, 0.6757833016377303, 0.2812079563622049, 1.0, 0.011013666774595398, 0.09308844830422959, 0.05729247162830865, 0.06372710696262679, 0.07719450182085201, 0.1731503330662023, 0.23020238538936524, 0.42263450230280114, 0.06510079206247042, 0.011502965952371378, 0.28919354922421986, 0.007779212266594358, 0.11007079824548605, 0.044356287147594396, 0.05600206288849872, 0.006472443220272636, 0.017147875418590038, 0.16836284052941045, 0.006873347345470829, 0.07572139036642372, 0.0065678683717538405, 0.029627864397584174, 0.18593682458030844, 0.9572833839072973, 0.13556094328325044, 0.008618078480126976, 0.09017693696807653, 0.043001093241709566, 0.021528357928482175, 0.013091419572670102, 0.030183586883229634, 0.060827011587781386, 0.19631365984413485, 0.15290470857906932], [0.10572619545914982, 0.1525816045612631, 0.006530808287002563, 0.005045061992915943, 0.028299698735942447, 0.011488220128031952, 0.038310266555065274, 0.12435921838805165, 0.08254181563183212, 0.34527908165257304, 0.004986553138249141, 0.012483565359052639, 0.06005749448757458, 0.0047791558544762565, 0.14823177627783812, 0.011013666774595398, 1.0, 0.11053357161929382, 0.0736369532065567, 0.29464569428080595, 0.45657239822498313, 0.004185568565184632, 0.11104262893350501, 0.0200851810306078, 0.34527908165257304, 0.11270936276647539, 0.04693092747475615, 0.13682998254708148, 0.12416507858666082, 0.028881260777665226, 0.0042950605292666226, 0.11872010303552304, 0.025395493011950144, 0.1276465960834391, 0.12661210713127147, 0.01012458720358257, 0.11240779053919296, 0.004986553138249141, 0.1382856138526362, 0.01020635470391761, 0.017383097212430438, 0.8609271120935479, 0.09299703613667748, 0.0033445484279963937, 0.013365008722963666, 0.07326370175059893, 0.00513401535628211, 0.007404433704507994, 0.14793172069705787, 0.002979704106791985], [0.030210532887447496, 0.49849099802665237, 0.023692674179034874, 0.034835243735821156, 0.0027550268957225194, 0.4930484496994659, 0.12900690818508767, 0.9967919488198056, 0.5260309318200329, 0.03082650609473562, 0.0023277783842892905, 0.002564065524105001, 0.04471292136767321, 0.05591524226187238, 0.09010834301446927, 0.09308844830422959, 0.11053357161929382, 1.0, 0.9591362532398293, 0.4832705020824248, 0.08532467854860179, 0.0018057224513022831, 0.035846309627682996, 0.4971009535683496, 0.03082650609473562, 0.5093615538190016, 0.5325468460296617, 0.092757041647691, 0.9953207559143645, 0.002880776793327187, 0.0032332428381446525, 0.05083378154678037, 0.03066919545357525, 0.5018613409608396, 0.002714373190272777, 0.06952051412216524, 0.041607203454877166, 0.0023277783842892905, 0.4912979607366471, 0.05836406128874836, 0.4724286238170071, 0.07630851160473526, 0.9964345061137333, 0.0019055469513659994, 0.0, 0.12777424657679412, 0.0025235965829936684, 0.030055047445715098, 0.4455632905097168, 0.002525160458279807], [0.015544537316234928, 0.42567629892611425, 0.01179572575364398, 0.018362644000346637, 0.0, 0.43680281201651006, 0.08583795040477186, 0.9353967929804082, 0.46809545714564693, 0.015994487942340613, 0.0, 0.0, 0.02456765035789339, 0.031407094302538054, 0.055274178932635726, 0.05729247162830865, 0.0736369532065567, 0.9591362532398293, 1.0, 0.4335884948173734, 0.052672169602680376, 0.0, 0.019235374960710858, 0.4397142347220603, 0.015994487942340613, 0.47198708923659677, 0.48423586784197087, 0.058791857973796546, 0.9301121479223007, 0.0, 0.0010478781814655628, 0.029247723259215434, 0.016021187658496406, 0.4468483049345712, 0.0, 0.04095641571291547, 0.023062221307331602, 0.0, 0.4273853125001956, 0.03292211182811967, 0.3979241267666655, 0.046299093502830596, 0.9739720694789861, 0.0, 0.0, 0.0852332919652919, 0.0, 0.015570722410374683, 0.37786082939003124, 0.0], [0.12367219568183707, 0.8293981289267618, 0.019380022603280134, 0.004042058828604057, 0.0030289113752432887, 0.12616097648869332, 0.01694939376376489, 0.5056201931113838, 0.1091158083601287, 0.1610787126588898, 0.0, 0.0, 0.009086831538713949, 0.015815733998889973, 0.3156039188375159, 0.06372710696262679, 0.29464569428080595, 0.4832705020824248, 0.4335884948173734, 1.0, 0.3975010153296554, 0.0019554984539277825, 0.15378925459418163, 0.258171889080318, 0.1610787126588898, 0.13215187787294136, 0.5214694014452238, 0.02481208784972117, 0.507575731851139, 0.0031420244882947603, 0.0, 0.014414767609612193, 0.004476316521690641, 0.8323786115527471, 0.00571007076927758, 0.007321432308491553, 0.01218422416877066, 0.0, 0.8284685102772847, 0.042662576460072855, 0.06833876073857818, 0.13975467631090688, 0.4596882632585944, 0.0, 0.0, 0.022492850547990332, 0.0, 0.003258930737255958, 0.8198624796883573, 0.0011500090834281654], [0.6006728580237738, 0.36816516949273637, 0.0584142512101366, 0.00511889622832909, 0.047368299885344974, 0.023708169466930457, 0.008612611578826618, 0.0995502369102983, 0.019580798916640507, 0.8460078681890915, 0.0049107951469368, 0.006614768734932747, 0.012270580148612804, 0.020403066187318922, 0.7187932212806514, 0.07719450182085201, 0.45657239822498313, 0.08532467854860179, 0.052672169602680376, 0.3975010153296554, 1.0, 0.028599784197102945, 0.6433335745430471, 0.06337807796850192, 0.8460078681890915, 0.02190518610263103, 0.14499752774666327, 0.02055589815558401, 0.1018480411447814, 0.048165105878959676, 0.006041418587882925, 0.018254102797699664, 0.006615715893278432, 0.3098444097470499, 0.08486465927519517, 0.005597385173617728, 0.018203034529074385, 0.0049107951469368, 0.3418350896113917, 0.07568439213689289, 0.01302724879944463, 0.279253792074533, 0.07361396075058703, 0.004879571514377884, 0.023971199945194397, 0.012768200449599724, 0.004940876418827633, 0.004412202701410941, 0.38814658015777376, 0.012661292956010674], [0.17776926266303578, 0.0071078698179337435, 0.47229253819153855, 0.09575349210215738, 0.49257691414766835, 0.007236052365160127, 0.006922246995736471, 0.002421169777210641, 0.0, 0.06993025199771165, 0.2547880827252577, 0.1290853598275753, 0.015130143784756602, 0.2243146047604887, 0.07500841374132805, 0.1731503330662023, 0.004185568565184632, 0.0018057224513022831, 0.0, 0.0019554984539277825, 0.028599784197102945, 1.0, 0.13645392527220693, 0.00893521727727637, 0.06993025199771165, 0.0, 0.005600779121046721, 0.0044536960121011665, 0.0026063822654646238, 0.49340585464908226, 0.3556333540200306, 0.0070710563554066104, 0.024571208921926248, 0.004441750487552299, 0.08714889186138489, 0.035528362659808445, 0.008996297731284433, 0.2547880827252577, 0.005765578223576754, 0.2854547964374848, 0.005624663728597519, 0.0066816295434061765, 0.0014693091905028663, 0.3637155941800144, 0.4485383302086231, 0.004665979250207165, 0.24764388038702653, 0.062226381117419335, 0.00718277720102471, 0.8172955701765052], [0.988012587031422, 0.2472675012113617, 0.247306157593965, 0.009754183931761792, 0.08953586747424462, 0.027791150198927184, 0.003983362084791688, 0.04334647067506013, 0.005380510205357172, 0.7003532541642397, 0.010725061457493244, 0.008565025387291553, 0.005738574630150675, 0.06712053213998427, 0.9025038819386252, 0.23020238538936524, 0.11104262893350501, 0.035846309627682996, 0.019235374960710858, 0.15378925459418163, 0.6433335745430471, 0.13645392527220693, 1.0, 0.07624042872368805, 0.7003532541642397, 0.004506386907868931, 0.13037836192231028, 0.005787438690356739, 0.045264625292379644, 0.0906515203848289, 0.016035108645997883, 0.005774025268759688, 0.004438754364899657, 0.19810750724300286, 0.062223562808751486, 0.006371280360023563, 0.006191377718832558, 0.010725061457493244, 0.22671035545531967, 0.25524690463707705, 0.010097661992057007, 0.0697122560314185, 0.031239488958077922, 0.013787024577465163, 0.05227489925807865, 0.00437008750235667, 0.01061120148714543, 0.006114155037030352, 0.2681835874770701, 0.05579103221308132], [0.0650184864134474, 0.5221693859269737, 0.13692454715185018, 0.04492095319750715, 0.003166345754346101, 0.8273994085121426, 0.03394421614773501, 0.508955732445216, 0.11194589838024302, 0.026098742572928928, 0.0025192022729015337, 0.001275991306618363, 0.009508202453154679, 0.21144416599002172, 0.16408418465614075, 0.42263450230280114, 0.0200851810306078, 0.4971009535683496, 0.4397142347220603, 0.258171889080318, 0.06337807796850192, 0.00893521727727637, 0.07624042872368805, 1.0, 0.026098742572928928, 0.08089667790673796, 0.8379171779267842, 0.012604642801048357, 0.520483467542037, 0.0033005524767297937, 0.004941384490964735, 0.007037518588522718, 0.009546322130737847, 0.5216891345851371, 0.0, 0.050277222971656765, 0.006032814881088007, 0.0025192022729015337, 0.5213176316262546, 0.2820130504986408, 0.364718024286269, 0.011487539966237569, 0.5128670626946036, 0.003051011667850123, 0.0, 0.02328358579624353, 0.002680855076278562, 0.02387399693967094, 0.491092011614969, 0.009412383435706764], [0.7094974826951064, 0.16305992596344276, 0.07367784731845849, 0.0062635390252750115, 0.12342551430964363, 0.009777712620054564, 0.006749940994548428, 0.037594976511256005, 0.008398978559063193, 1.0, 0.012462068885082408, 0.016370731497211775, 0.014207517359759825, 0.021048915768028257, 0.6065432065961481, 0.06510079206247042, 0.34527908165257304, 0.03082650609473562, 0.015994487942340613, 0.1610787126588898, 0.8460078681890915, 0.06993025199771165, 0.7003532541642397, 0.026098742572928928, 1.0, 0.008674059743128005, 0.05637218426748148, 0.01794156416032677, 0.03877416238396568, 0.12464649703070647, 0.014348961955133037, 0.019322189728358818, 0.008453326240894248, 0.12602789045425924, 0.1978655321312052, 0.005539004600735451, 0.020711788741771802, 0.012462068885082408, 0.14569788016579363, 0.07576695560677382, 0.006068577948162049, 0.2574801719959796, 0.02555319187489392, 0.012771585317531508, 0.07579541670976736, 0.010020483273073163, 0.012339290361529592, 0.0056644237075385885, 0.1738509688490405, 0.030230765823188507], [0.004083134548699564, 0.08990605739375243, 0.0028498461166485633, 0.03755259210935609, 0.0022802223774891794, 0.13007123180267585, 0.37663597800468, 0.5026234789502874, 0.9440633097059817, 0.008674059743128005, 0.003818429848807903, 0.007004836295390797, 0.17219873119000895, 0.01413289642917671, 0.011925699524818617, 0.011502965952371378, 0.11270936276647539, 0.5093615538190016, 0.47198708923659677, 0.13215187787294136, 0.02190518610263103, 0.0, 0.004506386907868931, 0.08089667790673796, 0.008674059743128005, 1.0, 0.0770155181874593, 0.37635702481148364, 0.4935564787133713, 0.0023855270657521205, 0.003669705914166107, 0.22706126456904033, 0.104979570172536, 0.08520957814833428, 0.0045048142234583935, 0.1110341612126718, 0.18544477495871642, 0.003818429848807903, 0.08444563498367416, 0.007533643991652959, 0.34969805384330693, 0.126035542733232, 0.4873812464039018, 0.0022387944612188185, 0.0, 0.44917166456470003, 0.00417924213156908, 0.05227178301629977, 0