{"co_parameters": [[[0.22407418489456177, 0.9745720624923706, -2.7441174190964858e-17, -0.04226454317569733], [0.9745720624923706, -0.22407418489456177, -1.1935066127216496e-16, -0.18448623919487], [-1.2246467202362698e-16, 0.0, -0.9999999403953552, 0.0022350268363952844], [0.0, 0.0, 0.0, 1.0]], [[0.22407418489456177, 0.9745720624923706, -2.7441174190964858e-17, -0.042137337327003484], [0.9745720624923706, -0.22407418489456177, -1.1935066127216496e-16, -0.18803802752494814], [-1.2246467202362698e-16, 0.0, -0.9999999403953552, 0.046563560485839865], [0.0, 0.0, 0.0, 1.0]], [[0.22407418489456177, -0.9745720624923706, -9.19094870812001e-17, -0.04206815588474274], [0.9745720624923706, 0.22407418489456177, 1.4679184208057471e-16, -0.18996967577934265], [-1.2246467202362698e-16, -1.2246467202362698e-16, 0.9999999403953552, -0.04456460571289061], [0.0, 0.0, 0.0, 1.0]], [[2.1639827006374434e-16, -0.2240782380104065, 0.974571168422699, -0.005463076591491736], [-4.9755363831317843e-17, -0.974571168422699, -0.2240782380104065, 7.288853079081428e-05], [1.0, 0.0, -2.220446049250313e-16, -0.19534864616394043], [0.0, 0.0, 0.0, 1.0]], [[0.974571168422699, -0.2240782380104065, -1.1935055539304655e-16, -0.18709358155727387], [-0.2240782380104065, -0.974571168422699, 2.744167049933239e-17, 0.042774428963661196], [-1.2246468525851679e-16, 0.0, -1.0, -0.03519253158569334], [0.0, 0.0, 0.0, 1.0]], [[-0.1584443747997284, -0.9745720624923706, 0.1584443747997284, 0.030222508609294894], [-0.6891264915466309, 0.22407418489456177, 0.6891264915466309, 0.1307594976425171], [-0.7071067094802856, 8.659559941682064e-17, -0.7071067094802856, 0.15972822499275208], [0.0, 0.0, 0.0, 1.0]], [[4.9754463858811386e-17, 0.9745720624923706, 0.22407418489456177, 0.0003675818741321479], [2.1639846858709135e-16, -0.22407418489456177, 0.9745720624923706, 0.0002957097291946043], [0.9999999403953552, 0.0, -2.220445916901415e-16, -0.19485197389125825], [0.0, 0.0, 0.0, 1.0]], [[0.4817847013473511, -0.7319610714912415, -0.4817847013473511, -0.09403672766685486], [0.5175746083259583, 0.6813464760780334, -0.5175746083259583, -0.10344383442401886], [0.7071067094802856, -8.659559941682064e-17, 0.7071067094802856, -0.15286447072029113], [0.0, 0.0, 0.0, 1.0]], [[0.22407418489456177, -0.9745720624923706, -9.19094870812001e-17, -0.042137337327003484], [0.9745720624923706, 0.22407418489456177, 1.4679184208057471e-16, -0.18803802752494814], [-1.2246467202362698e-16, -1.2246467202362698e-16, 0.9999999403953552, 0.046563560485839865], [0.0, 0.0, 0.0, 1.0]], [[-4.9754463858811386e-17, 0.9745720624923706, -0.22407418489456177, 0.0003095520436763848], [-2.1639846858709135e-16, -0.22407418489456177, -0.9745720624923706, 0.0006824533343315492], [-0.9999999403953552, 0.0, 2.220445916901415e-16, 0.1922350152730942], [0.0, 0.0, 0.0, 1.0]], [[0.7319615483283997, 0.6813459396362305, 0.0, -0.14079986488819124], [-0.6813459396362305, 0.7319615483283997, 0.0, 0.132909818649292], [0.0, 0.0, 1.0, -0.03530774688720703], [0.0, 0.0, 0.0, 1.0]], [[-0.9560422897338867, -0.29322877526283264, -3.5910170248360426e-17, 0.1854179382324219], [-0.29322877526283264, 0.9560422897338867, 1.1708142030180128e-16, 0.05611701112985612], [0.0, 1.2246468525851679e-16, -1.0, 0.020226324081420898], [0.0, 0.0, 0.0, 1.0]], [[0.3752443790435791, 0.8475749492645264, 0.3752443790435791, -0.07105021095275879], [-0.599325954914093, 0.5306757092475891, -0.599325954914093, 0.1149010945558548], [-0.7071067094802856, -8.659559941682064e-17, 0.7071067094802856, 0.154461478471756], [0.0, 0.0, 0.0, 1.0]], [[0.8475692868232727, 0.530684769153595, 6.499014474274799e-17, -0.1642948113679886], [0.530684769153595, -0.8475692868232727, -1.0379730332833858e-16, -0.10184645950794222], [0.0, 1.2246468525851679e-16, -1.0, 0.03714849853515625], [0.0, 0.0, 0.0, 1.0]], [[0.5306757092475891, -0.8475749492645264, -6.498903301200472e-17, -0.09857567989826203], [-0.8475749492645264, -0.5306757092475891, 1.0379799816005313e-16, 0.15552617597579957], [-1.2246467202362698e-16, 0.0, -0.9999999403953552, 0.01692298126220705], [0.0, 0.0, 0.0, 1.0]], [[4.9754463858811386e-17, 0.9745720624923706, 0.22407418489456177, 0.0005059391856193458], [2.1639846858709135e-16, -0.22407418489456177, 0.9745720624923706, -0.004800984859466589], [0.9999999403953552, 0.0, -2.220445916901415e-16, -0.23456459558010104], [0.0, 0.0, 0.0, 1.0]], [[0.025308189913630486, 0.9993593096733093, -0.025308189913630486, -0.0050732909254729746], [-0.7066537141799927, 0.03579118475317955, 0.7066537141799927, 0.1369593040943146], [0.7071067690849304, -8.659560603426554e-17, 0.7071067690849304, -0.14984692752361298], [0.0, 0.0, 0.0, 1.0]], [[-2.122840325155832e-16, -0.29322877526283264, 0.9560422897338867, 0.002356796503067053], [-6.510986755588647e-17, 0.9560422897338867, 0.29322877526283264, 0.0003529312908649555], [-1.0, 2.7192622655495665e-32, -2.220446049250313e-16, 0.23597339630126954], [0.0, 0.0, 0.0, 1.0]], [[0.1584443747997284, -0.9745720624923706, 0.1584443747997284, -0.02980510872602463], [0.6891264915466309, 0.22407418489456177, 0.6891264915466309, -0.12996589374542236], [-0.7071067094802856, -8.659559941682064e-17, 0.7071067094802856, 0.17454180455207827], [0.0, 0.0, 0.0, 1.0]], [[-1.178336782031917e-16, 0.8475749492645264, 0.5306757092475891, 0.0022527048587799273], [1.8819944475379521e-16, 0.5306757092475891, -0.8475749492645264, -0.0055130643844604815], [-0.9999999403953552, 2.719261971675979e-32, -2.220445916901415e-16, 0.20692297112941743], [0.0, 0.0, 0.0, 1.0]], [[-0.5993219614028931, 0.530684769153595, 0.5993219614028931, 0.11198139691352846], [-0.37525078654289246, -0.8475692868232727, 0.37525078654289246, 0.07070054119825364], [0.7071067690849304, -8.659560603426554e-17, 0.7071067690849304, -0.17772265422344208], [0.0, 0.0, 0.0, 1.0]], [[-0.974571168422699, 0.2240782380104065, 2.744167049933239e-17, 0.17990437352657318], [0.2240782380104065, 0.974571168422699, 1.1935055539304655e-16, -0.04249485838413239], [0.0, 1.2246468525851679e-16, -1.0, 0.02479325866699219], [0.0, 0.0, 0.0, 1.0]], [[-0.6813464760780334, -0.7319610714912415, -8.963937922555447e-17, 0.13275669443607332], [-0.7319610714912415, 0.6813464760780334, 8.34408847617761e-17, 0.14117978489398958], [0.0, 1.2246467202362698e-16, -0.9999999403953552, 0.009625772476196288], [0.0, 0.0, 0.0, 1.0]], [[-1.8819818743926413e-16, 0.530684769153595, 0.8475692868232727, -0.00039641135931011817], [-1.1783568990644144e-16, -0.8475692868232727, 0.530684769153595, -0.000139061763882617], [1.0, -2.7192622655495665e-32, 2.220446049250313e-16, -0.21292551040649416], [0.0, 0.0, 0.0, 1.0]], [[-0.9560422897338867, 0.29322877526283264, 0.0, 0.18508313369750978], [-0.29322877526283264, -0.9560422897338867, 0.0, 0.05610502058267594], [0.0, 0.0, 1.0, -0.043966445922851566], [0.0, 0.0, 0.0, 1.0]], [[-1.5128930909780923e-16, 0.7319610714912415, -0.6813464760780334, -0.002495634794235204], [-1.625280069397753e-16, -0.6813464760780334, -0.7319610714912415, -0.005100875377655001], [-0.9999999403953552, 0.0, 2.220445916901415e-16, 0.2136188977956772], [0.0, 0.0, 0.0, 1.0]], [[0.7319615483283997, 0.6813459396362305, 0.0, -0.13822563469409943], [-0.6813459396362305, 0.7319615483283997, 0.0, 0.12879838752746584], [0.0, 0.0, 1.0, -0.04288823318481445], [0.0, 0.0, 0.0, 1.0]], [[0.1584443747997284, -0.9745720624923706, 0.1584443747997284, -0.02966767352819443], [0.6891264915466309, 0.22407418489456177, 0.6891264915466309, -0.1338033685684204], [-0.7071067094802856, -8.659559941682064e-17, 0.7071067094802856, 0.1809138367176056], [0.0, 0.0, 0.0, 1.0]], [[0.025308189913630486, 0.9993593096733093, 0.025308189913630486, -0.004760385315865278], [-0.7066537141799927, 0.03579118475317955, -0.7066537141799927, 0.13593909478187563], [-0.7071067690849304, -8.659560603426554e-17, 0.7071067690849304, 0.17312423503398897], [0.0, 0.0, 0.0, 1.0]], [[0.22407418489456177, 0.9745720624923706, -2.7441174190964858e-17, -0.0408278523683548], [0.9745720624923706, -0.22407418489456177, -1.1935066127216496e-16, -0.18227453684806824], [-1.2246467202362698e-16, 0.0, -0.9999999403953552, -0.041375442504882794], [0.0, 0.0, 0.0, 1.0]], [[-7.947239478318557e-18, 0.9993593096733093, 0.03579118475317955, 0.0007560378909111037], [2.21902343094562e-16, 0.03579118475317955, -0.9993593096733093, -0.0006331197023392101], [-1.0, 2.7192622655495665e-32, -2.220446049250313e-16, 0.2040387420654297], [0.0, 0.0, 0.0, 1.0]], [[-0.22407418489456177, -0.9745720624923706, -1.1935066127216496e-16, 0.04293140041828156], [-0.9745720624923706, 0.22407418489456177, 2.7441174190964858e-17, 0.18451783061027527], [0.0, 1.2246467202362698e-16, -0.9999999403953552, 0.016730239868164062], [0.0, 0.0, 0.0, 1.0]], [[0.1584443747997284, 0.9745720624923706, -0.1584443747997284, -0.02977860635519028], [0.6891264915466309, -0.22407418489456177, -0.6891264915466309, -0.13070590591430664], [-0.7071067094802856, 0.0, -0.7071067094802856, 0.16208843159675598], [0.0, 0.0, 0.0, 1.0]], [[-0.4817847013473511, 0.7319610714912415, -0.4817847013473511, 0.09233987402915955], [-0.5175746083259583, -0.6813464760780334, -0.5175746083259583, 0.09945135033130646], [-0.7071067094802856, 0.0, 0.7071067094802856, 0.17181304478645326], [0.0, 0.0, 0.0, 1.0]], [[-1.8819818743926413e-16, 0.530684769153595, 0.8475692868232727, 0.0006913364529610001], [-1.1783568990644144e-16, -0.8475692868232727, 0.530684769153595, 0.0001945762932300768], [1.0, -2.7192622655495665e-32, 2.220446049250313e-16, -0.20007764625549318], [0.0, 0.0, 0.0, 1.0]], [[-0.9560422897338867, -0.29322877526283264, -3.5910170248360426e-17, 0.1834801483154297], [-0.29322877526283264, 0.9560422897338867, 1.1708142030180128e-16, 0.05604760891199113], [0.0, 1.2246468525851679e-16, -1.0, -0.024889812469482422], [0.0, 0.0, 0.0, 1.0]], [[-1.5128930909780923e-16, 0.7319610714912415, -0.6813464760780334, 0.0008007810711860914], [-1.625280069397753e-16, -0.6813464760780334, -0.7319610714912415, 0.0011121752262115755], [-0.9999999403953552, 0.0, 2.220445916901415e-16, 0.2274627584218979], [0.0, 0.0, 0.0, 1.0]], [[0.974571168422699, 0.2240782380104065, 1.4679222589237894e-16, -0.18370371186733248], [-0.2240782380104065, 0.974571168422699, 9.190888489371416e-17, 0.04289584743976593], [-1.2246468525851679e-16, -1.2246468525851679e-16, 1.0, 0.00463946294784548], [0.0, 0.0, 0.0, 1.0]], [[1.5128930909780923e-16, -0.7319610714912415, -0.6813464760780334, 0.001979153394699071], [1.625280069397753e-16, 0.6813464760780334, -0.7319610714912415, 0.0012796344757079804], [0.9999999403953552, -2.719261971675979e-32, 2.220445916901415e-16, -0.2312636731863022], [0.0, 0.0, 0.0, 1.0]], [[-0.8475692868232727, 0.530684769153595, -3.880715858559059e-17, 0.15914838898181916], [-0.530684769153595, -0.8475692868232727, -1.6878744807108658e-16, 0.10023299801349642], [-1.2246468525851679e-16, -1.2246468525851679e-16, 1.0, -0.0433723678588867], [0.0, 0.0, 0.0, 1.0]], [[-7.947239478318557e-18, -0.9993593096733093, -0.03579118475317955, 0.0007560378909111037], [2.21902343094562e-16, -0.03579118475317955, 0.9993593096733093, -0.0006331197023392101], [-1.0, 0.0, 2.220446049250313e-16, 0.2040387420654297], [0.0, 0.0, 0.0, 1.0]], [[0.9560422897338867, 0.29322877526283264, -1.1708142030180128e-16, -0.17589875221252443], [0.29322877526283264, -0.9560422897338867, -3.5910170248360426e-17, -0.05523902899026872], [-1.2246468525851679e-16, 0.0, -1.0, 0.007876004219055197], [0.0, 0.0, 0.0, 1.0]], [[-4.9754463858811386e-17, 0.9745720624923706, -0.22407418489456177, 0.002883919239044198], [-2.1639846858709135e-16, -0.22407418489456177, -0.9745720624923706, 0.005038407325744666], [-0.9999999403953552, 0.0, 2.220445916901415e-16, 0.23502052056789402], [0.0, 0.0, 0.0, 1.0]], [[0.6813464760780334, -0.7319610714912415, -6.198494463778364e-18, -0.1303804613351822], [0.7319610714912415, 0.6813464760780334, 1.7308026398733057e-16, -0.14121241581439972], [-1.2246467202362698e-16, -1.2246467202362698e-16, 0.9999999403953552, -0.043614818572998024], [0.0, 0.0, 0.0, 1.0]], [[-0.7319615483283997, 0.6813459396362305, 8.963943878255857e-17, 0.1373455239534378], [0.6813459396362305, 0.7319615483283997, -8.34408185873271e-17, -0.12600163745880127], [-1.2246468525851679e-16, 0.0, -1.0, -0.03530774688720701], [0.0, 0.0, 0.0, 1.0]], [[-0.974571168422699, 0.2240782380104065, 2.744167049933239e-17, 0.18099214875698091], [0.2240782380104065, 0.974571168422699, 1.1935055539304655e-16, -0.042455927968025206], [0.0, 1.2246468525851679e-16, -1.0, 0.03207390213012695], [0.0, 0.0, 0.0, 1.0]], [[0.7319615483283997, -0.6813459396362305, -8.34408185873271e-17, -0.14079986488819124], [-0.6813459396362305, -0.7319615483283997, -8.963943878255857e-17, 0.132909818649292], [0.0, 1.2246468525851679e-16, -1.0, -0.03530774688720703], [0.0, 0.0, 0.0, 1.0]], [[0.1584443747997284, -0.9745720624923706, 0.1584443747997284, -0.028697122991085056], [0.6891264915466309, 0.22407418489456177, 0.6891264915466309, -0.12867867851257325], [-0.7071067094802856, -8.659559941682064e-17, 0.7071067094802856, 0.17181304478645326], [0.0, 0.0, 0.0, 1.0]], [[0.6813464760780334, -0.7319610714912415, -6.198494463778364e-18, -0.12969477617740632], [0.7319610714912415, 0.6813464760780334, 1.7308026398733057e-16, -0.13992007362842562], [-1.2246467202362698e-16, -1.2246467202362698e-16, 0.9999999403953552, -0.004851984977722147], [0.0, 0.0, 0.0, 1.0]], [[0.4817847013473511, 0.7319610714912415, 0.4817847013473511, -0.09403672766685486], [0.5175746083259583, -0.6813464760780334, 0.5175746083259583, -0.10344383442401886], [0.7071067094802856, 0.0, -0.7071067094802856, -0.15286447072029113], [0.0, 0.0, 0.0, 1.0]], [[0.8475692868232727, -0.530684769153595, 0.0, -0.16304347240924838], [0.530684769153595, 0.8475692868232727, 0.0, -0.10146264755725862], [0.0, 0.0, 1.0, -0.0034615731239318846], [0.0, 0.0, 0.0, 1.0]], [[-0.6760239601135254, 0.29322877526283264, 0.6760239601135254, 0.13385919094085694], [-0.20734405517578125, -0.9560422897338867, 0.20734405517578125, 0.039857821464538576], [0.7071067690849304, 0.0, 0.7071067690849304, -0.16869754588603975], [0.0, 0.0, 0.0, 1.0]], [[0.5175749659538269, 0.6813459396362305, -0.5175749659538269, -0.10006641376018525], [-0.48178431391716003, 0.7319615483283997, 0.48178431391716003, 0.09499311035871506], [0.7071067690849304, 0.0, 0.7071067690849304, -0.1696580332517624], [0.0, 0.0, 0.0, 1.0]], [[-4.9754463858811386e-17, -0.9745720624923706, 0.22407418489456177, 0.002883919239044198], [-2.1639846858709135e-16, 0.22407418489456177, 0.9745720624923706, 0.005038407325744666], [-0.9999999403953552, 2.719261971675979e-32, -2.220445916901415e-16, 0.23502052056789402], [0.0, 0.0, 0.0, 1.0]], [[0.4817847013473511, -0.7319610714912415, 0.4817847013473511, -0.09073831248283386], [0.5175746083259583, 0.6813464760780334, 0.5175746083259583, -0.09722700035572053], [-0.7071067094802856, -8.659559941682064e-17, 0.7071067094802856, 0.17181304478645326], [0.0, 0.0, 0.0, 1.0]], [[7.947239478318557e-18, -0.9993593096733093, 0.03579118475317955, 0.0008054772019386279], [-2.21902343094562e-16, -0.03579118475317955, -0.9993593096733093, -0.0007943305373191457], [1.0, 0.0, -2.220446049250313e-16, -0.19427472114562988], [0.0, 0.0, 0.0, 1.0]], [[0.974571168422699, -0.2240782380104065, -1.1935055539304655e-16, -0.1842596906423569], [-0.2240782380104065, -0.974571168422699, 2.744167049933239e-17, 0.042875936627388006], [-1.2246468525851679e-16, 0.0, -1.0, 0.04043275833129885], [0.0, 0.0, 0.0, 1.0]], [[1.178336782031917e-16, -0.8475749492645264, 0.5306757092475891, 0.0021435034275054735], [-1.8819944475379521e-16, -0.5306757092475891, -0.8475749492645264, -0.005157030582427946], [0.9999999403953552, 0.0, -2.220445916901415e-16, -0.20263984048366548], [0.0, 0.0, 0.0, 1.0]], [[-2.1639827006374434e-16, -0.2240782380104065, -0.974571168422699, 0.0009088320732117067], [4.9755363831317843e-17, -0.974571168422699, 0.2240782380104065, 0.0003010712563991462], [-1.0, 0.0, 2.220446049250313e-16, 0.23043275833129884], [0.0, 0.0, 0.0, 1.0]], [[-0.6813464760780334, 0.7319610714912415, 0.0, 0.1296117216348648], [-0.7319610714912415, -0.6813464760780334, 0.0, 0.13896930611133576], [0.0, 0.0, 0.9999999403953552, -0.035328987121582035], [0.0, 0.0, 0.0, 1.0]], [[-0.7319615483283997, -0.6813459396362305, -1.7308025075244077e-16, 0.13958805572986605], [0.6813459396362305, -0.7319615483283997, -6.198620195231472e-18, -0.1295832986831665], [-1.2246468525851679e-16, -1.2246468525851679e-16, 1.0, 0.03073383140563967], [0.0, 0.0, 0.0, 1.0]], [[0.6813464760780334, -0.7319610714912415, -6.198494463778364e-18, -0.1319534641504288], [0.7319610714912415, 0.6813464760780334, 1.7308026398733057e-16, -0.144177263379097], [-1.2246467202362698e-16, -1.2246467202362698e-16, 0.9999999403953552, -0.01851419448852537], [0.0, 0.0, 0.0, 1.0]], [[0.4817847013473511, -0.7319610714912415, -0.4817847013473511, -0.09246372389793396], [0.5175746083259583, 0.6813464760780334, -0.5175746083259583, -0.10047898876667023], [0.7071067094802856, -8.659559941682064e-17, 0.7071067094802856, -0.1779650948047638], [0.0, 0.0, 0.0, 1.0]], [[-0.6813464760780334, -0.7319610714912415, -8.963937922555447e-17, 0.1325452324151993], [-0.7319610714912415, 0.6813464760780334, 8.34408847617761e-17, 0.14104738247394563], [0.0, 1.2246467202362698e-16, -0.9999999403953552, -0.0026077048778533935], [0.0, 0.0, 0.0, 1.0]], [[1.178336782031917e-16, -0.8475749492645264, 0.5306757092475891, 0.0022071762084960736], [-1.8819944475379521e-16, -0.5306757092475891, -0.8475749492645264, -0.005364647865295378], [0.9999999403953552, 0.0, -2.220445916901415e-16, -0.21145619714260103], [0.0, 0.0, 0.0, 1.0]], [[-0.6760239601135254, 0.29322877526283264, -0.6760239601135254, 0.1306809024810791], [-0.20734405517578125, -0.9560422897338867, -0.20734405517578125, 0.03974398946762085], [-0.7071067690849304, 0.0, 0.7071067690849304, 0.16360033595561982], [0.0, 0.0, 0.0, 1.0]], [[0.6891258955001831, -0.2240782380104065, -0.6891258955001831, -0.13619806933403017], [-0.1584472358226776, -0.974571168422699, 0.1584472358226776, 0.030184981763362886], [-0.7071067690849304, 0.0, -0.7071067690849304, 0.15914354503154754], [0.0, 0.0, 0.0, 1.0]], [[0.5306757092475891, 0.8475749492645264, 1.6878703778950275e-16, -0.09938327038288117], [-0.8475749492645264, 0.5306757092475891, -3.880896514804841e-17, 0.15815940427780154], [-1.2246467202362698e-16, -1.2246467202362698e-16, 0.9999999403953552, 0.027937578201293965], [0.0, 0.0, 0.0, 1.0]], [[-0.7319615483283997, -0.6813459396362305, -1.7308025075244077e-16, 0.1373455239534378], [0.6813459396362305, -0.7319615483283997, -6.198620195231472e-18, -0.12600163745880127], [-1.2246468525851679e-16, -1.2246468525851679e-16, 1.0, -0.03530774688720701], [0.0, 0.0, 0.0, 1.0]], [[0.8475692868232727, -0.530684769153595, 0.0, -0.16612417805194857], [0.530684769153595, 0.8475692868232727, 0.0, -0.1024075642824173], [0.0, 0.0, 1.0, 0.04784477615356445], [0.0, 0.0, 0.0, 1.0]], [[-0.22407418489456177, 0.9745720624923706, 0.0, 0.04301241505146027], [-0.9745720624923706, -0.22407418489456177, 0.0, 0.18225579142570497], [0.0, 0.0, 0.9999999403953552, -0.01126439094543457], [0.0, 0.0, 0.0, 1.0]], [[1.8819818743926413e-16, 0.530684769153595, -0.8475692868232727, -0.0029300448894501053], [1.1783568990644144e-16, -0.8475692868232727, -0.530684769153595, -0.0009161786437034807], [-1.0, 2.7192622655495665e-32, -2.220446049250313e-16, 0.2122416648864746], [0.0, 0.0, 0.0, 1.0]], [[-0.03579118475317955, -0.9993593096733093, 0.0, 0.006732007645070553], [0.9993593096733093, -0.03579118475317955, 0.0, -0.18782358729839327], [0.0, 0.0, 1.0, 0.030555999755859375], [0.0, 0.0, 0.0, 1.0]], [[-0.03579118475317955, 0.9993593096733093, 1.2238622883177736e-16, 0.007605802319943906], [0.9993593096733093, 0.03579118475317955, 4.38315603325367e-18, -0.1906725996732712], [0.0, 1.2246468525851679e-16, -1.0, -0.004274720668792724], [0.0, 0.0, 0.0, 1.0]], [[-0.6813464760780334, -0.7319610714912415, -8.963937922555447e-17, 0.13143498384952546], [-0.7319610714912415, 0.6813464760780334, 8.34408847617761e-17, 0.1403522378206253], [0.0, 1.2246467202362698e-16, -0.9999999403953552, -0.0412636833190918], [0.0, 0.0, 0.0, 1.0]], [[-0.8475692868232727, 0.530684769153595, -3.880715858559059e-17, 0.1606417523622513], [-0.530684769153595, -0.8475692868232727, -1.6878744807108658e-16, 0.10069104397296907], [-1.2246468525851679e-16, -1.2246468525851679e-16, 1.0, -0.022925508499145486], [0.0, 0.0, 0.0, 1.0]], [[-0.6760239601135254, -0.29322877526283264, -0.6760239601135254, 0.13385919094085694], [-0.20734405517578125, 0.9560422897338867, -0.20734405517578125, 0.039857821464538576], [0.7071067690849304, 8.659560603426554e-17, -0.7071067690849304, -0.16869754588603975], [0.0, 0.0, 0.0, 1.0]], [[1.5128930909780923e-16, -0.7319610714912415, -0.6813464760780334, -0.00023894529044630715], [1.625280069397753e-16, 0.6813464760780334, -0.7319610714912415, -0.0008474702835083285], [0.9999999403953552, -2.719261971675979e-32, 2.220445916901415e-16, -0.19485197389125825], [0.0, 0.0, 0.0, 1.0]], [[0.22407418489456177, 0.9745720624923706, -2.7441174190964858e-17, -0.04225184357166291], [0.9745720624923706, -0.22407418489456177, -1.1935066127216496e-16, -0.18484073138237], [-1.2246467202362698e-16, 0.0, -0.9999999403953552, -0.020316980361938457], [0.0, 0.0, 0.0, 1.0]], [[-0.8475692868232727, -0.530684769153595, 1.0379730332833858e-16, 0.15595215046405794], [-0.530684769153595, 0.8475692868232727, 6.499014474274799e-17, 0.09925264751911164], [-1.2246468525851679e-16, 0.0, -1.0, 0.04784477615356447], [0.0, 0.0, 0.0, 1.0]], [[-0.3752443790435791, -0.8475749492645264, -0.3752443790435791, 0.07232667207717895], [0.599325954914093, -0.5306757092475891, 0.599325954914093, -0.11539907276630403], [-0.7071067094802856, 0.0, 0.7071067094802856, 0.1802162697315216], [0.0, 0.0, 0.0, 1.0]], [[-1.5128930909780923e-16, -0.7319610714912415, 0.6813464760780334, 0.0008007810711860914], [-1.625280069397753e-16, 0.6813464760780334, 0.7319610714912415, 0.0011121752262115755], [-0.9999999403953552, 2.719261971675979e-32, -2.220445916901415e-16, 0.2274627584218979], [0.0, 0.0, 0.0, 1.0]], [[-1.6252811281889371e-16, 0.6813459396362305, -0.7319615483283997, -0.0018358472585677825], [1.5128918998380102e-16, 0.7319615483283997, 0.6813459396362305, 0.003627670288085912], [1.0, 0.0, -2.220446049250313e-16, -0.21645408248901368], [0.0, 0.0, 0.0, 1.0]], [[2.1639827006374434e-16, -0.2240782380104065, 0.974571168422699, -0.0019596682786941896], [-4.9755363831317843e-17, -0.974571168422699, -0.2240782380104065, 0.00019832408428192984], [1.0, 0.0, -2.220446049250313e-16, -0.23305651473999023], [0.0, 0.0, 0.0, 1.0]], [[-1.5128930909780923e-16, -0.7319610714912415, 0.6813464760780334, -0.002495634794235204], [-1.625280069397753e-16, 0.6813464760780334, 0.7319610714912415, -0.005100875377655001], [-0.9999999403953552, 2.719261971675979e-32, -2.220445916901415e-16, 0.2136188977956772], [0.0, 0.0, 0.0, 1.0]], [[-0.6891258955001831, -0.2240782380104065, 0.6891258955001831, 0.12900886034965517], [0.1584472358226776, -0.974571168422699, -0.1584472358226776, -0.02990541118383408], [0.7071067690849304, 0.0, 0.7071067690849304, -0.16954281795024873], [0.0, 0.0, 0.0, 1.0]], [[-2.122840325155832e-16, -0.29322877526283264, 0.9560422897338867, 0.002236349582672155], [-6.510986755588647e-17, 0.9560422897338867, 0.29322877526283264, 0.00034861901402474555], [-1.0, 2.7192622655495665e-32, -2.220446049250313e-16, 0.21925004959106448], [0.0, 0.0, 0.0, 1.0]], [[0.03579118475317955, 0.9993593096733093, 1.2676938610580194e-16, -0.007431011818349362], [-0.9993593096733093, 0.03579118475317955, -1.1800307155775277e-16, 0.19376656901836395], [-1.2246468525851679e-16, -1.2246468525851679e-16, 1.0, 0.002337080240249655], [0.0, 0.0, 0.0, 1.0]], [[0.22407418489456177, -0.9745720624923706, -9.19094870812001e-17, -0.04245601761341095], [0.9745720624923706, 0.22407418489456177, 1.4679184208057471e-16, -0.18534322810173035], [-1.2246467202362698e-16, -1.2246467202362698e-16, 0.9999999403953552, 0.02537794876098635], [0.0, 0.0, 0.0, 1.0]], [[-1.178336782031917e-16, 0.8475749492645264, 0.5306757092475891, 0.00096982079744341], [1.8819944475379521e-16, 0.5306757092475891, -0.8475749492645264, -0.0013301358222961746], [-0.9999999403953552, 2.719261971675979e-32, -2.220445916901415e-16, 0.19997516572475435], [0.0, 0.0, 0.0, 1.0]], [[-0.8475692868232727, -0.530684769153595, 1.0379730332833858e-16, 0.15903285706043244], [-0.530684769153595, 0.8475692868232727, 6.499014474274799e-17, 0.10019756424427034], [-1.2246468525851679e-16, 0.0, -1.0, -0.003461573123931864], [0.0, 0.0, 0.0, 1.0]], [[-0.6891258955001831, 0.2240782380104065, 0.6891258955001831, 0.13184275221824646], [0.1584472358226776, 0.974571168422699, -0.1584472358226776, -0.02980390352010727], [-0.7071067690849304, 8.659560603426554e-17, -0.7071067690849304, 0.1747830446958542], [0.0, 0.0, 0.0, 1.0]], [[-0.22407418489456177, -0.9745720624923706, -1.1935066127216496e-16, 0.04288364708423615], [-0.9745720624923706, 0.22407418489456177, 2.7441174190964858e-17, 0.18585114550590515], [0.0, 1.2246467202362698e-16, -0.9999999403953552, 0.0022350268363952636], [0.0, 0.0, 0.0, 1.0]], [[-0.22407418489456177, 0.9745720624923706, 0.0, 0.04287341749668122], [-0.9745720624923706, -0.22407418489456177, 0.0, 0.18613683199882508], [0.0, 0.0, 0.9999999403953552, 0.04019153213500977], [0.0, 0.0, 0.0, 1.0]], [[7.947239478318557e-18, 0.9993593096733093, -0.03579118475317955, 0.0008054772019386279], [-2.21902343094562e-16, 0.03579118475317955, 0.9993593096733093, -0.0007943305373191457], [1.0, -2.7192622655495665e-32, 2.220446049250313e-16, -0.19427472114562988], [0.0, 0.0, 0.0, 1.0]], [[0.6813464760780334, -0.7319610714912415, -6.198494463778364e-18, -0.1319514652490616], [0.7319610714912415, 0.6813464760780334, 1.7308026398733057e-16, -0.1441734791994095], [-1.2246467202362698e-16, -1.2246467202362698e-16, 0.9999999403953552, 0.023618909835815452], [0.0, 0.0, 0.0, 1.0]], [[-0.5306757092475891, 0.8475749492645264, 1.0379799816005313e-16, 0.10227349960803986], [0.8475749492645264, 0.5306757092475891, 6.498903301200472e-17, -0.16391907644271853], [0.0, 1.2246467202362698e-16, -0.9999999403953552, 0.027937578201293944], [0.0, 0.0, 0.0, 1.0]], [[0.22407418489456177, -0.9745720624923706, -9.19094870812001e-17, -0.04221678984165192], [0.9745720624923706, 0.22407418489456177, 1.4679184208057471e-16, -0.18581955218315124], [-1.2246467202362698e-16, -1.2246467202362698e-16, 0.9999999403953552, 0.016730239868164083], [0.0, 0.0, 0.0, 1.0]], [[-0.6813464760780334, -0.7319610714912415, -8.963937922555447e-17, 0.12921688520908356], [-0.7319610714912415, 0.6813464760780334, 8.34408847617761e-17, 0.13822513306140902], [0.0, 1.2246467202362698e-16, -0.9999999403953552, -0.004851984977722168], [0.0, 0.0, 0.0, 1.0]], [[0.22407418489456177, 0.9745720624923706, -2.7441174190964858e-17, -0.04221678984165192], [0.9745720624923706, -0.22407418489456177, -1.1935066127216496e-16, -0.18581955218315124], [-1.2246467202362698e-16, 0.0, -0.9999999403953552, 0.016730239868164083], [0.0, 0.0, 0.0, 1.0]]], "foliation_name": "slide_table", "similarity_matrix": [[1.0, 0.9058476629332014, 0.8949231433661169, 0.024151367882575794, 0.024679105531799903, 0.0015307368026227796, 0.023732808512990772, 0.18913941904096207, 0.9058476629332014, 0.027036730850104836, 0.0037085524408825396, 0.004060490040050674, 0.00339222029457009, 0.3175827375864799, 0.0025909717937737417, 0.010988495715133741, 0.0016594389279212102, 0.010663254584581509, 0.1937994875124268, 0.022456092795266478, 0.0023076128730572998, 0.030137868990049246, 0.0010574997894339214, 0.016531820115234564, 0.00373719427992973, 0.01978243766844848, 0.004197459362943023, 0.17679755539971187, 0.001260374475522625, 0.9089701770015108, 0.021937302578933632, 0.0, 0.2392811372687013, 0.0016884756295303374, 0.02138977282887482, 0.004163668761706616, 0.012872815349070739, 0.027702930512784746, 0.010558109375570604, 0.002043327558622922, 0.021937302578933632, 0.17731804267668752, 0.009962805275713011, 0.5560067913082968, 0.15652054481536085, 0.02884411916091329, 0.0037085524408825396, 0.2013270037280436, 0.6162944646496725, 0.18913941904096207, 0.34106714341869643, 0.0039569020409510585, 0.0038725585312481474, 0.009962805275713011, 0.1442623927773482, 0.024445444442863264, 0.025569511529507167, 0.022238711332601115, 0.012210225804010516, 0.0011221123897914892, 0.1580368673135091, 0.6035161216719132, 0.1221415450470794, 0.001067816357655115, 0.01855283174057709, 0.004919523644804351, 0.018738222351964044, 0.002303859682538078, 0.15652054481536085, 0.29880776471903464, 0.0, 0.018907357072118013, 0.8515504098074376, 0.8795128618047954, 0.0010134535324612835, 0.0021041366406648883, 0.0039569020409510585, 0.02430056570392798, 0.97488443501245, 0.0022410967893705005, 0.0838064569341235, 0.012872815349070739, 0.014358992187832811, 0.01050175817759979, 0.01978243766844848, 0.015957440365851783, 0.015561247055054914, 0.0, 0.9735377095073703, 0.024078007745821802, 0.002272900535492882, 0.014970675555472277, 0.0, 0.0, 0.024445444442863264, 0.6027113423004875, 0.33327914951629134, 0.9894612006217853, 0.0012403320684487068, 0.9894612006217853], [0.9058476629332014, 1.0, 0.6600683150767785, 0.008527855837266105, 0.01743258997377875, 0.0025039749013534176, 0.008398350771085758, 0.0836399932993129, 1.0, 0.053282746415251665, 0.002533030653017405, 0.003666373907077979, 0.005432569178529444, 0.3256161300920073, 0.002216147556747257, 0.003259742771258082, 0.0, 0.02552896627371954, 0.36966027051110945, 0.047341798526534994, 0.0, 0.028768083084517757, 0.0, 0.0053964925690203796, 0.002534824567204324, 0.04295535881595544, 0.002776504694889094, 0.34736694539433305, 0.002185605280610541, 0.6781292199818849, 0.04558078047382761, 0.0, 0.4320103427844669, 0.0029488888960394447, 0.0073948680853299946, 0.003075283796456203, 0.029664376662072167, 0.023351219305146644, 0.003171200577774978, 0.0013650865156555625, 0.04558078047382761, 0.1570322158318914, 0.02371346570126866, 0.40429751518302054, 0.11784412947816296, 0.02843671391619715, 0.002533030653017405, 0.3792325421598828, 0.5319138577852018, 0.0836399932993129, 0.29204631491141275, 0.0015454742205784529, 0.0014719030426662298, 0.02371346570126866, 0.2685148972365078, 0.008676450823748894, 0.025261341142616987, 0.007616390640574965, 0.028519908400738755, 0.0, 0.15966705874695594, 0.49100204450201845, 0.04827078281958319, 0.0, 0.006108734477020636, 0.008444469961884448, 0.031504479093229835, 0.0020677205194891855, 0.11784412947816296, 0.3212998254166196, 0.0, 0.040745188716098925, 0.8761418774041044, 0.7762372522332103, 0.0, 0.0015404926397493844, 0.0015454742205784529, 0.00860293586535425, 0.7991824319523485, 0.002252503967722412, 0.16330211367775974, 0.029664376662072167, 0.004606602152558565, 0.003130175959847928, 0.04295535881595544, 0.006394236912466044, 0.03458301349087354, 0.0, 0.9774481413008922, 0.049145994544674214, 0.001816046124706527, 0.027655970041080166, 0.0, 0.0, 0.008676450823748894, 0.5910424634366778, 0.33648971557112933, 0.9562379840455754, 0.0, 0.9562379840455754], [0.8949231433661169, 0.6600683150767785, 1.0, 0.049296781532220675, 0.023163981813686417, 0.0, 0.0483298385681423, 0.3342564782774087, 0.6600683150767785, 0.008981197766485798, 0.003316314297460119, 0.0029363538332050783, 0.0012530304284308542, 0.23011953166520216, 0.0017897257324723424, 0.027036730938142593, 0.0025469813804324328, 0.002879147257599196, 0.07516166045706392, 0.006985376454930538, 0.004193375656494603, 0.02254525497156569, 0.0, 0.03665197325615339, 0.0036545948193152065, 0.005960218622045399, 0.0038988603045454536, 0.06669233755051521, 0.0, 0.9964600114652757, 0.006897965035090223, 0.0, 0.09841346344244084, 0.0, 0.044641616727768334, 0.003722597784067163, 0.0036184244312973475, 0.021577465683661427, 0.02549573060696656, 0.0019434182138017885, 0.006897965035090223, 0.14359730849574884, 0.0026944225930613133, 0.6011732587566765, 0.16228136428424395, 0.020853929137457716, 0.003316314297460119, 0.07903108258955426, 0.5554168212625847, 0.3342564782774087, 0.2988135428062623, 0.00700447464823072, 0.006650143186176728, 0.0026944225930613133, 0.055591341192390585, 0.04967635347907349, 0.016841482829994984, 0.04711223345058327, 0.0033855397860924293, 0.0010044160837332755, 0.12052707770722466, 0.5811431984039768, 0.2423801473249056, 0.0, 0.04096775209366871, 0.001826006685282081, 0.007130039579329265, 0.0015079372683114698, 0.16228136428424395, 0.2059986618026715, 0.0, 0.005719794810638919, 0.6693380565211667, 0.8150000685405794, 0.0, 0.001816825268608087, 0.00700447464823072, 0.049516092278385215, 0.9697520660134648, 0.0013861981481435265, 0.03145654611118902, 0.0036184244312973475, 0.03229981520243423, 0.02558677302629631, 0.005960218622045399, 0.02942572523015144, 0.0045505809019896135, 0.0, 0.7821724033741526, 0.00772079482057461, 0.001790908872215188, 0.005497942393680522, 0.0, 0.0, 0.04967635347907349, 0.4765027840094834, 0.2622310147493462, 0.8280196324000092, 0.0, 0.8280196324000092], [0.024151367882575794, 0.008527855837266105, 0.049296781532220675, 1.0, 0.04863284338369135, 0.0, 0.9982867969950648, 0.36120019091184286, 0.008527855837266105, 0.0, 0.04600240520967701, 0.013519972726199703, 0.0, 0.01127844868737661, 0.02033330845605448, 0.9232409603860908, 0.35329534209124797, 0.0, 0.0, 0.0, 0.38495374338100546, 0.014511218283641611, 0.017380661317999136, 0.9834058540970328, 0.044221802424810525, 0.0, 0.056570047566265484, 0.0, 0.0, 0.054436527416837216, 0.0, 0.017113919257657276, 0.0, 0.0, 0.9969917345374327, 0.033544108347666766, 0.0, 0.025209368784545265, 0.9348794465012609, 0.04921342457614561, 0.0, 0.02545114994461393, 0.0, 0.053411580959883846, 0.04525525491787085, 0.012082060027733488, 0.04600240520967701, 0.0, 0.028252858662252613, 0.36120019091184286, 0.027360985055405403, 0.3378270227184637, 0.39415688328433235, 0.0, 0.0, 0.9979420808439018, 0.011435841325912298, 0.9931050903895466, 0.0, 0.04253043900430673, 0.011684335329346898, 0.0332277615803768, 0.4069269144851328, 0.022278335975399733, 0.9827574718961342, 0.0, 0.0, 0.01523044432928123, 0.04525525491787085, 0.008440716535526688, 0.03105921795063539, 0.0, 0.013227004606743148, 0.025893101057834125, 0.04467193173199792, 0.03429808114154673, 0.3378270227184637, 0.9985817200559175, 0.03653308187275922, 0.008621355735068281, 0.0, 0.0, 0.9767134106677706, 0.930800971844357, 0.0, 0.37441404394066213, 0.0, 0.02169358218883509, 0.0146335513637045, 0.0, 0.024826690468752584, 0.0, 0.022478646441287334, 0.00981998832598496, 0.9979420808439018, 0.014426084229445782, 0.012044612112767441, 0.017508192529641836, 0.025316880011962306, 0.017508192529641836], [0.024679105531799903, 0.01743258997377875, 0.023163981813686417, 0.04863284338369135, 1.0, 0.00956450689363481, 0.04406010532120632, 0.11142248283528904, 0.01743258997377875, 0.011890222441175219, 0.5984657829435548, 0.0, 0.06508433217913318, 0.26356535117782837, 0.31246765942659593, 0.021046230894430105, 0.06344259374020497, 0.003829062015475699, 0.007222869016465249, 0.007890203125717416, 0.003962313283760519, 0.0, 0.0033310593541441068, 0.03288371579265169, 0.0, 0.007329251804280602, 0.611169487565512, 0.005882028413350341, 0.0140218466901963, 0.027200981589862255, 0.008898302713007034, 0.022695194316644244, 0.009188200514893769, 0.001999091962142068, 0.04021412617172534, 0.001012244502678086, 0.004969184052431376, 0.9232031414490869, 0.022451742227429267, 0.002091267124416226, 0.008898302713007034, 0.5602594792969756, 0.003964301647293023, 0.1561391618126728, 0.0012311120716496434, 0.0, 0.5984657829435548, 0.0076821821417273365, 0.15263452529710175, 0.11142248283528904, 0.3264391039149798, 0.002360962622008149, 0.24192604574861734, 0.003964301647293023, 0.027671607410657717, 0.04389695519206335, 0.7509873736423245, 0.03659864274906619, 0.004568062956586903, 0.004163090534230672, 0.0, 0.1475531930185022, 0.08264587626141234, 0.003521724466500176, 0.03138167831751214, 0.0, 0.13187902932591797, 0.2866054377929554, 0.0012311120716496434, 0.24154852746700517, 0.026006707253927536, 0.0077938921837750925, 0.00860749051643678, 0.00937503472264587, 0.0038683330088056535, 0.0019712784177529138, 0.002360962622008149, 0.04434443416268132, 0.025964200515880647, 0.0016656469628940308, 0.0, 0.004969184052431376, 0.032196437036580115, 0.02322500302669443, 0.007329251804280602, 0.0020911393134782777, 0.005964516735002574, 0.05933634541720963, 0.02166569042935923, 0.00973112563743768, 0.002003009849977911, 0.0, 0.023784943360723596, 0.019123931178159966, 0.04389695519206335, 0.12586367492798786, 0.0014551348476713147, 0.02242226478680708, 0.004054223091642495, 0.02242226478680708], [0.0015307368026227796, 0.0025039749013534176, 0.0, 0.0, 0.00956450689363481, 1.0, 0.0, 0.0, 0.0025039749013534176, 0.389224070498161, 0.03456030657552526, 0.08577216014916744, 0.590503129039742, 0.004740209905785867, 0.1526097487627997, 0.0, 0.007765732614697812, 0.3073340955884079, 0.027582543024498987, 0.3399273225694917, 0.001997274393150831, 0.029247104597168665, 0.19057767708168682, 0.0, 0.028642656717781552, 0.3257359157483215, 0.031052140480346126, 0.024672327214562965, 0.9309912863791703, 0.0, 0.3661132200364384, 0.3088098097360544, 0.027349808686202185, 0.7793890759211448, 0.0, 0.04250942012186947, 0.32852792576371886, 0.020700783084048588, 0.0, 0.052841488942068006, 0.3661132200364384, 0.0066753302909359595, 0.32918422977612044, 0.0, 0.0030979264444442457, 0.03168190130752245, 0.03456030657552526, 0.028816405805604316, 0.001827446818033031, 0.0, 0.002736329116726643, 0.0017428698540184074, 0.0017532237614902328, 0.32918422977612044, 0.03550106627250214, 0.0, 0.033429167640537376, 0.0, 0.3185663726400114, 0.09073588175720326, 0.008059944157215941, 0.0012363889780970313, 0.0, 0.15778535305295094, 0.0, 0.3986949514016601, 0.15097264654247106, 0.1744821363396453, 0.0030979264444442457, 0.0051186884290354805, 0.2013404760696498, 0.34652817243219586, 0.002625430683747138, 0.0014342428255859517, 0.07911383032911866, 0.07699843439017337, 0.0017428698540184074, 0.0, 0.0010295997537504633, 0.23085203421916012, 0.0432970171091014, 0.32852792576371886, 0.0, 0.0, 0.3257359157483215, 0.0, 0.34414812391980737, 0.22134399779043376, 0.0020911408165165857, 0.36928487591542924, 0.10992265974626758, 0.16254889220915106, 0.24659139833221666, 0.4165255167405776, 0.0, 0.002412427731270317, 0.004196683211679037, 0.0018283172189631606, 0.15767861069913947, 0.0018283172189631606], [0.023732808512990772, 0.008398350771085758, 0.0483298385681423, 0.9982867969950648, 0.04406010532120632, 0.0, 1.0, 0.34236402281697087, 0.008398350771085758, 0.0, 0.042903484864359465, 0.015269188495100632, 0.0, 0.010357634260966826, 0.019496381949180394, 0.9229726419500548, 0.35464852444214656, 0.0, 0.0, 0.0, 0.41254210122339335, 0.01630369553226242, 0.01906088244850904, 0.9837617568307973, 0.04976991566444104, 0.0, 0.05281402167318175, 0.0, 0.0, 0.05342504695055614, 0.0, 0.01783342408115851, 0.0, 0.0, 0.998629783443592, 0.037753494285131195, 0.0, 0.022928961000003974, 0.9356910571180279, 0.054611383670252714, 0.0, 0.023207446241015214, 0.0, 0.04979152541816571, 0.049354999586335754, 0.013588352643660422, 0.042903484864359465, 0.0, 0.026399583556814554, 0.34236402281697087, 0.025096805052750564, 0.36659848313201115, 0.37362896362184117, 0.0, 0.0, 0.9999143442954112, 0.010415748800626158, 0.995333989918578, 0.0, 0.04644813641764188, 0.012801529186501983, 0.03098346438621103, 0.3856046485352196, 0.024413667481102765, 0.9845639334723444, 0.0, 0.0, 0.014605364792657151, 0.049354999586335754, 0.0077470120269424085, 0.03231938734804902, 0.0, 0.013392626270971411, 0.026183475045005646, 0.048825836325391135, 0.03813285093012121, 0.36659848313201115, 0.9999162654170686, 0.03585985300061989, 0.009593775796102893, 0.0, 0.0, 0.9761580321266703, 0.9293667791791507, 0.0, 0.40450755556831086, 0.0, 0.021939678988833106, 0.014394508171855636, 0.0, 0.027603458022423043, 0.0, 0.023406666036978066, 0.010245091931035847, 0.999914344