{"co_parameters": [[[-0.6760239601135254, 0.29322877526283264, 0.6760239601135254, 0.1318796510696411], [-0.20734405517578125, -0.9560422897338867, 0.20734405517578125, 0.03978692388534546], [0.7071067690849304, 0.0, 0.7071067690849304, -0.17831673228740694], [0.0, 0.0, 0.0, 1.0]], [[-0.5306757092475891, 0.8475749492645264, 1.0379799816005313e-16, 0.10223000061511994], [0.8475749492645264, 0.5306757092475891, 6.498903301200472e-17, -0.16377725172042848], [0.0, 1.2246467202362698e-16, -0.9999999403953552, 0.000298366516828537], [0.0, 0.0, 0.0, 1.0]], [[-0.03579118475317955, 0.9993593096733093, 1.2238622883177736e-16, 0.007451104305684567], [0.9993593096733093, 0.03579118475317955, 4.38315603325367e-18, -0.1901681994199753], [0.0, 1.2246468525851679e-16, -1.0, 0.04586599349975586], [0.0, 0.0, 0.0, 1.0]], [[-0.8475692868232727, 0.530684769153595, -3.880715858559059e-17, 0.1606417523622513], [-0.530684769153595, -0.8475692868232727, -1.6878744807108658e-16, 0.10069104397296907], [-1.2246468525851679e-16, -1.2246468525851679e-16, 1.0, -0.022925508499145486], [0.0, 0.0, 0.0, 1.0]], [[0.1584443747997284, -0.9745720624923706, 0.1584443747997284, -0.0299863538146019], [0.6891264915466309, 0.22407418489456177, 0.6891264915466309, -0.13110856914520264], [-0.7071067094802856, -8.659559941682064e-17, 0.7071067094802856, 0.15972822499275208], [0.0, 0.0, 0.0, 1.0]], [[0.5993219614028931, 0.530684769153595, -0.5993219614028931, -0.11297594857215883], [0.37525078654289246, -0.8475692868232727, -0.37525078654289246, -0.07104053562879563], [-0.7071067690849304, 8.659560603426554e-17, -0.7071067690849304, 0.17881189143657686], [0.0, 0.0, 0.0, 1.0]], [[0.5175749659538269, 0.6813459396362305, -0.5175749659538269, -0.10006641376018525], [-0.48178431391716003, 0.7319615483283997, 0.48178431391716003, 0.09499311035871506], [0.7071067690849304, 0.0, 0.7071067690849304, -0.1696580332517624], [0.0, 0.0, 0.0, 1.0]], [[0.8475692868232727, 0.530684769153595, 6.499014474274799e-17, -0.1614345761537552], [0.530684769153595, -0.8475692868232727, -1.0379730332833858e-16, -0.10096916782855989], [0.0, 1.2246468525851679e-16, -1.0, -0.022925508499145507], [0.0, 0.0, 0.0, 1.0]], [[-0.3752443790435791, 0.8475749492645264, 0.3752443790435791, 0.07274154710769654], [0.599325954914093, 0.5306757092475891, -0.599325954914093, -0.11675176823139191], [-0.7071067094802856, 8.659559941682064e-17, -0.7071067094802856, 0.16228785252571107], [0.0, 0.0, 0.0, 1.0]], [[-0.9560422897338867, -0.29322877526283264, -3.5910170248360426e-17, 0.18739731788635255], [-0.29322877526283264, 0.9560422897338867, 1.1708142030180128e-16, 0.056187905848026284], [0.0, 1.2246468525851679e-16, -1.0, 0.007876004219055176], [0.0, 0.0, 0.0, 1.0]], [[0.6760239601135254, -0.29322877526283264, 0.6760239601135254, -0.12243173980712892], [0.20734405517578125, 0.9560422897338867, 0.20734405517578125, -0.03891152572631836], [-0.7071067690849304, -8.659560603426554e-17, 0.7071067690849304, 0.17195943248271944], [0.0, 0.0, 0.0, 1.0]], [[0.6760239601135254, 0.29322877526283264, -0.6760239601135254, -0.12620820236206057], [0.20734405517578125, -0.9560422897338867, -0.20734405517578125, -0.039046751499176025], [-0.7071067690849304, 0.0, -0.7071067690849304, 0.16360033595561982], [0.0, 0.0, 0.0, 1.0]], [[-0.22407418489456177, 0.9745720624923706, 0.0, 0.04245711815357209], [-0.9745720624923706, -0.22407418489456177, 0.0, 0.18455112528800965], [0.0, 0.0, 0.9999999403953552, 0.01790398406982422], [0.0, 0.0, 0.0, 1.0]], [[0.22407418489456177, -0.9745720624923706, -9.19094870812001e-17, -0.041547172188758856], [0.9745720624923706, 0.22407418489456177, 1.4679184208057471e-16, -0.18363026881217956], [-1.2246467202362698e-16, -1.2246467202362698e-16, 0.9999999403953552, -0.012398446083068827], [0.0, 0.0, 0.0, 1.0]], [[0.1584443747997284, 0.9745720624923706, 0.1584443747997284, -0.029640541255474093], [0.6891264915466309, -0.22407418489456177, 0.6891264915466309, -0.13456097888946533], [0.7071067094802856, 0.0, -0.7071067094802856, -0.17032513737678528], [0.0, 0.0, 0.0, 1.0]], [[-0.22407418489456177, -0.9745720624923706, -1.1935066127216496e-16, 0.042896346688270574], [-0.9745720624923706, 0.22407418489456177, 2.7441174190964858e-17, 0.18549665331840515], [0.0, 1.2246467202362698e-16, -0.9999999403953552, -0.020316980361938478], [0.0, 0.0, 0.0, 1.0]], [[0.22407418489456177, -0.9745720624923706, -9.19094870812001e-17, -0.04211020529270173], [0.9745720624923706, 0.22407418489456177, 1.4679184208057471e-16, -0.18879563784599304], [-1.2246467202362698e-16, -1.2246467202362698e-16, 0.9999999403953552, -0.035974861145019514], [0.0, 0.0, 0.0, 1.0]], [[0.6813464760780334, 0.7319610714912415, -8.34408847617761e-17, -0.1319514652490616], [0.7319610714912415, -0.6813464760780334, -8.963937922555447e-17, -0.1441734791994095], [-1.2246467202362698e-16, 0.0, -0.9999999403953552, 0.023618909835815452], [0.0, 0.0, 0.0, 1.0]], [[-0.4817847013473511, 0.7319610714912415, 0.4817847013473511, 0.09351824641227723], [-0.5175746083259583, -0.6813464760780334, 0.5175746083259583, 0.0996188098192215], [0.7071067094802856, 0.0, 0.7071067094802856, -0.17561395955085757], [0.0, 0.0, 0.0, 1.0]], [[0.4817847013473511, 0.7319610714912415, 0.4817847013473511, -0.09403672766685486], [0.5175746083259583, -0.6813464760780334, 0.5175746083259583, -0.10344383442401886], [0.7071067094802856, 0.0, -0.7071067094802856, -0.15286447072029113], [0.0, 0.0, 0.0, 1.0]], [[0.974571168422699, 0.2240782380104065, 1.4679222589237894e-16, -0.18709358155727387], [-0.2240782380104065, 0.974571168422699, 9.190888489371416e-17, 0.042774428963661196], [-1.2246468525851679e-16, -1.2246468525851679e-16, 1.0, -0.03519253158569334], [0.0, 0.0, 0.0, 1.0]], [[7.947239478318557e-18, 0.9993593096733093, -0.03579118475317955, 0.0006470472812652575], [-2.21902343094562e-16, 0.03579118475317955, 0.9993593096733093, -0.00027776867151256605], [1.0, -2.7192622655495665e-32, 2.220446049250313e-16, -0.21598772430419924], [0.0, 0.0, 0.0, 1.0]], [[0.8475692868232727, -0.530684769153595, 0.0, -0.15955048668384553], [0.530684769153595, 0.8475692868232727, 0.0, -0.10039127933979036], [0.0, 0.0, 1.0, 0.0036641564369201663], [0.0, 0.0, 0.0, 1.0]], [[0.22407418489456177, 0.9745720624923706, -2.7441174190964858e-17, -0.042374312043190004], [0.9745720624923706, -0.22407418489456177, -1.1935066127216496e-16, -0.18518923258781433], [-1.2246467202362698e-16, 0.0, -0.9999999403953552, 0.007799271106719991], [0.0, 0.0, 0.0, 1.0]], [[2.1639827006374434e-16, -0.2240782380104065, 0.974571168422699, 0.0005842404961585631], [-4.9755363831317843e-17, -0.974571168422699, -0.2240782380104065, 0.0002894468009471978], [1.0, 0.0, -2.220446049250313e-16, -0.20655797195434572], [0.0, 0.0, 0.0, 1.0]], [[-0.5175749659538269, 0.6813459396362305, -0.5175749659538269, 0.09661207282543183], [0.48178431391716003, 0.7319615483283997, 0.48178431391716003, -0.08808492869138718], [0.7071067690849304, 0.0, -0.7071067690849304, -0.1696580332517624], [0.0, 0.0, 0.0, 1.0]], [[0.22407418489456177, -0.9745720624923706, -9.19094870812001e-17, -0.04213577520847321], [0.9745720624923706, 0.22407418489456177, 1.4679184208057471e-16, -0.18808159327507018], [-1.2246467202362698e-16, -1.2246467202362698e-16, 0.9999999403953552, -0.01126439094543455], [0.0, 0.0, 0.0, 1.0]], [[-2.1639827006374434e-16, 0.2240782380104065, 0.974571168422699, -0.0041763730049132934], [4.9755363831317843e-17, 0.974571168422699, -0.2240782380104065, 0.00011893747001885522], [-1.0, 2.7192622655495665e-32, -2.220446049250313e-16, 0.22207390213012695], [0.0, 0.0, 0.0, 1.0]], [[0.025308189913630486, 0.9993593096733093, -0.025308189913630486, -0.0050732909254729746], [-0.7066537141799927, 0.03579118475317955, 0.7066537141799927, 0.1369593040943146], [0.7071067690849304, -8.659560603426554e-17, 0.7071067690849304, -0.14984692752361298], [0.0, 0.0, 0.0, 1.0]], [[0.5306757092475891, 0.8475749492645264, 1.6878703778950275e-16, -0.09938327038288117], [-0.8475749492645264, 0.5306757092475891, -3.880896514804841e-17, 0.15815940427780154], [-1.2246467202362698e-16, -1.2246467202362698e-16, 0.9999999403953552, 0.027937578201293965], [0.0, 0.0, 0.0, 1.0]], [[0.974571168422699, -0.2240782380104065, -1.1935055539304655e-16, -0.18934489572048188], [-0.2240782380104065, -0.974571168422699, 2.744167049933239e-17, 0.042693802475929264], [-1.2246468525851679e-16, 0.0, -1.0, 0.03207390213012697], [0.0, 0.0, 0.0, 1.0]], [[-2.1639827006374434e-16, 0.2240782380104065, 0.974571168422699, -0.0049423146247863405], [4.9755363831317843e-17, 0.974571168422699, -0.2240782380104065, 9.149956703185189e-05], [-1.0, 2.7192622655495665e-32, -2.220446049250313e-16, 0.2006758613586426], [0.0, 0.0, 0.0, 1.0]], [[-0.8475692868232727, 0.530684769153595, -3.880715858559059e-17, 0.15595215046405794], [-0.530684769153595, -0.8475692868232727, -1.6878744807108658e-16, 0.09925264751911164], [-1.2246468525851679e-16, -1.2246468525851679e-16, 1.0, 0.04784477615356447], [0.0, 0.0, 0.0, 1.0]], [[-0.03579118475317955, -0.9993593096733093, 0.0, 0.006732007645070553], [0.9993593096733093, -0.03579118475317955, 0.0, -0.18782358729839327], [0.0, 0.0, 1.0, 0.030555999755859375], [0.0, 0.0, 0.0, 1.0]], [[0.4817847013473511, -0.7319610714912415, -0.4817847013473511, -0.09403672766685486], [0.5175746083259583, 0.6813464760780334, -0.5175746083259583, -0.10344383442401886], [0.7071067094802856, -8.659559941682064e-17, 0.7071067094802856, -0.15286447072029113], [0.0, 0.0, 0.0, 1.0]], [[0.6760239601135254, -0.29322877526283264, -0.6760239601135254, -0.12302991390228273], [0.20734405517578125, 0.9560422897338867, -0.20734405517578125, -0.0389329195022583], [0.7071067690849304, -8.659560603426554e-17, 0.7071067690849304, -0.16869754588603975], [0.0, 0.0, 0.0, 1.0]], [[-0.1584443747997284, 0.9745720624923706, 0.1584443747997284, 0.030610370337963107], [-0.6891264915466309, -0.22407418489456177, 0.6891264915466309, 0.12613304901123049], [0.7071067094802856, 0.0, 0.7071067094802856, -0.17891488194465638], [0.0, 0.0, 0.0, 1.0]], [[-0.974571168422699, -0.2240782380104065, 0.0, 0.17984354913234712], [0.2240782380104065, -0.974571168422699, 0.0, -0.04249703562259674], [0.0, 0.0, 1.0, 0.04457277297973633], [0.0, 0.0, 0.0, 1.0]], [[0.5306757092475891, -0.8475749492645264, -6.498903301200472e-17, -0.09979814445972443], [-0.8475749492645264, -0.5306757092475891, 1.0379799816005313e-16, 0.1595120997428894], [-1.2246467202362698e-16, 0.0, -0.9999999403953552, 0.04586599349975588], [0.0, 0.0, 0.0, 1.0]], [[-0.6813464760780334, 0.7319610714912415, 0.0, 0.13143498384952546], [-0.7319610714912415, -0.6813464760780334, 0.0, 0.1403522378206253], [0.0, 0.0, 0.9999999403953552, -0.0412636833190918], [0.0, 0.0, 0.0, 1.0]], [[-0.6813464760780334, 0.7319610714912415, 0.0, 0.12987622606754304], [-0.7319610714912415, -0.6813464760780334, 0.0, 0.13946784698963166], [0.0, 0.0, 0.9999999403953552, -0.012398446083068847], [0.0, 0.0, 0.0, 1.0]], [[-0.7319615483283997, 0.6813459396362305, 8.963943878255857e-17, 0.13930096924304963], [0.6813459396362305, 0.7319615483283997, -8.34408185873271e-17, -0.12912477684020998], [-1.2246468525851679e-16, 0.0, -1.0, 0.006618118286132834], [0.0, 0.0, 0.0, 1.0]], [[0.22407418489456177, 0.9745720624923706, -2.7441174190964858e-17, -0.04224827015399933], [0.9745720624923706, -0.22407418489456177, -1.1935066127216496e-16, -0.18494056391716004], [-1.2246467202362698e-16, 0.0, -0.9999999403953552, 0.027738155364990257], [0.0, 0.0, 0.0, 1.0]], [[0.03579118475317955, 0.9993593096733093, 1.2676938610580194e-16, -0.005994847916066647], [-0.9993593096733093, 0.03579118475317955, -1.1800307155775277e-16, 0.18908393847942354], [-1.2246468525851679e-16, -1.2246468525851679e-16, 1.0, -0.004274720668792704], [0.0, 0.0, 0.0, 1.0]], [[0.22407418489456177, -0.9745720624923706, -9.19094870812001e-17, -0.042691072106361395], [0.9745720624923706, 0.22407418489456177, 1.4679184208057471e-16, -0.1857862594127655], [-1.2246467202362698e-16, -1.2246467202362698e-16, 0.9999999403953552, 0.01790398406982424], [0.0, 0.0, 0.0, 1.0]], [[0.22407418489456177, 0.9745720624923706, -2.7441174190964858e-17, -0.04213577520847321], [0.9745720624923706, -0.22407418489456177, -1.1935066127216496e-16, -0.18808159327507018], [-1.2246467202362698e-16, 0.0, -0.9999999403953552, -0.01126439094543455], [0.0, 0.0, 0.0, 1.0]], [[-2.1639827006374434e-16, -0.2240782380104065, -0.974571168422699, -0.005264148712158166], [4.9755363831317843e-17, -0.974571168422699, 0.2240782380104065, 8.000695705412973e-05], [-1.0, 0.0, 2.220446049250313e-16, 0.2147932586669922], [0.0, 0.0, 0.0, 1.0]], [[1.5128930909780923e-16, -0.7319610714912415, -0.6813464760780334, -0.000924630522727992], [1.625280069397753e-16, 0.6813464760780334, -0.7319610714912415, -0.002139812946319608], [0.9999999403953552, -2.719261971675979e-32, 2.220445916901415e-16, -0.23361480844020843], [0.0, 0.0, 0.0, 1.0]], [[0.6891258955001831, -0.2240782380104065, -0.6891258955001831, -0.13002508807182311], [-0.1584472358226776, -0.974571168422699, 0.1584472358226776, 0.030406046092510224], [-0.7071067690849304, 0.0, -0.7071067690849304, 0.1747830446958542], [0.0, 0.0, 0.0, 1.0]], [[1.5128930909780923e-16, 0.7319610714912415, 0.6813464760780334, 0.0004203958511352282], [1.625280069397753e-16, -0.6813464760780334, 0.7319610714912415, 0.00039524385333058456], [0.9999999403953552, 0.0, -2.220445916901415e-16, -0.20239843499660493], [0.0, 0.0, 0.0, 1.0]], [[-0.1584443747997284, 0.9745720624923706, -0.1584443747997284, 0.03298835057020188], [-0.6891264915466309, -0.22407418489456177, -0.6891264915466309, 0.13597243976593018], [-0.7071067094802856, 0.0, 0.7071067094802856, 0.17937081074714661], [0.0, 0.0, 0.0, 1.0]], [[0.7319615483283997, 0.6813459396362305, 0.0, -0.1405420161485672], [-0.6813459396362305, 0.7319615483283997, 0.0, 0.13249799728393555], [0.0, 0.0, 1.0, 0.03670837783813476], [0.0, 0.0, 0.0, 1.0]], [[2.1639827006374434e-16, 0.2240782380104065, -0.974571168422699, 0.0005842404961585631], [-4.9755363831317843e-17, 0.974571168422699, 0.2240782380104065, 0.0002894468009471978], [1.0, -2.7192622655495665e-32, 2.220446049250313e-16, -0.20655797195434572], [0.0, 0.0, 0.0, 1.0]], [[-0.4817847013473511, -0.7319610714912415, -0.4817847013473511, 0.09642605948448181], [-0.5175746083259583, 0.6813464760780334, -0.5175746083259583, 0.10143944561481477], [0.7071067094802856, 8.659559941682064e-17, -0.7071067094802856, -0.16899644780158998], [0.0, 0.0, 0.0, 1.0]], [[-0.6813464760780334, 0.7319610714912415, 0.0, 0.1269581962823868], [-0.7319610714912415, -0.6813464760780334, 0.0, 0.13396794426441194], [0.0, 0.0, 0.9999999403953552, -0.01851419448852539], [0.0, 0.0, 0.0, 1.0]], [[-0.5993219614028931, -0.530684769153595, 0.5993219614028931, 0.10878515839576722], [-0.37525078654289246, 0.8475692868232727, 0.37525078654289246, 0.06972019118070603], [-0.7071067690849304, 0.0, -0.7071067690849304, 0.18219506251811982], [0.0, 0.0, 0.0, 1.0]], [[-4.9754463858811386e-17, 0.9745720624923706, -0.22407418489456177, 0.00032582479715348136], [-2.1639846858709135e-16, -0.22407418489456177, -0.9745720624923706, 0.0002281271219253908], [-0.9999999403953552, 0.0, 2.220445916901415e-16, 0.21773814523220064], [0.0, 0.0, 0.0, 1.0]], [[-0.9560422897338867, -0.29322877526283264, -3.5910170248360426e-17, 0.18508313369750978], [-0.29322877526283264, 0.9560422897338867, 1.1708142030180128e-16, 0.05610502058267594], [0.0, 1.2246468525851679e-16, -1.0, -0.043966445922851566], [0.0, 0.0, 0.0, 1.0]], [[0.6891258955001831, 0.2240782380104065, -0.6891258955001831, -0.13039507460594177], [-0.1584472358226776, 0.974571168422699, 0.1584472358226776, 0.030392794311046602], [0.7071067690849304, -8.659560603426554e-17, 0.7071067690849304, -0.15924009883403778], [0.0, 0.0, 0.0, 1.0]], [[-0.4817847013473511, 0.7319610714912415, -0.4817847013473511, 0.09233987402915955], [-0.5175746083259583, -0.6813464760780334, -0.5175746083259583, 0.09945135033130646], [-0.7071067094802856, 0.0, 0.7071067094802856, 0.17181304478645326], [0.0, 0.0, 0.0, 1.0]], [[2.122840325155832e-16, 0.29322877526283264, 0.9560422897338867, 0.005414638519287073], [6.510986755588647e-17, -0.9560422897338867, 0.29322877526283264, 0.0004624508917331585], [1.0, 0.0, -2.220446049250313e-16, -0.22434725952148438], [0.0, 0.0, 0.0, 1.0]], [[-0.22407418489456177, 0.9745720624923706, 0.0, 0.04360101807117463], [-0.9745720624923706, -0.22407418489456177, 0.0, 0.1867071158885956], [0.0, 0.0, 0.9999999403953552, -0.012398446083068847], [0.0, 0.0, 0.0, 1.0]], [[0.8475692868232727, -0.530684769153595, 0.0, -0.16529352581501008], [0.530684769153595, 0.8475692868232727, 0.0, -0.10215278255939485], [0.0, 0.0, 1.0, 0.01333415412902832], [0.0, 0.0, 0.0, 1.0]], [[0.3752443790435791, -0.8475749492645264, -0.3752443790435791, -0.06985131740570069], [-0.599325954914093, -0.5306757092475891, 0.599325954914093, 0.1109920951128006], [-0.7071067094802856, 0.0, -0.7071067094802856, 0.16228785252571107], [0.0, 0.0, 0.0, 1.0]], [[0.6760239601135254, 0.29322877526283264, 0.6760239601135254, -0.12302991390228273], [0.20734405517578125, -0.9560422897338867, 0.20734405517578125, -0.0389329195022583], [0.7071067690849304, 0.0, -0.7071067690849304, -0.16869754588603975], [0.0, 0.0, 0.0, 1.0]], [[-0.9560422897338867, 0.29322877526283264, 0.0, 0.18536632919311524], [-0.29322877526283264, -0.9560422897338867, 0.0, 0.0561151619553566], [0.0, 0.0, 1.0, -0.008892201423645019], [0.0, 0.0, 0.0, 1.0]], [[-0.6760239601135254, -0.29322877526283264, -0.6760239601135254, 0.1318796510696411], [-0.20734405517578125, 0.9560422897338867, -0.20734405517578125, 0.03978692388534546], [0.7071067690849304, 8.659560603426554e-17, -0.7071067690849304, -0.17831673228740694], [0.0, 0.0, 0.0, 1.0]], [[0.025308189913630486, 0.9993593096733093, -0.025308189913630486, -0.004784680288285017], [-0.7066537141799927, 0.03579118475317955, 0.7066537141799927, 0.13601831173896792], [0.7071067690849304, -8.659560603426554e-17, 0.7071067690849304, -0.17137571513652802], [0.0, 0.0, 0.0, 1.0]], [[0.8475692868232727, 0.530684769153595, 6.499014474274799e-17, -0.1642948113679886], [0.530684769153595, -0.8475692868232727, -1.0379730332833858e-16, -0.10184645950794222], [0.0, 1.2246468525851679e-16, -1.0, 0.03714849853515625], [0.0, 0.0, 0.0, 1.0]], [[-0.22407418489456177, 0.9745720624923706, 0.0, 0.04301085293293], [-0.9745720624923706, -0.22407418489456177, 0.0, 0.1822993552684784], [0.0, 0.0, 0.9999999403953552, 0.046563560485839844], [0.0, 0.0, 0.0, 1.0]], [[0.6813464760780334, -0.7319610714912415, -6.198494463778364e-18, -0.12936082422733308], [0.7319610714912415, 0.6813464760780334, 1.7308026398733057e-16, -0.13897267639636995], [-1.2246467202362698e-16, -1.2246467202362698e-16, 0.9999999403953552, -0.0272810535430908], [0.0, 0.0, 0.0, 1.0]], [[-2.122840325155832e-16, 0.29322877526283264, -0.9560422897338867, 0.006012812614440955], [-6.510986755588647e-17, -0.9560422897338867, -0.29322877526283264, 0.000483844667673122], [-1.0, 0.0, 2.220446049250313e-16, 0.22760914611816407], [0.0, 0.0, 0.0, 1.0]], [[-0.5993219614028931, 0.530684769153595, 0.5993219614028931, 0.11347476124763489], [-0.37525078654289246, -0.8475692868232727, 0.37525078654289246, 0.07115858763456345], [0.7071067690849304, -8.659560603426554e-17, 0.7071067690849304, -0.15727579295635224], [0.0, 0.0, 0.0, 1.0]], [[0.1584443747997284, -0.9745720624923706, 0.1584443747997284, -0.028697122991085056], [0.6891264915466309, 0.22407418489456177, 0.6891264915466309, -0.12867867851257325], [-0.7071067094802856, -8.659559941682064e-17, 0.7071067094802856, 0.17181304478645326], [0.0, 0.0, 0.0, 1.0]], [[-0.6813464760780334, 0.7319610714912415, 0.0, 0.1285312000513077], [-0.7319610714912415, -0.6813464760780334, 0.0, 0.1369327908754349], [0.0, 0.0, 0.9999999403953552, -0.043614818572998044], [0.0, 0.0, 0.0, 1.0]], [[0.4817847013473511, 0.7319610714912415, 0.4817847013473511, -0.09246372389793396], [0.5175746083259583, -0.6813464760780334, 0.5175746083259583, -0.10047898876667023], [0.7071067094802856, 0.0, -0.7071067094802856, -0.1779650948047638], [0.0, 0.0, 0.0, 1.0]], [[-7.947239478318557e-18, 0.9993593096733093, 0.03579118475317955, 0.0007560378909111037], [2.21902343094562e-16, 0.03579118475317955, -0.9993593096733093, -0.0006331197023392101], [-1.0, 2.7192622655495665e-32, -2.220446049250313e-16, 0.2040387420654297], [0.0, 0.0, 0.0, 1.0]], [[2.122840325155832e-16, 0.29322877526283264, 0.9560422897338867, 0.0018321138620376227], [6.510986755588647e-17, -0.9560422897338867, 0.29322877526283264, 0.00033414161205290644], [1.0, 0.0, -2.220446049250313e-16, -0.21488981246948244], [0.0, 0.0, 0.0, 1.0]], [[-1.5128930909780923e-16, -0.7319610714912415, 0.6813464760780334, 0.001553832173347499], [-1.625280069397753e-16, 0.6813464760780334, 0.7319610714912415, 0.0010133287906647004], [-0.9999999403953552, 2.719261971675979e-32, -2.220445916901415e-16, 0.22185246026515962], [0.0, 0.0, 0.0, 1.0]], [[-0.6813464760780334, 0.7319610714912415, 0.0, 0.1302566114664078], [-0.7319610714912415, -0.6813464760780334, 0.0, 0.14018477833271029], [0.0, 0.0, 0.9999999403953552, 0.0374627685546875], [0.0, 0.0, 0.0, 1.0]], [[-0.22407418489456177, 0.9745720624923706, 0.0, 0.04432033789157868], [-0.9745720624923706, -0.22407418489456177, 0.0, 0.18806284594535827], [0.0, 0.0, 0.9999999403953552, -0.041375442504882814], [0.0, 0.0, 0.0, 1.0]], [[0.1584443747997284, 0.9745720624923706, 0.1584443747997284, -0.029598492085933688], [0.6891264915466309, -0.22407418489456177, 0.6891264915466309, -0.13573501873016358], [0.7071067094802856, 0.0, -0.7071067094802856, -0.17891488194465638], [0.0, 0.0, 0.0, 1.0]], [[-4.9754463858811386e-17, 0.9745720624923706, -0.22407418489456177, 0.0002993223965168084], [-2.1639846858709135e-16, -0.22407418489456177, -0.9745720624923706, 0.0009681394696236024], [-0.9999999403953552, 0.0, 2.220445916901415e-16, 0.2301915181875229], [0.0, 0.0, 0.0, 1.0]], [[0.6813464760780334, -0.7319610714912415, -6.198494463778364e-18, -0.1319514652490616], [0.7319610714912415, 0.6813464760780334, 1.7308026398733057e-16, -0.1441734791994095], [-1.2246467202362698e-16, -1.2246467202362698e-16, 0.9999999403953552, 0.023618909835815452], [0.0, 0.0, 0.0, 1.0]], [[2.122840325155832e-16, -0.29322877526283264, -0.9560422897338867, 0.003435098886489832], [6.510986755588647e-17, 0.9560422897338867, -0.29322877526283264, 0.00039155337214468805], [1.0, -2.7192622655495665e-32, 2.220446049250313e-16, -0.2339664459228516], [0.0, 0.0, 0.0, 1.0]], [[0.6813464760780334, 0.7319610714912415, -8.34408847617761e-17, -0.12636642801761627], [0.7319610714912415, -0.6813464760780334, -8.963937922555447e-17, -0.13709782421588898], [-1.2246467202362698e-16, 0.0, -0.9999999403953552, -0.0026077048778533726], [0.0, 0.0, 0.0, 1.0]], [[1.178336782031917e-16, -0.8475749492645264, 0.5306757092475891, 0.0022071762084960736], [-1.8819944475379521e-16, -0.5306757092475891, -0.8475749492645264, -0.005364647865295378], [0.9999999403953552, 0.0, -2.220445916901415e-16, -0.21145619714260103], [0.0, 0.0, 0.0, 1.0]], [[-2.1639827006374434e-16, -0.2240782380104065, -0.974571168422699, -0.005324973106384241], [4.9755363831317843e-17, -0.974571168422699, 0.2240782380104065, 7.782974839209664e-05], [-1.0, 0.0, 2.220446049250313e-16, 0.2345727767944336], [0.0, 0.0, 0.0, 1.0]], [[-0.9560422897338867, 0.29322877526283264, 0.0, 0.18766084861755372], [-0.29322877526283264, -0.9560422897338867, 0.0, 0.056197311937809], [0.0, 0.0, 1.0, 0.037609146118164065], [0.0, 0.0, 0.0, 1.0]], [[0.4817847013473511, -0.7319610714912415, -0.4817847013473511, -0.08955994009971618], [0.5175746083259583, 0.6813464760780334, -0.5175746083259583, -0.0970595408678055], [0.7071067094802856, -8.659559941682064e-17, 0.7071067094802856, -0.17561395955085757], [0.0, 0.0, 0.0, 1.0]], [[-0.22407418489456177, -0.9745720624923706, -1.1935066127216496e-16, 0.045458014130592354], [-0.9745720624923706, 0.22407418489456177, 2.7441174190964858e-17, 0.1902070987224579], [0.0, 1.2246467202362698e-16, -0.9999999403953552, 0.04502053451538086], [0.0, 0.0, 0.0, 1.0]], [[-0.03579118475317955, -0.9993593096733093, 0.0, 0.007556363008916379], [0.9993593096733093, -0.03579118475317955, 0.0, -0.19051138865947725], [0.0, 0.0, 1.0, 0.014038742065429688], [0.0, 0.0, 0.0, 1.0]], [[-0.6813464760780334, -0.7319610714912415, -8.963937922555447e-17, 0.13100966227054597], [-0.7319610714912415, 0.6813464760780334, 8.34408847617761e-17, 0.14008593285083773], [0.0, 1.2246467202362698e-16, -0.9999999403953552, 0.03185247230529785], [0.0, 0.0, 0.0, 1.0]], [[-1.178336782031917e-16, 0.8475749492645264, 0.5306757092475891, 0.0022527048587799273], [1.8819944475379521e-16, 0.5306757092475891, -0.8475749492645264, -0.0055130643844604815], [-0.9999999403953552, 2.719261971675979e-32, -2.220445916901415e-16, 0.20692297112941743], [0.0, 0.0, 0.0, 1.0]], [[0.6813464760780334, 0.7319610714912415, -8.34408847617761e-17, -0.1319534641504288], [0.7319610714912415, -0.6813464760780334, -8.963937922555447e-17, -0.144177263379097], [-1.2246467202362698e-16, 0.0, -0.9999999403953552, -0.01851419448852537], [0.0, 0.0, 0.0, 1.0]], [[-0.7319615483283997, 0.6813459396362305, 8.963943878255857e-17, 0.13760337173938753], [0.6813459396362305, 0.7319615483283997, -8.34408185873271e-17, -0.12641345977783205], [-1.2246468525851679e-16, 0.0, -1.0, 0.036708377838134784], [0.0, 0.0, 0.0, 1.0]], [[-1.6252811281889371e-16, 0.6813459396362305, -0.7319615483283997, 0.0008470592498779574], [1.5128918998380102e-16, 0.7319615483283997, 0.6813459396362305, -0.0006573407649994153], [1.0, 0.0, -2.220446049250313e-16, -0.23288823318481447], [0.0, 0.0, 0.0, 1.0]], [[0.6813464760780334, -0.7319610714912415, -6.198494463778364e-18, -0.12865504896640778], [0.7319610714912415, 0.6813464760780334, 1.7308026398733057e-16, -0.13796042835712435], [-1.2246467202362698e-16, -1.2246467202362698e-16, 0.9999999403953552, 0.03746276855468752], [0.0, 0.0, 0.0, 1.0]], [[0.1584443747997284, 0.9745720624923706, -0.1584443747997284, -0.0299863538146019], [0.6891264915466309, -0.22407418489456177, -0.6891264915466309, -0.13110856914520264], [-0.7071067094802856, 0.0, -0.7071067094802856, 0.15972822499275208], [0.0, 0.0, 0.0, 1.0]], [[-0.22407418489456177, 0.9745720624923706, 0.0, 0.04398140347003937], [-0.9745720624923706, -0.22407418489456177, 0.0, 0.18742404627799988], [0.0, 0.0, 0.9999999403953552, 0.0374627685546875], [0.0, 0.0, 0.0, 1.0]], [[0.1584443747997284, -0.9745720624923706, -0.1584443747997284, -0.029640541255474093], [0.6891264915466309, 0.22407418489456177, -0.6891264915466309, -0.13456097888946533], [0.7071067094802856, -8.659559941682064e-17, 0.7071067094802856, -0.17032513737678528], [0.0, 0.0, 0.0, 1.0]], [[2.1639827006374434e-16, -0.2240782380104065, 0.974571168422699, -0.005463076591491736], [-4.9755363831317843e-17, -0.974571168422699, -0.2240782380104065, 7.288853079081428e-05], [1.0, 0.0, -2.220446049250313e-16, -0.19534864616394043], [0.0, 0.0, 0.0, 1.0]], [[-0.22407418489456177, 0.9745720624923706, 0.0, 0.043037984967231754], [-0.9745720624923706, -0.22407418489456177, 0.0, 0.1815417468547821], [0.0, 0.0, 0.9999999403953552, -0.035974861145019535], [0.0, 0.0, 0.0, 1.0]], [[0.6813464760780334, 0.7319610714912415, -8.34408847617761e-17, -0.13181508791446686], [0.7319610714912415, -0.6813464760780334, -8.963937922555447e-17, -0.14391642582416536], [-1.2246467202362698e-16, 0.0, -0.9999999403953552, 0.007241786003112814], [0.0, 0.0, 0.0, 1.0]], [[-0.025308189913630486, 0.9993593096733093, -0.025308189913630486, 0.005455603402107954], [0.7066537141799927, 0.03579118475317955, 0.7066537141799927, -0.13454197430610657], [0.7071067690849304, 8.659560603426554e-17, -0.7071067690849304, -0.16033801066875458], [0.0, 0.0, 0.0, 1.0]], [[0.974571168422699, 0.2240782380104065, 1.4679222589237894e-16, -0.18370371186733248], [-0.2240782380104065, 0.974571168422699, 9.190888489371416e-17, 0.04289584743976593], [-1.2246468525851679e-16, -1.2246468525851679e-16, 1.0, 0.00463946294784548], [0.0, 0.0, 0.0, 1.0]], [[0.5175749659538269, 0.6813459396362305, -0.5175749659538269, -0.10106540286540985], [-0.48178431391716003, 0.7319615483283997, 0.48178431391716003, 0.0965886761546135], [0.7071067690849304, 0.0, 0.7071067690849304, -0.15345696437358858], [0.0, 0.0, 0.0, 1.0]], [[-0.8475692868232727, -0.530684769153595, 1.0379730332833858e-16, 0.1625258427858353], [-0.530684769153595, 0.8475692868232727, 6.499014474274799e-17, 0.10126893341541292], [-1.2246468525851679e-16, 0.0, -1.0, 0.003664156436920187], [0.0, 0.0, 0.0, 1.0]], [[1.6252811281889371e-16, -0.6813459396362305, -0.7319615483283997, -0.00021759541332724472], [-1.5128918998380102e-16, -0.7319615483283997, 0.6813459396362305, 0.0010430755615234632], [-1.0, 2.7192622655495665e-32, -2.220446049250313e-16, 0.23367513656616212], [0.0, 0.0, 0.0, 1.0]], [[0.22407418489456177, -0.9745720624923706, -9.19094870812001e-17, -0.04225184357166291], [0.9745720624923706, 0.22407418489456177, 1.4679184208057471e-16, -0.18484073138237], [-1.2246467202362698e-16, -1.2246467202362698e-16, 0.9999999403953552, -0.020316980361938457], [0.0, 0.0, 0.0, 1.0]], [[-0.03579118475317955, -0.9993593096733093, 0.0, 0.007451104305684567], [0.9993593096733093, -0.03579118475317955, 0.0, -0.1901681994199753], [0.0, 0.0, 1.0, 0.04586599349975586], [0.0, 0.0, 0.0, 1.0]], [[-0.974571168422699, 0.2240782380104065, 2.744167049933239e-17, 0.1797054456472397], [0.2240782380104065, 0.974571168422699, 1.1935055539304655e-16, -0.042501976609230045], [0.0, 1.2246468525851679e-16, -1.0, -0.005348647117614746], [0.0, 0.0, 0.0, 1.0]], [[-0.5306757092475891, -0.8475749492645264, 0.0, 0.10123172104358674], [0.8475749492645264, -0.5306757092475891, 0.0, -0.16052234601974488], [0.0, 0.0, 0.9999999403953552, -0.03702542877197266], [0.0, 0.0, 0.0, 1.0]], [[-0.22407418489456177, -0.9745720624923706, -1.1935066127216496e-16, 0.04308003437519074], [-0.9745720624923706, 0.22407418489456177, 2.7441174190964858e-17, 0.18036770701408386], [0.0, 1.2246467202362698e-16, -0.9999999403953552, -0.04456460571289063], [0.0, 0.0, 0.0, 1.0]], [[0.5175749659538269, -0.6813459396362305, 0.5175749659538269, -0.10006641376018525], [-0.48178431391716003, -0.7319615483283997, -0.48178431391716003, 0.09499311035871506], [0.7071067690849304, 8.659560603426554e-17, -0.7071067690849304, -0.1696580332517624], [0.0, 0.0, 0.0, 1.0]], [[1.8819818743926413e-16, 0.530684769153595, -0.8475692868232727, -0.0032566466331482254], [1.1783568990644144e-16, -0.8475692868232727, -0.530684769153595, -0.0010163537263870438], [-1.0, 2.7192622655495665e-32, -2.220446049250313e-16, 0.22714849853515626], [0.0, 0.0, 0.0, 1.0]], [[-0.22407418489456177, 0.9745720624923706, 0.0, 0.042941677212715156], [-0.9745720624923706, -0.22407418489456177, 0.0, 0.18546440196037292], [0.0, 0.0, 0.9999999403953552, -0.004851984977722168], [0.0, 0.0, 0.0, 1.0]], [[0.22407418489456177, 0.9745720624923706, -2.7441174190964858e-17, -0.04227477276325226], [0.9745720624923706, -0.22407418489456177, -1.1935066127216496e-16, -0.18420055270195007], [-1.2246467202362698e-16, 0.0, -0.9999999403953552, 0.04019153213500979], [0.0, 0.0, 0.0, 1.0]], [[-0.1584443747997284, -0.9745720624923706, 0.1584443747997284, 0.030430256068706515], [-0.6891264915466309, 0.22407418489456177, 0.6891264915466309, 0.1311621608734131], [-0.7071067094802856, 8.659559941682064e-17, -0.7071067094802856, 0.16208843159675598], [0.0, 0.0, 0.0, 1.0]], [[-0.974571168422699, -0.2240782380104065, 0.0, 0.17990437352657318], [0.2240782380104065, -0.974571168422699, 0.0, -0.04249485838413239], [0.0, 0.0, 1.0, 0.02479325866699219], [0.0, 0.0, 0.0, 1.0]], [[-0.03579118475317955, 0.9993593096733093, 1.2238622883177736e-16, 0.006732007645070553], [0.9993593096733093, 0.03579118475317955, 4.38315603325367e-18, -0.18782358729839327], [0.0, 1.2246468525851679e-16, -1.0, 0.030555999755859375], [0.0, 0.0, 0.0, 1.0]], [[1.5128930909780923e-16, -0.7319610714912415, -0.6813464760780334, 0.0030015797615051015], [1.625280069397753e-16, 0.6813464760780334, -0.7319610714912415, 0.0019197916984557831], [0.9999999403953552, -2.719261971675979e-32, 2.220445916901415e-16, -0.21078220117092134], [0.0, 0.0, 0.0, 1.0]], [[-4.9754463858811386e-17, -0.9745720624923706, 0.22407418489456177, 0.000436757624149331], [-2.1639846858709135e-16, 0.22407418489456177, 0.9745720624923706, -0.0028693358898162474], [-0.9999999403953552, 2.719261971675979e-32, -2.220445916901415e-16, 0.23656355035305027], [0.0, 0.0, 0.0, 1.0]], [[1.178336782031917e-16, 0.8475749492645264, -0.5306757092475891, 0.0021435034275054735], [-1.8819944475379521e-16, 0.5306757092475891, 0.8475749492645264, -0.005157030582427946], [0.9999999403953552, -2.719261971675979e-32, 2.220445916901415e-16, -0.20263984048366548], [0.0, 0.0, 0.0, 1.0]], [[1.5128930909780923e-16, 0.7319610714912415, 0.6813464760780334, 0.0030015797615051015], [1.625280069397753e-16, -0.6813464760780334, 0.7319610714912415, 0.0019197916984557831], [0.9999999403953552, 0.0, -2.220445916901415e-16, -0.21078220117092134], [0.0, 0.0, 0.0, 1.0]], [[-0.3752443790435791, 0.8475749492645264, -0.3752443790435791, 0.0716997685432434], [0.599325954914093, 0.5306757092475891, 0.599325954914093, -0.11335503590106964], [0.7071067094802856, 8.659559941682064e-17, -0.7071067094802856, -0.17137570500373842], [0.0, 0.0, 0.0, 1.0]], [[0.1584443747997284, 0.9745720624923706, -0.1584443747997284, -0.02980510872602463], [0.6891264915466309, -0.22407418489456177, -0.6891264915466309, -0.12996589374542236], [-0.7071067094802856, 0.0, -0.7071067094802856, 0.17454180455207827], [0.0, 0.0, 0.0, 1.0]], [[-0.6891258955001831, 0.2240782380104065, 0.6891258955001831, 0.12675754714012147], [0.1584472358226776, 0.974571168422699, -0.1584472358226776, -0.02998603743314743], [-0.7071067690849304, 8.659560603426554e-17, -0.7071067690849304, 0.16642418849468232], [0.0, 0.0, 0.0, 1.0]], [[-0.8475692868232727, 0.530684769153595, -3.880715858559059e-17, 0.1558605490922928], [-0.530684769153595, -0.8475692868232727, -1.6878744807108658e-16, 0.09922455799579621], [-1.2246468525851679e-16, -1.2246468525851679e-16, 1.0, -0.01802741813659666], [0.0, 0.0, 0.0, 1.0]], [[-1.8819818743926413e-16, 0.530684769153595, 0.8475692868232727, 0.0006913364529610001], [-1.1783568990644144e-16, -0.8475692868232727, 0.530684769153595, 0.0001945762932300768], [1.0, -2.7192622655495665e-32, 2.220446049250313e-16, -0.20007764625549318], [0.0, 0.0, 0.0, 1.0]], [[-0.5175749659538269, 0.6813459396362305, -0.5175749659538269, 0.09650339591503145], [0.48178431391716003, 0.7319615483283997, 0.48178431391716003, -0.08791134947538376], [0.7071067690849304, 0.0, -0.7071067690849304, -0.16080436885356902], [0.0, 0.0, 0.0, 1.0]], [[0.4817847013473511, 0.7319610714912415, 0.4817847013473511, -0.08853751349449158], [0.5175746083259583, -0.6813464760780334, 0.5175746083259583, -0.09641938412189484], [0.7071067094802856, 0.0, -0.7071067094802856, -0.1551324875354767], [0.0, 0.0, 0.0, 1.0]], [[7.947239478318557e-18, 0.9993593096733093, -0.03579118475317955, -0.0002647348642349257], [-2.21902343094562e-16, 0.03579118475317955, 0.9993593096733093, 0.0026950984001160045], [1.0, -2.7192622655495665e-32, 2.220446049250313e-16, -0.205496639251709], [0.0, 0.0, 0.0, 1.0]], [[0.5175749659538269, 0.6813459396362305, 0.5175749659538269, -0.09980856597423554], [-0.48178431391716003, 0.7319615483283997, -0.48178431391716003, 0.09458128899335862], [-0.7071067690849304, 0.0, 0.7071067690849304, 0.17105866420269014], [0.0, 0.0, 0.0, 1.0]], [[0.4817847013473511, 0.7319610714912415, -0.4817847013473511, -0.09073831248283386], [0.5175746083259583, -0.6813464760780334, -0.5175746083259583, -0.09722700035572053], [-0.7071067094802856, 0.0, -0.7071067094802856, 0.17181304478645326], [0.0, 0.0, 0.0, 1.0]], [[-0.025308189913630486, 0.9993593096733093, 0.025308189913630486, 0.004856726866215468], [0.7066537141799927, 0.03579118475317955, -0.7066537141799927, -0.13258931660652162], [-0.7071067690849304, 8.659560603426554e-17, -0.7071067690849304, 0.17312423503398897], [0.0, 0.0, 0.0, 1.0]], [[0.6813464760780334, 0.7319610714912415, -8.34408847617761e-17, -0.12903543436527254], [0.7319610714912415, -0.6813464760780334, -8.963937922555447e-17, -0.13867735970020295], [-1.2246467202362698e-16, 0.0, -0.9999999403953552, -0.012398446083068827], [0.0, 0.0, 0.0, 1.0]], [[-0.03579118475317955, -0.9993593096733093, 0.0, 0.00682420089095831], [0.9993593096733093, -0.03579118475317955, 0.0, -0.1881241625547409], [0.0, 0.0, 1.0, -0.03702542877197266], [0.0, 0.0, 0.0, 1.0]], [[-0.5175749659538269, -0.6813459396362305, 0.5175749659538269, 0.09650339591503145], [0.48178431391716003, -0.7319615483283997, -0.48178431391716003, -0.08791134947538376], [0.7071067690849304, -8.659560603426554e-17, 0.7071067690849304, -0.16080436885356902], [0.0, 0.0, 0.0, 1.0]], [[0.6813464760780334, 0.7319610714912415, -8.34408847617761e-17, -0.12929993879795076], [0.7319610714912415, -0.6813464760780334, -8.963937922555447e-17, -0.13917590153217316], [-1.2246467202362698e-16, 0.0, -0.9999999403953552, -0.035328987121582014], [0.0, 0.0, 0.0, 1.0]], [[-0.9560422897338867, -0.29322877526283264, -3.5910170248360426e-17, 0.18352554321289063], [-0.29322877526283264, 0.9560422897338867, 1.1708142030180128e-16, 0.056049236357212075], [0.0, 1.2246468525851679e-16, -1.0, -0.016557973861694338], [0.0, 0.0, 0.0, 1.0]], [[4.9754463858811386e-17, -0.9745720624923706, -0.22407418489456177, 0.0003222517073154365], [2.1639846858709135e-16, 0.22407418489456177, -0.9745720624923706, 0.000327960789203607], [0.9999999403953552, -2.719261971675979e-32, 2.220445916901415e-16, -0.21031696832180025], [0.0, 0.0, 0.0, 1.0]], [[-1.6252811281889371e-16, -0.6813459396362305, 0.7319615483283997, -0.0017271707057952607], [1.5128918998380102e-16, -0.7319615483283997, -0.6813459396362305, 0.0034540908336639147], [1.0, -2.7192622655495665e-32, 2.220446049250313e-16, -0.22530774688720706], [0.0, 0.0, 0.0, 1.0]], [[-0.4817847013473511, -0.7319610714912415, -0.4817847013473511, 0.09454067301750183], [-0.5175746083259583, 0.6813464760780334, -0.5175746083259583, 0.10025896751880646], [0.7071067094802856, 8.659559941682064e-17, -0.7071067094802856, -0.1551324875354767], [0.0, 0.0, 0.0, 1.0]], [[-1.178336782031917e-16, 0.8475749492645264, 0.5306757092475891, 0.0014451147317886552], [1.8819944475379521e-16, 0.5306757092475891, -0.8475749492645264, -0.002879836320877107], [-0.9999999403953552, 2.719261971675979e-32, -2.220445916901415e-16, 0.21793756616115573], [0.0, 0.0, 0.0, 1.0]], [[0.5993219614028931, -0.530684769153595, -0.5993219614028931, -0.11904878830909729], [0.37525078654289246, 0.8475692868232727, -0.37525078654289246, -0.07290319794416429], [0.7071067690849304, 0.0, 0.7071067690849304, -0.1523777025938034], [0.0, 0.0, 0.0, 1.0]], [[0.8475692868232727, -0.530684769153595, 0.0, -0.16396821033954623], [0.530684769153595, 0.8475692868232727, 0.0, -0.10174628460407259], [0.0, 0.0, 1.0, 0.02224166488647461], [0.0, 0.0, 0.0, 1.0]], [[-4.9754463858811386e-17, -0.9745720624923706, 0.22407418489456177, 0.00032582479715348136], [-2.1639846858709135e-16, 0.22407418489456177, 0.9745720624923706, 0.0002281271219253908], [-0.9999999403953552, 2.719261971675979e-32, -2.220445916901415e-16, 0.21773814523220064], [0.0, 0.0, 0.0, 1.0]], [[-4.9754463858811386e-17, 0.9745720624923706, -0.22407418489456177, 0.0001997829675674523], [-2.1639846858709135e-16, -0.22407418489456177, -0.9745720624923706, -2.0541621372066904e-05], [-0.9999999403953552, 0.0, 2.220445916901415e-16, 0.19779926049709323], [0.0, 0.0, 0.0, 1.0]], [[-0.4817847013473511, 0.7319610714912415, 0.4817847013473511, 0.09061446261405945], [-0.5175746083259583, -0.6813464760780334, 0.5175746083259583, 0.09619936287403108], [0.7071067094802856, 0.0, 0.7071067094802856, -0.1779650948047638], [0.0, 0.0, 0.0, 1.0]], [[1.178336782031917e-16, -0.8475749492645264, 0.5306757092475891, 0.0021435034275054735], [-1.8819944475379521e-16, -0.5306757092475891, -0.8475749492645264, -0.005157030582427946], [0.9999999403953552, 0.0, -2.220445916901415e-16, 