{"co_parameters": [[[0.8475692868232727, 0.530684769153595, 6.499014474274799e-17, -0.1614345761537552], [0.530684769153595, -0.8475692868232727, -1.0379730332833858e-16, -0.10096916782855989], [0.0, 1.2246468525851679e-16, -1.0, -0.022925508499145507], [0.0, 0.0, 0.0, 1.0]], [[0.03579118475317955, 0.9993593096733093, 1.2676938610580194e-16, -0.006776449285447598], [-0.9993593096733093, 0.03579118475317955, -1.1800307155775277e-16, 0.19163237559795382], [-1.2246468525851679e-16, -1.2246468525851679e-16, 1.0, -0.03702542877197264], [0.0, 0.0, 0.0, 1.0]], [[-0.1584443747997284, 0.9745720624923706, -0.1584443747997284, 0.03298835057020188], [-0.6891264915466309, -0.22407418489456177, -0.6891264915466309, 0.13597243976593018], [-0.7071067094802856, 0.0, 0.7071067094802856, 0.17937081074714661], [0.0, 0.0, 0.0, 1.0]], [[0.22407418489456177, 0.9745720624923706, -2.7441174190964858e-17, -0.04211020529270173], [0.9745720624923706, -0.22407418489456177, -1.1935066127216496e-16, -0.18879563784599304], [-1.2246467202362698e-16, 0.0, -0.9999999403953552, -0.035974861145019514], [0.0, 0.0, 0.0, 1.0]], [[0.025308189913630486, -0.9993593096733093, 0.025308189913630486, -0.0050732909254729746], [-0.7066537141799927, -0.03579118475317955, -0.7066537141799927, 0.1369593040943146], [0.7071067690849304, 0.0, -0.7071067690849304, -0.14984692752361298], [0.0, 0.0, 0.0, 1.0]], [[-0.6813464760780334, 0.7319610714912415, 0.0, 0.1325452324151993], [-0.7319610714912415, -0.6813464760780334, 0.0, 0.14104738247394563], [0.0, 0.0, 0.9999999403953552, -0.0026077048778533935], [0.0, 0.0, 0.0, 1.0]], [[-1.178336782031917e-16, 0.8475749492645264, 0.5306757092475891, 0.00042763164639474967], [1.8819944475379521e-16, 0.5306757092475891, -0.8475749492645264, 0.00043767797946926733], [-0.9999999403953552, 2.719261971675979e-32, -2.220445916901415e-16, 0.22877393853664402], [0.0, 0.0, 0.0, 1.0]], [[0.7319615483283997, 0.6813459396362305, 0.0, -0.14079986488819124], [-0.6813459396362305, 0.7319615483283997, 0.0, 0.132909818649292], [0.0, 0.0, 1.0, -0.03530774688720703], [0.0, 0.0, 0.0, 1.0]], [[-0.1584443747997284, -0.9745720624923706, 0.1584443747997284, 0.030222508609294894], [-0.6891264915466309, 0.22407418489456177, 0.6891264915466309, 0.1307594976425171], [-0.7071067094802856, 8.659559941682064e-17, -0.7071067094802856, 0.15972822499275208], [0.0, 0.0, 0.0, 1.0]], [[0.1584443747997284, -0.9745720624923706, -0.1584443747997284, -0.029782179534435276], [0.6891264915466309, 0.22407418489456177, -0.6891264915466309, -0.1306060724258423], [0.7071067094802856, -8.659559941682064e-17, 0.7071067094802856, -0.15466725468635562], [0.0, 0.0, 0.0, 1.0]], [[-0.974571168422699, 0.2240782380104065, 2.744167049933239e-17, 0.1860773538351059], [0.2240782380104065, 0.974571168422699, 1.1935055539304655e-16, -0.04227379381656647], [0.0, 1.2246468525851679e-16, -1.0, 0.04043275833129883], [0.0, 0.0, 0.0, 1.0]], [[4.9754463858811386e-17, -0.9745720624923706, -0.22407418489456177, 0.00043831980228423227], [2.1639846858709135e-16, 0.22407418489456177, -0.9745720624923706, -0.002912900924682654], [0.9999999403953552, -2.719261971675979e-32, 2.220445916901415e-16, -0.20126437890529636], [0.0, 0.0, 0.0, 1.0]], [[0.6813464760780334, 0.7319610714912415, -8.34408847617761e-17, -0.1279019981622696], [0.7319610714912415, -0.6813464760780334, -8.963937922555447e-17, -0.13805927479267122], [-1.2246467202362698e-16, 0.0, -0.9999999403953552, 0.03185247230529787], [0.0, 0.0, 0.0, 1.0]], [[0.6813464760780334, -0.7319610714912415, -6.198494463778364e-18, -0.12969477617740632], [0.7319610714912415, 0.6813464760780334, 1.7308026398733057e-16, -0.13992007362842562], [-1.2246467202362698e-16, -1.2246467202362698e-16, 0.9999999403953552, -0.004851984977722147], [0.0, 0.0, 0.0, 1.0]], [[1.6252811281889371e-16, 0.6813459396362305, 0.7319615483283997, -0.00021759541332724472], [-1.5128918998380102e-16, 0.7319615483283997, -0.6813459396362305, 0.0010430755615234632], [-1.0, 0.0, 2.220446049250313e-16, 0.23367513656616212], [0.0, 0.0, 0.0, 1.0]], [[-1.5128930909780923e-16, 0.7319610714912415, -0.6813464760780334, 0.001553832173347499], [-1.625280069397753e-16, -0.6813464760780334, -0.7319610714912415, 0.0010133287906647004], [-0.9999999403953552, 0.0, 2.220445916901415e-16, 0.22185246026515962], [0.0, 0.0, 0.0, 1.0]], [[2.122840325155832e-16, -0.29322877526283264, -0.9560422897338867, 0.0018775084018706916], [6.510986755588647e-17, 0.9560422897338867, -0.29322877526283264, 0.00033576896786688653], [1.0, -2.7192622655495665e-32, 2.220446049250313e-16, -0.20655797195434572], [0.0, 0.0, 0.0, 1.0]], [[-0.6813464760780334, 0.7319610714912415, 0.0, 0.1285312000513077], [-0.7319610714912415, -0.6813464760780334, 0.0, 0.1369327908754349], [0.0, 0.0, 0.9999999403953552, -0.043614818572998044], [0.0, 0.0, 0.0, 1.0]], [[-0.22407418489456177, -0.9745720624923706, -1.1935066127216496e-16, 0.04269217264652253], [-0.9745720624923706, 0.22407418489456177, 2.7441174190964858e-17, 0.1849941565990448], [0.0, 1.2246467202362698e-16, -0.9999999403953552, 0.02537794876098633], [0.0, 0.0, 0.0, 1.0]], [[0.8475692868232727, 0.530684769153595, 6.499014474274799e-17, -0.16034682857990268], [0.530684769153595, -0.8475692868232727, -1.0379730332833858e-16, -0.10063552963733674], [0.0, 1.2246468525851679e-16, -1.0, -0.010077646255493164], [0.0, 0.0, 0.0, 1.0]], [[-0.8475692868232727, -0.530684769153595, 1.0379730332833858e-16, 0.1606417523622513], [-0.530684769153595, 0.8475692868232727, 6.499014474274799e-17, 0.10069104397296907], [-1.2246468525851679e-16, 0.0, -1.0, -0.022925508499145486], [0.0, 0.0, 0.0, 1.0]], [[-0.974571168422699, 0.2240782380104065, 2.744167049933239e-17, 0.18022620713710785], [0.2240782380104065, 0.974571168422699, 1.1935055539304655e-16, -0.04248336565494538], [0.0, 1.2246468525851679e-16, -1.0, 0.01067586135864258], [0.0, 0.0, 0.0, 1.0]], [[-0.3752443790435791, 0.8475749492645264, -0.3752443790435791, 0.0716997685432434], [0.599325954914093, 0.5306757092475891, 0.599325954914093, -0.11335503590106964], [0.7071067094802856, 8.659559941682064e-17, -0.7071067094802856, -0.17137570500373842], [0.0, 0.0, 0.0, 1.0]], [[-0.4817847013473511, -0.7319610714912415, -0.4817847013473511, 0.09642605948448181], [-0.5175746083259583, 0.6813464760780334, -0.5175746083259583, 0.10143944561481477], [0.7071067094802856, 8.659559941682064e-17, -0.7071067094802856, -0.16899644780158998], [0.0, 0.0, 0.0, 1.0]], [[-0.025308189913630486, -0.9993593096733093, 0.025308189913630486, 0.004832431893795728], [0.7066537141799927, -0.03579118475317955, -0.7066537141799927, -0.13251009964942934], [0.7071067690849304, 0.0, 0.7071067690849304, -0.17137571513652802], [0.0, 0.0, 0.0, 1.0]], [[0.3752443790435791, -0.8475749492645264, -0.3752443790435791, -0.06985131740570069], [-0.599325954914093, -0.5306757092475891, 0.599325954914093, 0.1109920951128006], [-0.7071067094802856, 0.0, -0.7071067094802856, 0.16228785252571107], [0.0, 0.0, 0.0, 1.0]], [[-0.4817847013473511, -0.7319610714912415, -0.4817847013473511, 0.09454067301750183], [-0.5175746083259583, 0.6813464760780334, -0.5175746083259583, 0.10025896751880646], [0.7071067094802856, 8.659559941682064e-17, -0.7071067094802856, -0.1551324875354767], [0.0, 0.0, 0.0, 1.0]], [[0.8475692868232727, -0.530684769153595, 0.0, -0.16396821033954623], [0.530684769153595, 0.8475692868232727, 0.0, -0.10174628460407259], [0.0, 0.0, 1.0, 0.02224166488647461], [0.0, 0.0, 0.0, 1.0]], [[1.5128930909780923e-16, 0.7319610714912415, 0.6813464760780334, 0.001979153394699071], [1.625280069397753e-16, -0.6813464760780334, 0.7319610714912415, 0.0012796344757079804], [0.9999999403953552, 0.0, -2.220445916901415e-16, -0.2312636731863022], [0.0, 0.0, 0.0, 1.0]], [[0.974571168422699, -0.2240782380104065, -1.1935055539304655e-16, -0.18370371186733248], [-0.2240782380104065, -0.974571168422699, 2.744167049933239e-17, 0.04289584743976593], [-1.2246468525851679e-16, 0.0, -1.0, 0.00463946294784548], [0.0, 0.0, 0.0, 1.0]], [[1.178336782031917e-16, 0.8475749492645264, -0.5306757092475891, 0.0022071762084960736], [-1.8819944475379521e-16, 0.5306757092475891, 0.8475749492645264, -0.005364647865295378], [0.9999999403953552, -2.719261971675979e-32, 2.220445916901415e-16, -0.21145619714260103], [0.0, 0.0, 0.0, 1.0]], [[-0.6891258955001831, 0.2240782380104065, -0.6891258955001831, 0.1314727656841278], [0.1584472358226776, 0.974571168422699, 0.1584472358226776, -0.029817155301570895], [0.7071067690849304, 8.659560603426554e-17, -0.7071067690849304, -0.15924009883403778], [0.0, 0.0, 0.0, 1.0]], [[-0.22407418489456177, -0.9745720624923706, -1.1935066127216496e-16, 0.04277387821674347], [-0.9745720624923706, 0.22407418489456177, 2.7441174190964858e-17, 0.18514815020561218], [0.0, 1.2246467202362698e-16, -0.9999999403953552, 0.0077992711067199705], [0.0, 0.0, 0.0, 1.0]], [[0.025308189913630486, -0.9993593096733093, 0.025308189913630486, -0.004784680288285017], [-0.7066537141799927, -0.03579118475317955, -0.7066537141799927, 0.13601831173896792], [0.7071067690849304, 0.0, -0.7071067690849304, -0.17137571513652802], [0.0, 0.0, 0.0, 1.0]], [[0.03579118475317955, 0.9993593096733093, 1.2676938610580194e-16, -0.0068686425909399995], [-0.9993593096733093, 0.03579118475317955, -1.1800307155775277e-16, 0.19193295085430145], [-1.2246468525851679e-16, -1.2246468525851679e-16, 1.0, 0.030555999755859396], [0.0, 0.0, 0.0, 1.0]], [[0.9560422897338867, -0.29322877526283264, 8.117124674471841e-17, -0.17941168594360352], [0.29322877526283264, 0.9560422897338867, 1.5299159385888416e-16, -0.05536484819650651], [-1.2246468525851679e-16, -1.2246468525851679e-16, 1.0, 0.029250049591064475], [0.0, 0.0, 0.0, 1.0]], [[0.22407418489456177, 0.9745720624923706, -2.7441174190964858e-17, -0.04221678984165192], [0.9745720624923706, -0.22407418489456177, -1.1935066127216496e-16, -0.18581955218315124], [-1.2246467202362698e-16, 0.0, -0.9999999403953552, 0.016730239868164083], [0.0, 0.0, 0.0, 1.0]], [[0.5175749659538269, 0.6813459396362305, 0.5175749659538269, -0.09957520473003388], [-0.48178431391716003, 0.7319615483283997, -0.48178431391716003, 0.09420857495069504], [-0.7071067690849304, 0.0, 0.7071067690849304, 0.15600746333599091], [0.0, 0.0, 0.0, 1.0]], [[0.6813464760780334, -0.7319610714912415, -6.198494463778364e-18, -0.12456886446475984], [0.7319610714912415, 0.6813464760780334, 1.7308026398733057e-16, -0.13597233402729036], [-1.2246467202362698e-16, -1.2246467202362698e-16, 0.9999999403953552, -0.0346461715698242], [0.0, 0.0, 0.0, 1.0]], [[0.7319615483283997, -0.6813459396362305, -8.34408185873271e-17, -0.1400534955263138], [-0.6813459396362305, -0.7319615483283997, -8.963943878255857e-17, 0.13171775722503665], [0.0, 1.2246468525851679e-16, -1.0, -0.009895602226257325], [0.0, 0.0, 0.0, 1.0]], [[-2.1639827006374434e-16, -0.2240782380104065, -0.974571168422699, -0.005324973106384241], [4.9755363831317843e-17, -0.974571168422699, 0.2240782380104065, 7.782974839209664e-05], [-1.0, 0.0, 2.220446049250313e-16, 0.2345727767944336], [0.0, 0.0, 0.0, 1.0]], [[0.6813464760780334, 0.7319610714912415, -8.34408847617761e-17, -0.12903543436527254], [0.7319610714912415, -0.6813464760780334, -8.963937922555447e-17, -0.13867735970020295], [-1.2246467202362698e-16, 0.0, -0.9999999403953552, -0.012398446083068827], [0.0, 0.0, 0.0, 1.0]], [[-0.22407418489456177, 0.9745720624923706, 0.0, 0.04289992010593415], [-0.9745720624923706, -0.22407418489456177, 0.0, 0.18539681887626647], [0.0, 0.0, 0.9999999403953552, 0.027738155364990236], [0.0, 0.0, 0.0, 1.0]], [[0.6891258955001831, -0.2240782380104065, -0.6891258955001831, -0.13511029314994813], [-0.1584472358226776, -0.974571168422699, 0.1584472358226776, 0.030223912179470062], [-0.7071067690849304, 0.0, -0.7071067690849304, 0.16642418849468232], [0.0, 0.0, 0.0, 1.0]], [[-0.5175749659538269, -0.6813459396362305, 0.5175749659538269, 0.09661207282543183], [0.48178431391716003, -0.7319615483283997, -0.48178431391716003, -0.08808492869138718], [0.7071067690849304, -8.659560603426554e-17, 0.7071067690849304, -0.1696580332517624], [0.0, 0.0, 0.0, 1.0]], [[-0.6813464760780334, -0.7319610714912415, -8.963937922555447e-17, 0.1325452324151993], [-0.7319610714912415, 0.6813464760780334, 8.34408847617761e-17, 0.14104738247394563], [0.0, 1.2246467202362698e-16, -0.9999999403953552, -0.0026077048778533935], [0.0, 0.0, 0.0, 1.0]], [[0.5306757092475891, 0.8475749492645264, 1.6878703778950275e-16, -0.10058216392993928], [-0.8475749492645264, 0.5306757092475891, -3.880896514804841e-17, 0.1620684027671814], [-1.2246467202362698e-16, -1.2246467202362698e-16, 0.9999999403953552, 0.020111204147338888], [0.0, 0.0, 0.0, 1.0]], [[-0.22407418489456177, -0.9745720624923706, -1.1935066127216496e-16, 0.04301241505146027], [-0.9745720624923706, 0.22407418489456177, 2.7441174190964858e-17, 0.18225579142570497], [0.0, 1.2246467202362698e-16, -0.9999999403953552, -0.01126439094543457], [0.0, 0.0, 0.0, 1.0]], [[-0.8475692868232727, 0.530684769153595, -3.880715858559059e-17, 0.15678280365467073], [-0.530684769153595, -0.8475692868232727, -1.6878744807108658e-16, 0.0995074292421341], [-1.2246468525851679e-16, -1.2246468525851679e-16, 1.0, 0.013334154129028341], [0.0, 0.0, 0.0, 1.0]], [[0.974571168422699, -0.2240782380104065, -1.1935055539304655e-16, -0.18934489572048188], [-0.2240782380104065, -0.974571168422699, 2.744167049933239e-17, 0.042693802475929264], [-1.2246468525851679e-16, 0.0, -1.0, 0.03207390213012697], [0.0, 0.0, 0.0, 1.0]], [[-0.22407418489456177, 0.9745720624923706, 0.0, 0.04288364708423615], [-0.9745720624923706, -0.22407418489456177, 0.0, 0.18585114550590515], [0.0, 0.0, 0.9999999403953552, 0.0022350268363952636], [0.0, 0.0, 0.0, 1.0]], [[-2.122840325155832e-16, -0.29322877526283264, 0.9560422897338867, 0.006012812614440955], [-6.510986755588647e-17, 0.9560422897338867, 0.29322877526283264, 0.000483844667673122], [-1.0, 2.7192622655495665e-32, -2.220446049250313e-16, 0.22760914611816407], [0.0, 0.0, 0.0, 1.0]], [[2.122840325155832e-16, -0.29322877526283264, -0.9560422897338867, 0.003435098886489832], [6.510986755588647e-17, 0.9560422897338867, -0.29322877526283264, 0.00039155337214468805], [1.0, -2.7192622655495665e-32, 2.220446049250313e-16, -0.2339664459228516], [0.0, 0.0, 0.0, 1.0]], [[0.1584443747997284, -0.9745720624923706, 0.1584443747997284, -0.02977860635519028], [0.6891264915466309, 0.22407418489456177, 0.6891264915466309, -0.13070590591430664], [-0.7071067094802856, -8.659559941682064e-17, 0.7071067094802856, 0.16208843159675598], [0.0, 0.0, 0.0, 1.0]], [[0.5306757092475891, -0.8475749492645264, -6.498903301200472e-17, -0.09985856354236604], [-0.8475749492645264, -0.5306757092475891, 1.0379799816005313e-16, 0.15970910501480104], [-1.2246467202362698e-16, 0.0, -0.9999999403953552, 0.009975176811218282], [0.0, 0.0, 0.0, 1.0]], [[1.6252811281889371e-16, -0.6813459396362305, -0.7319615483283997, -0.00021759541332724472], [-1.5128918998380102e-16, -0.7319615483283997, 0.6813459396362305, 0.0010430755615234632], [-1.0, 2.7192622655495665e-32, -2.220446049250313e-16, 0.23367513656616212], [0.0, 0.0, 0.0, 1.0]], [[-0.8475692868232727, -0.530684769153595, 1.0379730332833858e-16, 0.15903285706043244], [-0.530684769153595, 0.8475692868232727, 6.499014474274799e-17, 0.10019756424427034], [-1.2246468525851679e-16, 0.0, -1.0, -0.003461573123931864], [0.0, 0.0, 0.0, 1.0]], [[4.9754463858811386e-17, 0.9745720624923706, 0.22407418489456177, 0.00046388989686965096], [2.1639846858709135e-16, -0.22407418489456177, 0.9745720624923706, -0.0036269452571869266], [0.9999999403953552, 0.0, -2.220445916901415e-16, -0.22597485101222994], [0.0, 0.0, 0.0, 1.0]], [[0.974571168422699, -0.2240782380104065, -1.1935055539304655e-16, -0.1842596906423569], [-0.2240782380104065, -0.974571168422699, 2.744167049933239e-17, 0.042875936627388006], [-1.2246468525851679e-16, 0.0, -1.0, 0.04043275833129885], [0.0, 0.0, 0.0, 1.0]], [[1.5128930909780923e-16, 0.7319610714912415, 0.6813464760780334, 9.500645846125891e-05], [1.625280069397753e-16, -0.6813464760780334, 0.7319610714912415, 9.992711991068938e-05], [0.9999999403953552, 0.0, -2.220445916901415e-16, -0.21728104150295258], [0.0, 0.0, 0.0, 1.0]], [[-1.6252811281889371e-16, -0.6813459396362305, 0.7319615483283997, -0.0018358472585677825], [1.5128918998380102e-16, -0.7319615483283997, -0.6813459396362305, 0.003627670288085912], [1.0, -2.7192622655495665e-32, 2.220446049250313e-16, -0.21645408248901368], [0.0, 0.0, 0.0, 1.0]], [[0.5993219614028931, -0.530684769153595, 0.5993219614028931, -0.11297594857215883], [0.37525078654289246, 0.8475692868232727, 0.37525078654289246, -0.07104053562879563], [-0.7071067690849304, 0.0, 0.7071067690849304, 0.17881189143657686], [0.0, 0.0, 0.0, 1.0]], [[0.9560422897338867, -0.29322877526283264, 8.117124674471841e-17, -0.17792974090576175], [0.29322877526283264, 0.9560422897338867, 1.5299159385888416e-16, -0.05531177288293839], [-1.2246468525851679e-16, -1.2246468525851679e-16, 1.0, -0.008892201423644998], [0.0, 0.0, 0.0, 1.0]], [[-0.6891258955001831, -0.2240782380104065, -0.6891258955001831, 0.13184275221824646], [0.1584472358226776, -0.974571168422699, 0.1584472358226776, -0.02980390352010727], [-0.7071067690849304, 0.0, 0.7071067690849304, 0.1747830446958542], [0.0, 0.0, 0.0, 1.0]], [[0.5306757092475891, 0.8475749492645264, 1.6878703778950275e-16, -0.09915656864643098], [-0.8475749492645264, 0.5306757092475891, -3.880896514804841e-17, 0.1574202332496643], [-1.2246467202362698e-16, -1.2246467202362698e-16, 0.9999999403953552, -0.042540817260742166], [0.0, 0.0, 0.0, 1.0]], [[-4.9754463858811386e-17, -0.9745720624923706, 0.22407418489456177, 0.0001997829675674523], [-2.1639846858709135e-16, 0.22407418489456177, 0.9745720624923706, -2.0541621372066904e-05], [-0.9999999403953552, 2.719261971675979e-32, -2.220445916901415e-16, 0.19779926049709323], [0.0, 0.0, 0.0, 1.0]], [[0.5175749659538269, -0.6813459396362305, 0.5175749659538269, -0.10006641376018525], [-0.48178431391716003, -0.7319615483283997, -0.48178431391716003, 0.09499311035871506], [0.7071067690849304, 8.659560603426554e-17, -0.7071067690849304, -0.1696580332517624], [0.0, 0.0, 0.0, 1.0]], [[-0.1584443747997284, 0.9745720624923706, 0.1584443747997284, 0.030426682889461522], [-0.6891264915466309, -0.22407418489456177, 0.6891264915466309, 0.13126199436187744], [0.7071067094802856, 0.0, 0.7071067094802856, -0.15466725468635562], [0.0, 0.0, 0.0, 1.0]], [[-0.3752443790435791, -0.8475749492645264, 0.3752443790435791, 0.0716997685432434], [0.599325954914093, -0.5306757092475891, -0.599325954914093, -0.11335503590106964], [0.7071067094802856, 0.0, 0.7071067094802856, -0.17137570500373842], [0.0, 0.0, 0.0, 1.0]], [[-0.22407418489456177, 0.9745720624923706, 0.0, 0.043037984967231754], [-0.9745720624923706, -0.22407418489456177, 0.0, 0.1815417468547821], [0.0, 0.0, 0.9999999403953552, -0.035974861145019535], [0.0, 0.0, 0.0, 1.0]], [[-7.947239478318557e-18, -0.9993593096733093, -0.03579118475317955, 0.0007560378909111037], [2.21902343094562e-16, -0.03579118475317955, 0.9993593096733093, -0.0006331197023392101], [-1.0, 0.0, 2.220446049250313e-16, 0.2040387420654297], [0.0, 0.0, 0.0, 1.0]], [[-7.947239478318557e-18, 0.9993593096733093, 0.03579118475317955, 0.0006507792472839369], [2.21902343094562e-16, 0.03579118475317955, -0.9993593096733093, -0.00028992983698848684], [-1.0, 2.7192622655495665e-32, -2.220446049250313e-16, 0.23586599731445312], [0.0, 0.0, 0.0, 1.0]], [[4.9754463858811386e-17, -0.9745720624923706, -0.22407418489456177, 0.00174624276161193], [2.1639846858709135e-16, 0.22407418489456177, -0.9745720624923706, 0.0028941543102264035], [0.9999999403953552, -2.719261971675979e-32, 2.220445916901415e-16, -0.23137542855739596], [0.0, 0.0, 0.0, 1.0]], [[0.5993219614028931, 0.530684769153595, 0.5993219614028931, -0.11426758408546449], [0.37525078654289246, -0.8475692868232727, 0.37525078654289246, -0.07143671101331711], [0.7071067690849304, 8.659560603426554e-17, -0.7071067690849304, -0.15727579295635224], [0.0, 0.0, 0.0, 1.0]], [[-0.6891258955001831, 0.2240782380104065, 0.6891258955001831, 0.13184275221824646], [0.1584472358226776, 0.974571168422699, -0.1584472358226776, -0.02980390352010727], [-0.7071067690849304, 8.659560603426554e-17, -0.7071067690849304, 0.1747830446958542], [0.0, 0.0, 0.0, 1.0]], [[-0.4817847013473511, 0.7319610714912415, 0.4817847013473511, 0.09163409972190857], [-0.5175746083259583, -0.6813464760780334, 0.5175746083259583, 0.09843910229206086], [0.7071067094802856, 0.0, 0.7071067094802856, -0.16163132786750795], [0.0, 0.0, 0.0, 1.0]], [[2.122840325155832e-16, 0.29322877526283264, 0.9560422897338867, 0.003435098886489832], [6.510986755588647e-17, -0.9560422897338867, 0.29322877526283264, 0.00039155337214468805], [1.0, 0.0, -2.220446049250313e-16, -0.2339664459228516], [0.0, 0.0, 0.0, 1.0]], [[7.947239478318557e-18, -0.9993593096733093, 0.03579118475317955, 2.3875797167419035e-05], [-2.21902343094562e-16, -0.03579118475317955, -0.9993593096733093, 0.0017541064023971935], [1.0, 0.0, -2.220446049250313e-16, -0.22702542877197268], [0.0, 0.0, 0.0, 1.0]], [[0.7319615483283997, -0.6813459396362305, -8.34408185873271e-17, -0.1392902899980545], [-0.6813459396362305, -0.7319615483283997, -8.963943878255857e-17, 0.13049880409240724], [0.0, 1.2246468525851679e-16, -1.0, 0.043675136566162114], [0.0, 0.0, 0.0, 1.0]], [[-0.5175749659538269, -0.6813459396362305, -0.5175749659538269, 0.09812164771556856], [0.48178431391716003, -0.7319615483283997, 0.48178431391716003, -0.09049594372510911], [-0.7071067690849304, -8.659560603426554e-17, 0.7071067690849304, 0.1780254229307175], [0.0, 0.0, 0.0, 1.0]], [[0.22407418489456177, 0.9745720624923706, -2.7441174190964858e-17, -0.0408278523683548], [0.9745720624923706, -0.22407418489456177, -1.1935066127216496e-16, -0.18227453684806824], [-1.2246467202362698e-16, 0.0, -0.9999999403953552, -0.041375442504882794], [0.0, 0.0, 0.0, 1.0]], [[0.6891258955001831, -0.2240782380104065, -0.6891258955001831, -0.13002508807182311], [-0.1584472358226776, -0.974571168422699, 0.1584472358226776, 0.030406046092510224], [-0.7071067690849304, 0.0, -0.7071067690849304, 0.1747830446958542], [0.0, 0.0, 0.0, 1.0]], [[0.5993219614028931, -0.530684769153595, 0.5993219614028931, -0.11680121731758118], [0.37525078654289246, 0.8475692868232727, 0.37525078654289246, -0.07221382778882982], [-0.7071067690849304, 0.0, 0.7071067690849304, 0.15659195125102998], [0.0, 0.0, 0.0, 1.0]], [[0.9560422897338867, 0.29322877526283264, -1.1708142030180128e-16, -0.1778781318664551], [0.29322877526283264, -0.9560422897338867, -3.5910170248360426e-17, -0.05530992370843888], [-1.2246468525851679e-16, 0.0, -1.0, 0.02022632408142092], [0.0, 0.0, 0.0, 1.0]], [[-1.6252811281889371e-16, 0.6813459396362305, -0.7319615483283997, -0.0014651796817779267], [1.5128918998380102e-16, 0.7319615483283997, 0.6813459396362305, 0.0030356519222259266], [1.0, 0.0, -2.220446049250313e-16, -0.1909183006286621], [0.0, 0.0, 0.0, 1.0]], [[0.8475692868232727, 0.530684769153595, 6.499014474274799e-17, -0.16304347240924838], [0.530684769153595, -0.8475692868232727, -1.0379730332833858e-16, -0.10146264755725862], [0.0, 1.2246468525851679e-16, -1.0, -0.0034615731239318846], [0.0, 0.0, 0.0, 1.0]], [[0.5993219614028931, -0.530684769153595, 0.5993219614028931, -0.11895718789100648], [0.37525078654289246, 0.8475692868232727, 0.37525078654289246, -0.07287510746717454], [-0.7071067690849304, 0.0, 0.7071067690849304, 0.18219506251811982], [0.0, 0.0, 0.0, 1.0]], [[0.6891258955001831, 0.2240782380104065, -0.6891258955001831, -0.13285897994041443], [-0.1584472358226776, 0.974571168422699, 0.1584472358226776, 0.030304538428783417], [0.7071067690849304, -8.659560603426554e-17, 0.7071067690849304, -0.16954281795024873], [0.0, 0.0, 0.0, 1.0]], [[-0.03579118475317955, 0.9993593096733093, 1.2238622883177736e-16, 0.006535590253770352], [0.9993593096733093, 0.03579118475317955, 4.38315603325367e-18, -0.18718317019939423], [0.0, 1.2246468525851679e-16, -1.0, -0.015496641159057618], [0.0, 0.0, 0.0, 1.0]], [[0.7319615483283997, 0.6813459396362305, 0.0, -0.1388444186449051], [-0.6813459396362305, 0.7319615483283997, 0.0, 0.12978668022155762], [0.0, 0.0, 1.0, 0.006618118286132813], [0.0, 0.0, 0.0, 1.0]], [[-1.8819818743926413e-16, -0.530684769153595, -0.8475692868232727, -0.002005307674407927], [-1.1783568990644144e-16, 0.8475692868232727, -0.530684769153595, -0.0006325416564941206], [1.0, 0.0, -2.220446049250313e-16, -0.19346157264709474], [0.0, 0.0, 0.0, 1.0]], [[1.5128930909780923e-16, 0.7319610714912415, 0.6813464760780334, 0.003089401960372899], [1.625280069397753e-16, -0.6813464760780334, 0.7319610714912415, 0.0019747794866561614], [0.9999999403953552, 0.0, -2.220445916901415e-16, -0.19260769402980807], [0.0, 0.0, 0.0, 1.0]], [[-4.9754463858811386e-17, 0.9745720624923706, -0.22407418489456177, 0.00011807743459940803], [-2.1639846858709135e-16, -0.22407418489456177, -0.9745720624923706, -0.00017453561723228592], [-0.9999999403953552, 0.0, 2.220445916901415e-16, 0.21537793862819674], [0.0, 0.0, 0.0, 1.0]], [[-0.03579118475317955, 0.9993593096733093, 1.2238622883177736e-16, 0.006848495863378048], [0.9993593096733093, 0.03579118475317955, 4.38315603325367e-18, -0.18820338046550752], [0.0, 1.2246468525851679e-16, -1.0, 0.038773948669433594], [0.0, 0.0, 0.0, 1.0]], [[-1.5128930909780923e-16, 0.7319610714912415, -0.6813464760780334, 0.0008007810711860914], [-1.625280069397753e-16, -0.6813464760780334, -0.7319610714912415, 0.0011121752262115755], [-0.9999999403953552, 0.0, 2.220445916901415e-16, 0.2274627584218979], [0.0, 0.0, 0.0, 1.0]], [[-1.5128930909780923e-16, -0.7319610714912415, 0.6813464760780334, 0.003300863981246974], [-1.625280069397753e-16, 0.6813464760780334, 0.7319610714912415, 0.0021071817874908725], [-0.9999999403953552, 2.719261971675979e-32, -2.220445916901415e-16, 0.19962576043605806], [0.0, 0.0, 0.0, 1.0]], [[0.5993219614028931, -0.530684769153595, -0.5993219614028931, -0.11904878830909729], [0.37525078654289246, 0.8475692868232727, -0.37525078654289246, -0.07290319794416429], [0.7071067690849304, 0.0, 0.7071067690849304, -0.1523777025938034], [0.0, 0.0, 0.0, 1.0]], [[0.4817847013473511, -0.7319610714912415, 0.4817847013473511, -0.09073831248283386], [0.5175746083259583, 0.6813464760780334, 0.5175746083259583, -0.09722700035572053], [-0.7071067094802856, -8.659559941682064e-17, 0.7071067094802856, 0.17181304478645326], [0.0, 0.0, 0.0, 1.0]], [[-0.6760239601135254, 0.29322877526283264, 0.6760239601135254, 0.13027666664123536], [-0.20734405517578125, -0.9560422897338867, 0.20734405517578125, 0.039729512214660645], [0.7071067690849304, 0.0, 0.7071067690849304, -0.15924009883403778], [0.0, 0.0, 0.0, 1.0]], [[-0.6813464760780334, 0.7319610714912415, 0.0, 0.12921688520908356], [-0.7319610714912415, -0.6813464760780334, 0.0, 0.13822513306140902], [0.0, 0.0, 0.9999999403953552, -0.004851984977722168], [0.0, 0.0, 0.0, 1.0]], [[0.22407418489456177, -0.9745720624923706, -9.19094870812001e-17, -0.04224827015399933], [0.9745720624923706, 0.22407418489456177, 1.4679184208057471e-16, -0.18494056391716004], [-1.2246467202362698e-16, -1.2246467202362698e-16, 0.9999999403953552, 0.027738155364990257], [0.0, 0.0, 0.0, 1.0]], [[-0.22407418489456177, 0.9745720624923706, 0.0, 0.04245711815357209], [-0.9745720624923706, -0.22407418489456177, 0.0, 0.18455112528800965], [0.0, 0.0, 0.9999999403953552, 0.01790398406982422], [0.0, 0.0, 0.0, 1.0]], [[-0.8475692868232727, 0.530684769153595, -3.880715858559059e-17, 0.1581081191301346], [-0.530684769153595, -0.8475692868232727, -1.6878744807108658e-16, 0.09991392719745637], [-1.2246468525851679e-16, -1.2246468525851679e-16, 1.0, 0.02224166488647463], [0.0, 0.0, 0.0, 1.0]], [[-0.5175749659538269, -0.6813459396362305, 0.5175749659538269, 0.09918630301952364], [0.48178431391716003, -0.7319615483283997, -0.48178431391716003, -0.09219636029005052], [0.7071067690849304, -8.659560603426554e-17, 0.7071067690849304, -0.1772385195493698], [0.0, 0.0, 0.0, 1.0]], [[0.1584443747997284, -0.9745720624923706, 0.1584443747997284, -0.028697122991085056], [0.6891264915466309, 0.22407418489456177, 0.6891264915466309, -0.12867867851257325], [-0.7071067094802856, -8.659559941682064e-17, 0.7071067094802856, 0.17181304478645326], [0.0, 0.0, 0.0, 1.0]], [[0.22407418489456177, -0.9745720624923706, -9.19094870812001e-17, -0.04227477276325226], [0.9745720624923706, 0.22407418489456177, 1.4679184208057471e-16, -0.18420055270195007], [-1.2246467202362698e-16, -1.2246467202362698e-16, 0.9999999403953552, 0.04019153213500979], [0.0, 0.0, 0.0, 1.0]], [[0.22407418489456177, -0.9745720624923706, -9.19094870812001e-17, -0.04211020529270173], [0.9745720624923706, 0.22407418489456177, 1.4679184208057471e-16, -0.18879563784599304], [-1.2246467202362698e-16, -1.2246467202362698e-16, 0.9999999403953552, -0.035974861145019514], [0.0, 0.0, 0.0, 1.0]], [[0.8475692868232727, -0.530684769153595, 0.0, -0.15955048668384553], [0.530684769153595, 0.8475692868232727, 0.0, -0.10039127933979036], [0.0, 0.0, 1.0, 0.0036641564369201663], [0.0, 0.0, 0.0, 1.0]], [[0.5306757092475891, -0.8475749492645264, -6.498903301200472e-17, -0.09915656864643098], [-0.8475749492645264, -0.5306757092475891, 1.0379799816005313e-16, 0.1574202332496643], [-1.2246467202362698e-16, 0.0, -0.9999999403953552, -0.042540817260742166], [0.0, 0.0, 0.0, 1.0]], [[-0.6760239601135254, 0.29322877526283264, -0.6760239601135254, 0.13221445560455325], [-0.20734405517578125, -0.9560422897338867, -0.20734405517578125, 0.03979891443252564], [-0.7071067690849304, 0.0, 0.7071067690849304, 0.15457660853862765], [0.0, 0.0, 0.0, 1.0]], [[0.5306757092475891, 0.8475749492645264, 1.6878703778950275e-16, -0.10040075314044954], [-0.8475749492645264, 0.5306757092475891, -3.880896514804841e-17, 0.1614769186973572], [-1.2246467202362698e-16, -1.2246467202362698e-16, 0.9999999403953552, 0.038773948669433615], [0.0, 0.0, 0.0, 1.0]], [[0.03579118475317955, -0.9993593096733093, -4.38315603325367e-18, -0.0068686425909399995], [-0.9993593096733093, -0.03579118475317955, 1.2238622883177736e-16, 0.19193295085430145], [-1.2246468525851679e-16, 0.0, -1.0, 0.030555999755859396], [0.0, 0.0, 0.0, 1.0]], [[0.5175749659538269, -0.6813459396362305, 0.5175749659538269, -0.10106540286540985], [-0.48178431391716003, -0.7319615483283997, -0.48178431391716003, 0.0965886761546135], [0.7071067690849304, 8.659560603426554e-17, -0.7071067690849304, -0.15345696437358858], [0.0, 0.0, 0.0, 1.0]], [[-0.8475692868232727, 0.530684769153595, -3.880715858559059e-17, 0.16193338787555697], [-0.530684769153595, -0.8475692868232727, -1.6878744807108658e-16, 0.10108722031116486], [-1.2246468525851679e-16, -1.2246468525851679e-16, 1.0, 0.04446160507202151], [0.0, 0.0, 0.0, 1.0]], [[0.025308189913630486, 0.9993593096733093, 0.025308189913630486, -0.004760385315865278], [-0.7066537141799927, 0.03579118475317955, -0.7066537141799927, 0.13593909478187563], [-0.7071067690849304, -8.659560603426554e-17, 0.7071067690849304, 0.17312423503398897], [0.0, 0.0, 0.0, 1.0]], [[1.8819818743926413e-16, -0.530684769153595, 0.8475692868232727, 0.0014876781702041306], [1.1783568990644144e-16, 0.8475692868232727, 0.530684769153595, 0.00043882727622983835], [-1.0, 0.0, 2.220446049250313e-16, 0.19366415596008302], [0.0, 0.0, 0.0, 1.0]], [[0.974571168422699, 0.2240782380104065, 1.4679222589237894e-16, -0.1906315988302231], [-0.2240782380104065, 0.974571168422699, 9.190888489371416e-17, 0.042647753834724425], [-1.2246468525851679e-16, -1.2246468525851679e-16, 1.0, -0.005348647117614725], [0.0, 0.0, 0.0, 1.0]], [[-4.9754463858811386e-17, -0.9745720624923706, 0.22407418489456177, 0.000436757624149331], [-2.1639846858709135e-16, 0.22407418489456177, 0.9745720624923706, -0.0028693358898162474], [-0.9999999403953552, 2.719261971675979e-32, -2.220445916901415e-16, 0.23656355035305027], [0.0, 0.0, 0.0, 1.0]], [[-0.22407418489456177, -0.9745720624923706, -1.1935066127216496e-16, 0.04288364708423615], [-0.9745720624923706, 0.22407418489456177, 2.7441174190964858e-17, 0.18585114550590515], [0.0, 1.2246467202362698e-16, -0.9999999403953552, 0.0022350268363952636], [0.0, 0.0, 0.0, 1.0]], [[0.5175749659538269, 0.6813459396362305, 0.5175749659538269, -0.09855683887004853], [-0.48178431391716003, 0.7319615483283997, -0.48178431391716003, 0.09258209484815598], [-0.7071067690849304, 0.0, 0.7071067690849304, 0.1780254229307175], [0.0, 0.0, 0.0, 1.0]], [[-1.5128930909780923e-16, 0.7319610714912415, -0.6813464760780334, 0.003300863981246974], [-1.625280069397753e-16, -0.6813464760780334, -0.7319610714912415, 0.0021071817874908725], [-0.9999999403953552, 0.0, 2.220445916901415e-16, 0.19962576043605806], [0.0, 0.0, 0.0, 1.0]], [[-0.1584443747997284, -0.9745720624923706, -0.1584443747997284, 0.030426682889461522], [-0.6891264915466309, 0.22407418489456177, -0.6891264915466309, 0.13126199436187744], [0.7071067094802856, 8.659559941682064e-17, -0.7071067094802856, -0.15466725468635562], [0.0, 0.0, 0.0, 1.0]], [[-0.22407418489456177, 0.9745720624923706, 0.0, 0.04432033789157868], [-0.9745720624923706, -0.22407418489456177, 0.0, 0.18806284594535827], [0.0, 0.0, 0.9999999403953552, -0.041375442504882814], [0.0, 0.0, 0.0, 1.0]], [[-1.178336782031917e-16, -0.8475749492645264, -0.5306757092475891, 0.0022527048587799273], [1.8819944475379521e-16, -0.5306757092475891, 0.8475749492645264, -0.0055130643844604815], [-0.9999999403953552, 0.0, 2.220445916901415e-16, 0.20692297112941743], [0.0, 0.0, 0.0, 1.0]], [[0.7319615483283997, 0.6813459396362305, 0.0, -0.13822563469409943], [-0.6813459396362305, 0.7319615483283997, 0.0, 0.12879838752746584], [0.0, 0.0, 1.0, -0.04288823318481445], [0.0, 0.0, 0.0, 1.0]], [[1.5128930909780923e-16, -0.7319610714912415, -0.6813464760780334, -0.00249763441085818], [1.625280069397753e-16, 0.6813464760780334, -0.7319610714912415, -0.005104659080505399], [0.9999999403953552, -2.719261971675979e-32, 2.220445916901415e-16, -0.2085141843557358], [0.0, 0.0, 0.0, 1.0]], [[0.4817847013473511, 0.7319610714912415, 0.4817847013473511, -0.09144408679008484], [0.5175746083259583, -0.6813464760780334, 0.5175746083259583, -0.09823924839496613], [0.7071067094802856, 0.0, -0.7071067094802856, -0.16163132786750795], [0.0, 0.0, 0.0, 1.0]], [[-0.03579118475317955, -0.9993593096733093, 0.0, 0.006169638372957707], [0.9993593096733093, -0.03579118475317955, 0.0, -0.18598996913433075], [0.0, 0.0, 1.0, 0.002337080240249634], [0.0, 0.0, 0.0, 1.0]], [[4.9754463858811386e-17, 0.9745720624923706, 0.22407418489456177, 0.00043831980228423227], [2.1639846858709135e-16, -0.22407418489456177, 0.9745720624923706, -0.002912900924682654], [0.9999999403953552, 0.0, -2.220445916901415e-16, -0.20126437890529636], [0.0, 0.0, 0.0, 1.0]], [[-0.6813464760780334, 0.7319610714912415, 0.0, 0.1269581962823868], [-0.7319610714912415, -0.6813464760780334, 0.0, 0.13396794426441194], [0.0, 0.0, 0.9999999403953552, -0.01851419448852539], [0.0, 0.0, 0.0, 1.0]], [[0.6760239601135254, -0.29322877526283264, 0.6760239601135254, -0.1260877561569214], [0.20734405517578125, 0.9560422897338867, 0.20734405517578125, -0.039042439222335815], [-0.7071067690849304, -8.659560603426554e-17, 0.7071067690849304, 0.18032368266582488], [0.0, 0.0, 0.0, 1.0]], [[-0.4817847013473511, 0.7319610714912415, 0.4817847013473511, 0.09351824641227723], [-0.5175746083259583, -0.6813464760780334, 0.5175746083259583, 0.0996188098192215], [0.7071067094802856, 0.0, 0.7071067094802856, -0.17561395955085757], [0.0, 0.0, 0.0, 1.0]], [[7.947239478318557e-18, 0.9993593096733093, -0.03579118475317955, 0.0006470472812652575], [-2.21902343094562e-16, 0.03579118475317955, 0.9993593096733093, -0.00027776867151256605], [1.0, -2.7192622655495665e-32, 2.220446049250313e-16, -0.21598772430419924], [0.0, 0.0, 0.0, 1.0]], [[-2.1639827006374434e-16, -0.2240782380104065, -0.974571168422699, -0.0049423146247863405], [4.9755363831317843e-17, -0.974571168422699, 0.2240782380104065, 9.149956703185189e-05], [-1.0, 0.0, 2.220446049250313e-16, 0.2006758613586426], [0.0, 0.0, 0.0, 1.0]], [[0.5175749659538269, -0.6813459396362305, -0.5175749659538269, -0.09855683887004853], [-0.48178431391716003, -0.7319615483283997, 0.48178431391716003, 0.09258209484815598], [-0.7071067690849304, 8.659560603426554e-17, -0.7071067690849304, 0.1780254229307175], [0.0, 0.0, 0.0, 1.0]], [[-0.025308189913630486, 0.9993593096733093, 0.025308189913630486, 0.00474023861810565], [0.7066537141799927, 0.03579118475317955, -0.7066537141799927, -0.13220952343940737], [-0.7071067690849304, 8.659560603426554e-17, -0.7071067690849304, 0.16490628612041475], [0.0, 0.0, 0.0, 1.0]], [[-0.8475692868232727, -0.530684769153595, 1.0379730332833858e-16, 0.15929553329944612], [-0.530684769153595, 0.8475692868232727, 6.499014474274799e-17, 0.10027812969684602], [-1.2246468525851679e-16, 0.0, -1.0, -0.030758918762207012], [0.0, 0.0, 0.0, 1.0]], [[-1.8819818743926413e-16, 0.530684769153595, 0.8475692868232727, 0.0006913364529610001], [-1.1783568990644144e-16, -0.8475692868232727, 0.530684769153595, 0.0001945762932300768], [1.0, -2.7192622655495665e-32, 2.220446049250313e-16, -0.20007764625549318], [0.0, 0.0, 0.0, 1.0]], [[0.03579118475317955, 0.9993593096733093, 1.2676938610580194e-16, -0.006153277806937695], [-0.9993593096733093, 0.03579118475317955, -1.1800307155775277e-16, 0.18960049998760226], [-1.2246468525851679e-16, -1.2246468525851679e-16, 1.0, -0.025987724304199197], [0.0, 0.0, 0.0, 1.0]], [[-4.9754463858811386e-17, 0.9745720624923706, -0.22407418489456177, 0.002883919239044198], [-2.1639846858709135e-16, -0.22407418489456177, -0.9745720624923706, 0.005038407325744666], [-0.9999999403953552, 0.0, 2.220445916901415e-16, 0.23502052056789402], [0.0, 0.0, 0.0, 1.0]], [[-0.22407418489456177, -0.9745720624923706, -1.1935066127216496e-16, 0.042896346688270574], [-0.9745720624923706, 0.22407418489456177, 2.7441174190964858e-17, 0.18549665331840515], [0.0, 1.2246467202362698e-16, -0.9999999403953552, -0.020316980361938478], [0.0, 0.0, 0.0, 1.0]], [[-1.8819818743926413e-16, -0.530684769153595, -0.8475692868232727, 0.0006913364529610001], [-1.1783568990644144e-16, 0.8475692868232727, -0.530684769153595, 0.0001945762932300768], [1.0, 0.0, -2.220446049250313e-16, -0.20007764625549318], [0.0, 0.0, 0.0, 1.0]], [[-0.22407418489456177, -0.9745720624923706, -1.1935066127216496e-16, 0.043037984967231754], [-0.9745720624923706, 0.22407418489456177, 2.7441174190964858e-17, 0.1815417468547821], [0.0, 1.2246467202362698e-16, -0.9999999403953552, -0.035974861145019535], [0.0, 0.0, 0.0, 1.0]], [[-0.6760239601135254, 0.29322877526283264, -0.6760239601135254, 0.13445736598968508], [-0.20734405517578125, -0.9560422897338867, -0.20734405517578125, 0.039879215240478515], [-0.7071067690849304, 0.0, 0.7071067690849304, 0.17195943248271944], [0.0, 0.0, 0.0, 1.0]], [[0.1584443747997284, 0.9745720624923706, 0.1584443747997284, -0.02840399616956711], [0.6891264915466309, -0.22407418489456177, 0.6891264915466309, -0.128126202583313], [0.7071067094802856, 0.0, -0.7071067094802856, -0.16219035649299623], [0.0, 0.0, 0.0, 1.0]], [[0.5175749659538269, -0.6813459396362305, -0.5175749659538269, -0.09782388198375702], [-0.48178431391716003, -0.7319615483283997, 0.48178431391716003, 0.09141145008802415], [-0.7071067690849304, 8.659560603426554e-17, -0.7071067690849304, 0.16508411586284638], [0.0, 0.0, 0.0, 1.0]], [[-0.8475692868232727, -0.530684769153595, 1.0379730332833858e-16, 0.16172950184345247], [-0.530684769153595, 0.8475692868232727, 6.499014474274799e-17, 0.1010246821641922], [-1.2246468525851679e-16, 0.0, -1.0, -0.010077646255493143], [0.0, 0.0, 0.0, 1.0]], [[0.22407418489456177, -0.9745720624923706, -9.19094870812001e-17, -0.04225184357166291], [0.9745720624923706, 0.22407418489456177, 1.4679184208057471e-16, -0.18484073138237], [-1.2246467202362698e-16, -1.2246467202362698e-16, 0.9999999403953552, -0.020316980361938457], [0.0, 0.0, 0.0, 1.0]], [[0.22407418489456177, 0.9745720624923706, -2.7441174190964858e-17, -0.042374312043190004], [0.9745720624923706, -0.22407418489456177, -1.1935066127216496e-16, -0.18518923258781433], [-1.224