{"co_parameters": [[[-0.45082810521125793, 0.7703946828842163, -0.45082810521125793, 0.08541096335649491], [-0.5447512865066528, -0.6375672221183777, -0.5447512865066528, 0.10314750409126283], [-0.7071067690849304, 0.0, 0.7071067690849304, 0.12489585340023042], [0.0, 0.0, 0.0, 1.0]], [[1.4156836194842486e-16, 0.7703946828842163, 0.6375672221183777, -0.0002463765591383221], [1.710619829973706e-16, -0.6375672221183777, 0.7703946828842163, -0.0003552404344082169], [1.0, 0.0, -2.220446049250313e-16, -0.19945443344116212], [0.0, 0.0, 0.0, 1.0]], [[-0.06988604366779327, 0.9951039552688599, 0.06988604366779327, 0.012837160617113114], [-0.7036447525024414, -0.09883379191160202, 0.7036447525024414, 0.13208399105072022], [0.7071067690849304, -8.659560603426554e-17, 0.7071067690849304, -0.13866719806194305], [0.0, 0.0, 0.0, 1.0]], [[6.495227310558286e-17, -0.9562597274780273, -0.2925190329551697, 0.0010884594917297253], [2.1233231339357669e-16, 0.2925190329551697, -0.9562597274780273, 0.0021210711002349492], [1.0, -2.7192622655495665e-32, 2.220446049250313e-16, -0.17888437747955324], [0.0, 0.0, 0.0, 1.0]], [[0.06988604366779327, -0.9951039552688599, 0.06988604366779327, -0.013876482158899308], [0.7036447525024414, 0.09883379191160202, 0.7036447525024414, -0.13581384468078614], [-0.7071067690849304, 0.0, 0.7071067690849304, 0.13877330958843231], [0.0, 0.0, 0.0, 1.0]], [[-0.09883379191160202, -0.9951039552688599, 1.2103649175649498e-17, 0.018746907636523247], [-0.9951039552688599, 0.09883379191160202, 1.2186509181097915e-16, 0.18988107609748842], [-1.2246468525851679e-16, 0.0, -1.0, -0.007680245876312235], [0.0, 0.0, 0.0, 1.0]], [[-2.1945510278254425e-17, 0.9951039552688599, -0.09883379191160202, 0.0013124454021453894], [2.2095746460701002e-16, 0.09883379191160202, 0.9951039552688599, -0.0043439993858337776], [1.0, 0.0, -2.220446049250313e-16, -0.1982627925872803], [0.0, 0.0, 0.0, 1.0]], [[-0.7037580609321594, -0.09720654785633087, 0.7037580609321594, 0.12806653892993927], [-0.06873540580272675, 0.9952642321586609, 0.06873540580272675, 0.01251952287554741], [-0.7071067690849304, 8.659560603426554e-17, -0.7071067690849304, 0.13069062316417696], [0.0, 0.0, 0.0, 1.0]], [[0.6375672221183777, 0.7703946828842163, 1.724256133982214e-16, -0.12343914401531221], [-0.7703946828842163, 0.6375672221183777, -1.62666721819778e-17, 0.14830913901329043], [-1.2246468525851679e-16, -1.2246468525851679e-16, 1.0, 0.0013814889192581385], [0.0, 0.0, 0.0, 1.0]], [[-0.9576115012168884, -0.2880628705024719, 0.0, 0.17723515450954438], [0.2880628705024719, -0.9576115012168884, 0.0, -0.05334860146045685], [0.0, 0.0, 1.0, 0.0016716464757919312], [0.0, 0.0, 0.0, 1.0]], [[0.20684218406677246, 0.9562597274780273, 0.20684218406677246, -0.03908172869682312], [0.6761777400970459, -0.2925190329551697, 0.6761777400970459, -0.12796639013290406], [0.7071067690849304, 0.0, -0.7071067690849304, -0.14380471789836885], [0.0, 0.0, 0.0, 1.0]], [[1.4156836194842486e-16, -0.7703946828842163, -0.6375672221183777, -0.0020222256183624505], [1.710619829973706e-16, 0.6375672221183777, -0.7703946828842163, -0.0035458517074585254], [1.0, -2.7192622655495665e-32, 2.220446049250313e-16, -0.1891584644317627], [0.0, 0.0, 0.0, 1.0]], [[2.1945510278254425e-17, -0.9951039552688599, 0.09883379191160202, -0.0007574849724769629], [2.2095746460701002e-16, 0.09883379191160202, 0.9951039552688599, 0.008003809928894006], [-1.0, 0.0, 2.220446049250313e-16, 0.1790036735534668], [0.0, 0.0, 0.0, 1.0]], [[-0.883554995059967, 0.46832746267318726, 0.0, 0.16231276762485505], [-0.46832746267318726, -0.883554995059967, 0.0, 0.08459070479869843], [0.0, 0.0, 0.9999999403953552, -0.010002087593078614], [0.0, 0.0, 0.0, 1.0]], [[-0.20684218406677246, -0.9562597274780273, -0.20684218406677246, 0.04159523105621338], [-0.6761777400970459, 0.2925190329551697, -0.6761777400970459, 0.1327303900718689], [0.7071067690849304, 8.659560603426554e-17, -0.7071067690849304, -0.13305663192272188], [0.0, 0.0, 0.0, 1.0]], [[0.20684218406677246, 0.9562597274780273, -0.20684218406677246, -0.03564530459046364], [0.6761777400970459, -0.2925190329551697, -0.6761777400970459, -0.1216943383216858], [-0.7071067690849304, 0.0, -0.7071067690849304, 0.1259999440908432], [0.0, 0.0, 0.0, 1.0]], [[-0.6375672221183777, -0.7703946828842163, 0.0, 0.1251785420179367], [0.7703946828842163, -0.6375672221183777, 0.0, -0.1536664769649506], [0.0, 0.0, 1.0, -0.010777535438537598], [0.0, 0.0, 0.0, 1.0]], [[0.45082810521125793, 0.7703946828842163, -0.45082810521125793, -0.08268241196870804], [0.5447512865066528, -0.6375672221183777, -0.5447512865066528, -0.10105786728858948], [-0.7071067690849304, 0.0, -0.7071067690849304, 0.12630794894695282], [0.0, 0.0, 0.0, 1.0]], [[0.7037580609321594, -0.09720654785633087, -0.7037580609321594, -0.13330130684375763], [0.06873540580272675, 0.9952642321586609, -0.06873540580272675, -0.013019439786672594], [0.7071067690849304, -8.659560603426554e-17, 0.7071067690849304, -0.14377825152873994], [0.0, 0.0, 0.0, 1.0]], [[-0.45082810521125793, -0.7703946828842163, -0.45082810521125793, 0.08863226824998856], [-0.5447512865066528, 0.6375672221183777, -0.5447512865066528, 0.10594762158393861], [0.7071067690849304, 8.659560603426554e-17, -0.7071067690849304, -0.1423926237821579], [0.0, 0.0, 0.0, 1.0]], [[0.09883379191160202, -0.9951039552688599, 0.0, -0.020636397764086725], [0.9951039552688599, 0.09883379191160202, 0.0, -0.19519753575325013], [0.0, 0.0, 1.0, -0.010996326446533203], [0.0, 0.0, 0.0, 1.0]], [[0.20684218406677246, 0.9562597274780273, -0.20684218406677246, -0.03908172869682312], [0.6761777400970459, -0.2925190329551697, -0.6761777400970459, -0.12796639013290406], [-0.7071067690849304, 0.0, -0.7071067690849304, 0.12489585340023042], [0.0, 0.0, 0.0, 1.0]], [[1.4156836194842486e-16, -0.7703946828842163, 0.6375672221183777, -0.0023013715744018793], [-1.710619829973706e-16, -0.6375672221183777, -0.7703946828842163, 0.0019341493844986252], [1.0, 0.0, -2.220446049250313e-16, -0.18861851119995118], [0.0, 0.0, 0.0, 1.0]], [[-2.1263246745937013e-16, -0.2880628705024719, -0.9576115012168884, 0.00432751893997196], [6.396280627429183e-17, -0.9576115012168884, 0.2880628705024719, -0.0012679516077041735], [-1.0, 0.0, 2.220446049250313e-16, 0.18954354667663575], [0.0, 0.0, 0.0, 1.0]], [[-0.06988604366779327, -0.9951039552688599, -0.06988604366779327, 0.012837160617113114], [-0.7036447525024414, 0.09883379191160202, -0.7036447525024414, 0.13208399105072022], [0.7071067690849304, 0.0, -0.7071067690849304, -0.13866719806194305], [0.0, 0.0, 0.0, 1.0]], [[-0.474473237991333, 0.8802699446678162, 5.810621533618369e-17, 0.08856018447875977], [0.8802699446678162, 0.474473237991333, -1.0780198245872831e-16, -0.16233359277248383], [-1.2246468525851679e-16, 0.0, -1.0, -0.01041305923461912], [0.0, 0.0, 0.0, 1.0]], [[0.6771335601806641, -0.2880628705024719, -0.6771335601806641, -0.1348095302581787], [-0.20369119942188263, -0.9576115012168884, 0.20369119942188263, 0.040518886119127275], [-0.7071067690849304, 0.0, -0.7071067690849304, 0.12359477198123933], [0.0, 0.0, 0.0, 1.0]], [[0.45082810521125793, -0.7703946828842163, 0.45082810521125793, -0.09071730071306229], [0.5447512865066528, 0.6375672221183777, 0.5447512865066528, -0.11262606358528138], [-0.7071067690849304, -8.659560603426554e-17, 0.7071067690849304, 0.12630794894695282], [0.0, 0.0, 0.0, 1.0]], [[0.45082810521125793, 0.7703946828842163, 0.45082810521125793, -0.09029277735948563], [-0.5447512865066528, 0.6375672221183777, -0.5447512865066528, 0.10726294064521791], [-0.7071067690849304, -8.659560603426554e-17, 0.7071067690849304, 0.12357275092601777], [0.0, 0.0, 0.0, 1.0]], [[0.6247677206993103, 0.46832746267318726, -0.6247677206993103, -0.11956380784511567], [0.33115750551223755, -0.883554995059967, -0.33115750551223755, -0.06355643999576568], [-0.7071067094802856, 0.0, -0.7071067094802856, 0.13979371380805972], [0.0, 0.0, 0.0, 1.0]], [[0.06988604366779327, -0.9951039552688599, -0.06988604366779327, -0.011142071396112443], [-0.7036447525024414, -0.09883379191160202, 0.7036447525024414, 0.12665473365783692], [-0.7071067690849304, 8.659560603426554e-17, -0.7071067690849304, 0.14274375331401826], [0.0, 0.0, 0.0, 1.0]], [[1.4156836194842486e-16, -0.7703946828842163, -0.6375672221183777, -0.003701331853866601], [1.710619829973706e-16, 0.6375672221183777, -0.7703946828842163, -0.006661583423614532], [1.0, -2.7192622655495665e-32, 2.220446049250313e-16, -0.17977538585662844], [0.0, 0.0, 0.0, 1.0]], [[0.09883379191160202, 0.9951039552688599, 1.2186509181097915e-16, -0.02124608199298382], [0.9951039552688599, -0.09883379191160202, -1.2103649175649498e-17, -0.1971910984516144], [0.0, 1.2246468525851679e-16, -1.0, 0.008943649291992187], [0.0, 0.0, 0.0, 1.0]], [[-2.209930532256845e-16, -0.09720654785633087, 0.9952642321586609, -0.004370619297027551], [-2.1584189514885137e-17, 0.9952642321586609, 0.09720654785633087, -0.00041546389460563293], [-1.0, 2.7192622655495665e-32, -2.220446049250313e-16, 0.1980989933013916], [0.0, 0.0, 0.0, 1.0]], [[2.209930532256845e-16, -0.09720654785633087, -0.9952642321586609, 0.003151241302490197], [2.1584189514885137e-17, 0.9952642321586609, -0.09720654785633087, 0.00030764257907867066], [1.0, -2.7192622655495665e-32, 2.220446049250313e-16, -0.19277866554260256], [0.0, 0.0, 0.0, 1.0]], [[0.6375672221183777, 0.7703946828842163, -7.80794706081218e-17, -0.12138414847850801], [0.7703946828842163, -0.6375672221183777, -9.43461427900996e-17, -0.14673023009300235], [-1.2246468525851679e-16, 0.0, -1.0, -0.009454432487487773], [0.0, 0.0, 0.0, 1.0]], [[2.209930532256845e-16, -0.09720654785633087, -0.9952642321586609, -0.0056474924087524785], [2.1584189514885137e-17, 0.9952642321586609, -0.09720654785633087, -0.0005402042269706763], [1.0, -2.7192622655495665e-32, 2.220446049250313e-16, -0.1936596622467041], [0.0, 0.0, 0.0, 1.0]], [[0.20684218406677246, -0.9562597274780273, 0.20684218406677246, -0.03564530459046364], [0.6761777400970459, 0.2925190329551697, 0.6761777400970459, -0.1216943383216858], [-0.7071067690849304, -8.659560603426554e-17, 0.7071067690849304, 0.1259999440908432], [0.0, 0.0, 0.0, 1.0]], [[-6.495227310558286e-17, 0.9562597274780273, -0.2925190329551697, 0.00021828623116017492], [-2.1233231339357669e-16, -0.2925190329551697, -0.9562597274780273, 0.0005073806643486384], [-1.0, 0.0, 2.220446049250313e-16, 0.18054556751251222], [0.0, 0.0, 0.0, 1.0]], [[-1.4156836194842486e-16, -0.7703946828842163, -0.6375672221183777, 0.00404077005386355], [1.710619829973706e-16, -0.6375672221183777, 0.7703946828842163, -0.007291488170623809], [-1.0, 0.0, 2.220446049250313e-16, 0.1792224645614624], [0.0, 0.0, 0.0, 1.0]], [[-0.6247677206993103, -0.46832746267318726, -0.6247677206993103, 0.11295547616481783], [-0.33115750551223755, 0.883554995059967, -0.33115750551223755, 0.058375615000724794], [0.7071067094802856, 8.659559941682064e-17, -0.7071067094802856, -0.1357851345539093], [0.0, 0.0, 0.0, 1.0]], [[0.6375672221183777, -0.7703946828842163, -7.80794706081218e-17, -0.11972778022289278], [-0.7703946828842163, -0.6375672221183777, 9.43461427900996e-17, 0.14386191725730899], [-1.2246468525851679e-16, 0.0, -1.0, 0.0044788112640381066], [0.0, 0.0, 0.0, 1.0]], [[2.1263246745937013e-16, 0.2880628705024719, -0.9576115012168884, 0.00523816013336178], [-6.396280627429183e-17, 0.9576115012168884, 0.2880628705024719, -0.0015419486761093031], [1.0, -2.7192622655495665e-32, 2.220446049250313e-16, -0.19839781379699709], [0.0, 0.0, 0.0, 1.0]], [[1.0535422267728589e-16, -0.8802699446678162, -0.474473237991333, -0.0012490694522857846], [-1.954591920911444e-16, -0.474473237991333, 0.8802699446678162, 0.003803782701492343], [-1.0, 2.7192622655495665e-32, -2.220446049250313e-16, 0.1871886672973633], [0.0, 0.0, 0.0, 1.0]], [[0.09883379191160202, -0.9951039552688599, 0.0, -0.01937655417621136], [0.9951039552688599, 0.09883379191160202, 0.0, -0.1911910946369171], [0.0, 0.0, 1.0, 0.004423023700714112], [0.0, 0.0, 0.0, 1.0]], [[0.6375672221183777, -0.7703946828842163, -1.62666721819778e-17, -0.12483910453319551], [0.7703946828842163, 0.6375672221183777, 1.724256133982214e-16, -0.15303657317161562], [-1.2246468525851679e-16, -1.2246468525851679e-16, 1.0, 0.010224614143371603], [0.0, 0.0, 0.0, 1.0]], [[0.20684218406677246, -0.9562597274780273, -0.20684218406677246, -0.03564530459046364], [0.6761777400970459, 0.2925190329551697, -0.6761777400970459, -0.1216943383216858], [0.7071067690849304, -8.659560603426554e-17, 0.7071067690849304, -0.14270062816143037], [0.0, 0.0, 0.0, 1.0]], [[-0.09883379191160202, 0.9951039552688599, 1.0976144098096842e-16, 0.018020935460925105], [-0.9951039552688599, -0.09883379191160202, -1.3396874264098987e-16, 0.19707356190681458], [-1.2246468525851679e-16, -1.2246468525851679e-16, 1.0, -0.010996326446533183], [0.0, 0.0, 0.0, 1.0]], [[0.474473237991333, -0.8802699446678162, -1.0780198245872831e-16, -0.09151025152206421], [-0.8802699446678162, -0.474473237991333, -5.810621533618369e-17, 0.1714188951253891], [0.0, 1.2246468525851679e-16, -1.0, 0.00889940357208252], [0.0, 0.0, 0.0, 1.0]], [[-0.09883379191160202, 0.9951039552688599, 1.0976144098096842e-16, 0.01822691743075848], [-0.9951039552688599, -0.09883379191160202, -1.3396874264098987e-16, 0.19499914288520814], [-1.2246468525851679e-16, -1.2246468525851679e-16, 1.0, 0.008943649291992208], [0.0, 0.0, 0.0, 1.0]], [[-1.4156836194842486e-16, 0.7703946828842163, -0.6375672221183777, 0.005190483570098901], [-1.710619829973706e-16, -0.6375672221183777, -0.7703946828842163, 0.004212014198303252], [-1.0, 0.0, 2.220446049250313e-16, 0.20022461318969728], [0.0, 0.0, 0.0, 1.0]], [[0.45082810521125793, -0.7703946828842163, 0.45082810521125793, -0.0842473481297493], [-0.5447512865066528, -0.6375672221183777, -0.5447512865066528, 0.10098967194557192], [0.7071067690849304, 0.0, -0.7071067690849304, -0.12987147510051728], [0.0, 0.0, 0.0, 1.0]], [[-0.20684218406677246, -0.9562597274780273, -0.20684218406677246, 0.04295472526550293], [-0.6761777400970459, 0.2925190329551697, -0.6761777400970459, 0.13525320386886597], [0.7071067690849304, 8.659560603426554e-17, -0.7071067690849304, -0.14270062816143037], [0.0, 0.0, 0.0, 1.0]], [[0.06988604366779327, 0.9951039552688599, -0.06988604366779327, -0.01574600985646248], [0.7036447525024414, -0.09883379191160202, -0.7036447525024414, -0.14181384849548342], [-0.7071067690849304, 8.659560603426554e-17, -0.7071067690849304, 0.14329393565654755], [0.0, 0.0, 0.0, 1.0]], [[0.6771335601806641, 0.2880628705024719, -0.6771335601806641, -0.12341721630096436], [-0.20369119942188263, 0.9576115012168884, 0.20369119942188263, 0.03715937927365303], [0.7071067690849304, -8.659560603426554e-17, 0.7071067690849304, -0.14274810016155243], [0.0, 0.0, 0.0, 1.0]], [[-6.495227310558286e-17, -0.9562597274780273, 0.2925190329551697, 0.003654710292816173], [-2.1233231339357669e-16, 0.2925190329551697, 0.9562597274780273, 0.006779432296752966], [-1.0, 2.7192622655495665e-32, -2.220446049250313e-16, 0.181649658203125], [0.0, 0.0, 0.0, 1.0]], [[-0.09883379191160202, 0.9951039552688599, 1.0976144098096842e-16, 0.018337232753634455], [-0.9951039552688599, -0.09883379191160202, -1.3396874264098987e-16, 0.18746124005317688], [-1.2246468525851679e-16, -1.2246468525851679e-16, 1.0, -0.0043169121742248325], [0.0, 0.0, 0.0, 1.0]], [[-0.45082810521125793, -0.7703946828842163, 0.45082810521125793, 0.08195600825548172], [-0.5447512865066528, 0.6375672221183777, 0.5447512865066528, 0.09684116101264954], [-0.7071067690849304, 8.659560603426554e-17, -0.7071067690849304, 0.14457489955425262], [0.0, 0.0, 0.0, 1.0]], [[-0.45082810521125793, 0.7703946828842163, 0.45082810521125793, 0.08102190285921097], [0.5447512865066528, 0.6375672221183777, -0.5447512865066528, -0.09974254822731018], [-0.7071067690849304, 8.659560603426554e-17, -0.7071067690849304, 0.12357275092601777], [0.0, 0.0, 0.0, 1.0]], [[2.1263246745937013e-16, -0.2880628705024719, 0.9576115012168884, 0.005331535339355433], [-6.396280627429183e-17, -0.9576115012168884, -0.2880628705024719, -0.0015700412988662613], [1.0, 0.0, -2.220446049250313e-16, -0.17903916358947755], [0.0, 0.0, 0.0, 1.0]], [[0.45082810521125793, -0.7703946828842163, 0.45082810521125793, -0.08767956572771073], [0.5447512865066528, 0.6375672221183777, 0.5447512865066528, -0.10704859566688539], [-0.7071067690849304, -8.659560603426554e-17, 0.7071067690849304, 0.13519182097911836], [0.0, 0.0, 0.0, 1.0]], [[0.06988604366779327, -0.9951039552688599, -0.06988604366779327, -0.013829851299524307], [0.7036447525024414, 0.09883379191160202, -0.7036447525024414, -0.12776311111450198], [0.7071067690849304, 0.0, 0.7071067690849304, -0.12540663707256317], [0.0, 0.0, 0.0, 1.0]], [[-1.4156836194842486e-16, -0.7703946828842163, -0.6375672221183777, 0.0014099916219711545], [1.710619829973706e-16, -0.6375672221183777, 0.7703946828842163, -0.0025130724906921678], [-1.0, 0.0, 2.220446049250313e-16, 0.1944788112640381], [0.0, 0.0, 0.0, 1.0]], [[0.45082810521125793, 0.7703946828842163, 0.45082810521125793, -0.08771833163499833], [-0.5447512865066528, 0.6375672221183777, -0.5447512865066528, 0.1052413513660431], [-0.7071067690849304, -8.659560603426554e-17, 0.7071067690849304, 0.1443890780210495], [0.0, 0.0, 0.0, 1.0]], [[-0.20684218406677246, 0.9562597274780273, -0.20684218406677246, 0.040388474464416506], [-0.6761777400970459, -0.2925190329551697, -0.6761777400970459, 0.13059484148025513], [-0.7071067690849304, 0.0, 0.7071067690849304, 0.14546590793132783], [0.0, 0.0, 0.0, 1.0]], [[-0.6375672221183777, -0.7703946828842163, -9.43461427900996e-17, 0.11607781159877778], [-0.7703946828842163, 0.6375672221183777, 7.80794706081218e-17, 0.13725167012214662], [0.0, 1.2246468525851679e-16, -1.0, -0.00804233741760254], [0.0, 0.0, 0.0, 1.0]], [[0.09883379191160202, 0.9951039552688599, 0.0, -0.016642143562436106], [-0.9951039552688599, 0.09883379191160202, 0.0, 0.18203198170661927], [0.0, 0.0, 1.0, 0.00839346694946289], [0.0, 0.0, 0.0, 1.0]], [[0.09883379191160202, 0.9951039552688599, 1.2186509181097915e-16, -0.020636397764086725], [0.9951039552688599, -0.09883379191160202, -1.2103649175649498e-17, -0.19519753575325013], [0.0, 1.2246468525851679e-16, -1.0, -0.010996326446533203], [0.0, 0.0, 0.0, 1.0]], [[-0.09883379191160202, -0.9951039552688599, 1.2103649175649498e-17, 0.016310758993029598], [-0.9951039552688599, 0.09883379191160202, 1.2186509181097915e-16, 0.1809484055042267], [-1.2246468525851679e-16, 0.0, -1.0, 0.008943649291992208], [0.0, 0.0, 0.0, 1.0]], [[0.6247677206993103, -0.46832746267318726, -0.6247677206993103, -0.12445625722408296], [0.33115750551223755, 0.883554995059967, -0.33115750551223755, -0.06746423733234405], [0.7071067094802856, -8.659559941682064e-17, 0.7071067094802856, -0.1357851345539093], [0.0, 0.0, 0.0, 1.0]], [[-0.6375672221183777, -0.7703946828842163, 0.0, 0.1188364008665085], [0.7703946828842163, -0.6375672221183777, 0.0, -0.1444408404827118], [0.0, 0.0, 1.0, 0.0013814889192581177], [0.0, 0.0, 0.0, 1.0]], [[0.6375672221183777, 0.7703946828842163, 1.724256133982214e-16, -0.11972778022289278], [-0.7703946828842163, 0.6375672221183777, -1.62666721819778e-17, 0.14386191725730899], [-1.2246468525851679e-16, -1.2246468525851679e-16, 1.0, 0.0044788112640381066], [0.0, 0.0, 0.0, 1.0]], [[-0.09883379191160202, -0.9951039552688599, 1.2103649175649498e-17, 0.01852360348403454], [-0.9951039552688599, 0.09883379191160202, 1.2186509181097915e-16, 0.19212838101387025], [-1.2246468525851679e-16, 0.0, -1.0, 0.0009122444987297267], [0.0, 0.0, 0.0, 1.0]], [[-6.495227310558286e-17, 0.9562597274780273, -0.2925190329551697, 0.0010884594917297474], [-2.1233231339357669e-16, -0.2925190329551697, -0.9562597274780273, 0.0021210711002350212], [-1.0, 0.0, 2.220446049250313e-16, 0.2011156234741211], [0.0, 0.0, 0.0, 1.0]], [[0.45082810521125793, 0.7703946828842163, 0.45082810521125793, -0.08484219962358475], [-0.5447512865066528, 0.6375672221183777, -0.5447512865066528, 0.10209278416633608], [-0.7071067690849304, -8.659560603426554e-17, 0.7071067690849304, 0.12922593009471894], [0.0, 0.0, 0.0, 1.0]], [[2.1263246745937013e-16, 0.2880628705024719, -0.9576115012168884, 0.005331535339355433], [-6.396280627429183e-17, 0.9576115012168884, 0.2880628705024719, -0.0015700412988662613], [1.0, -2.7192622655495665e-32, 2.220446049250313e-16, -0.17903916358947755], [0.0, 0.0, 0.0, 1.0]], [[-0.2925190329551697, 0.9562597274780273, 0.0, 0.05787383210659028], [-0.9562597274780273, -0.2925190329551697, 0.0, 0.18594596672058109], [0.0, 0.0, 1.0, 0.0012936544418334962], [0.0, 0.0, 0.0, 1.0]], [[-0.6247677206993103, -0.46832746267318726, 0.6247677206993103, 0.11784792649745943], [-0.33115750551223755, 0.883554995059967, 0.33115750551223755, 0.062283412098884584], [-0.7071067094802856, 8.659559941682064e-17, -0.7071067094802856, 0.13979371380805972], [0.0, 0.0, 0.0, 1.0]], [[0.6247677206993103, 0.46832746267318726, 0.6247677206993103, -0.12645461881160738], [0.33115750551223755, -0.883554995059967, 0.33115750551223755, -0.06909094345569611], [0.7071067094802856, 0.0, -0.7071067094802856, -0.12430308318138124], [0.0, 0.0, 0.0, 1.0]], [[0.7037580609321594, 0.09720654785633087, -0.7037580609321594, -0.1305627900362015], [0.06873540580272675, -0.9952642321586609, -0.06873540580272675, -0.012752084583044054], [-0.7071067690849304, 0.0, -0.7071067690849304, 0.1315716198682785], [0.0, 0.0, 0.0, 1.0]]], "foliation_name": "trans", "similarity_matrix": [[1.0, 0.001803733336975866, 0.02256060668816425, 0.003867234572471907, 0.03452380759282042, 0.22805048473257242, 0.0018243386423286647, 0.6043969864600983, 0.047274507470193475, 0.08995811000440825, 0.0, 0.002483959120259902, 0.3788001408085143, 0.2941949542770546, 0.03092510239004387, 0.03807788667365469, 0.013308435784123442, 0.02996768722200849, 0.0, 0.027774584066167757, 0.0023394937921170063, 0.03159164629155366, 0.002690459289518572, 0.3384378340625015, 0.02256060668816425, 0.011496768116722468, 0.07244460600275493, 0.020372764149532593, 0.21317452985800553, 0.029862530136442713, 0.6005657757472993, 0.0032461974278399385, 0.002876384104718549, 0.2988098402742279, 0.0024013524086314054, 0.0018037340683996902, 0.0021122619301328412, 0.03807788667365469, 0.3516766328357523, 0.3365323150525893, 0.028838103014632795, 0.05408029058818486, 0.0019505198918176943, 0.34522740052787004, 0.0033715844430764414, 0.0018321868163401966, 0.0, 0.20337611989343882, 0.08423392445730013, 0.26697519428824357, 0.33437142510664364, 0.008934292675114733, 0.023887898473922798, 0.029043562729683434, 0.002226424486878075, 0.38286100445861043, 0.24265169459245473, 0.9782839505386911, 0.127282283008108, 0.0038348454555968753, 0.02412180005898588, 0.001549930064179619, 0.31544726084626135, 0.21893329174266804, 0.8519494086157323, 0.3718301335880724, 0.22055856212274, 0.0023394937921170063, 0.2969014560087183, 0.0, 0.020278226984399697, 0.05408029058818486, 0.24930308688031236, 0.3144389539158136, 0.2342675361565546, 0.0038348454555968753, 0.3181541434475795, 0.8630807851853326, 0.0, 0.0491958967760029], [0.001803733336975866, 1.0, 0.3426990128505423, 0.9786720583174241, 0.0, 0.025272630609900096, 0.9990121815582692, 0.0015680025589175782, 0.020340501765088892, 0.023505694721278076, 0.3516765784658815, 0.9940489305235031, 0.0, 0.030615871438996575, 0.30292903039926194, 0.001951595626603461, 0.02341654510528067, 0.0018244073478844206, 0.3503739807292586, 0.32516657031001595, 0.024556743909201196, 0.0018310089496754104, 0.993674085408792, 0.0, 0.3426990128505423, 0.0301148251011651, 0.0017124562896769988, 0.0014515246163776749, 0.0017227780703244924, 0.0, 0.0, 0.9782839477735404, 0.015772058270717478, 0.0, 0.9971756814983014, 0.026756503586245154, 0.9968646890716203, 0.001951595626603461, 0.0, 0.0, 0.3618872502667914, 0.02134417310569703, 0.9983705904414772, 0.0, 0.019592936497552664, 0.015623935565636274, 0.38275812595081127, 0.023424175324874338, 0.01691039519240058, 0.0163286466441915, 0.0, 0.3298710605256205, 0.30896493273027037, 0.0, 0.3714972528846999, 0.0, 0.02480244877698092, 0.0, 0.0020752799954536364, 0.9777751904143499, 0.0011258368647590424, 0.33433170396377065, 0.0, 0.0, 0.0, 0.03128453773226175, 0.021266913106654066, 0.024556743909201196, 0.02143990589763622, 0.3012007225516426, 0.022898407583889342, 0.02134417310569703, 0.020406214060487718, 0.0, 0.001562665922964892, 0.9777751904143499, 0.01955756340441893, 0.0, 0.268240946927212, 0.0014688584579974496], [0.02256060668816425, 0.3426990128505423, 1.0, 0.39346687718641604, 0.0, 0.35800994182579343, 0.32775963930171026, 0.006393734858302529, 0.14599547851388703, 0.017031169869441136, 0.029381697947889602, 0.346853610090052, 0.00265080873103764, 0.12748727254630587, 0.9579502191195373, 0.0, 0.0036577515634555104, 0.0, 0.11953910980274006, 0.7245462293501576, 0.001673050116117771, 0.0, 0.3739353123607203, 0.0015725254610576373, 1.0, 0.004023197925541886, 0.006794392189033757, 0.0, 0.01799780995519988, 0.0, 0.018204914230491247, 0.3460194286290286, 0.0011005791412467393, 0.001108254935057181, 0.36063765224071725, 0.003313371013484535, 0.35052836477214416, 0.0, 0.0022554949074247627, 0.002107876548251441, 0.46134937701025747, 0.14779983578984446, 0.3414157417314067, 0.0018481130882082328, 0.001531530877473023, 0.0018936679533801876, 0.03519690947302491, 0.3576991052549047, 0.18051296633922573, 0.27537688708655084, 0.001108700222516734, 0.5923308094116153, 0.9543894034781555, 0.0, 0.25144460757781223, 0.002384010353940275, 0.34717894050506465, 0.013103494563514333, 0.0014295806258453417, 0.37606816196354975, 0.0, 0.03240655713833852, 0.0012591153501314409, 0.010291835064664216, 0.016699837574261894, 0.2494936032356958, 0.2864219309722448, 0.001673050116117771, 0.29815193916286925, 0.052903687052887616, 0.004371707514782475, 0.14779983578984446, 0.3145332804360255, 0.0010249025214018512, 0.01610307790846258, 0.37606816196354975, 0.2932723008719627, 0.009052889853429755, 0.049300105601741646, 0.0029493718416738583], [0.003867234572471907, 0.9786720583174241, 0.39346687718641604, 1.0, 0.0021566327891729335, 0.03872267418808268, 0.9793414575434544, 0.0033828283873373944, 0.030863630643720268, 0.03531289738042856, 0.3720002039352479, 0.9926574823480571, 0.0013484064361987912, 0.046327718962735374, 0.3532623953251295, 0.0038599376798869275, 0.03320020745615866, 0.003623020117747511, 0.37658312566867935, 0.37184117076325723, 0.033766154779541056, 0.003620466332343426, 0.9946985226216334, 0.0, 0.39346687718641604, 0.04239211487016019, 0.0035011687330101845, 0.002922241467154232, 0.003607374632285282, 0.0021236634980692872, 0.0022897001598567762, 0.9949676193132687, 0.022636434143631572, 0.0, 0.9900173590999467, 0.03684485293014918, 0.9865489239304397, 0.0038599376798869275, 0.0012622412158944996, 0.0013306651762485088, 0.41592785932936566, 0.032567884611981415, 0.9796333545115536, 0.0, 0.027874909133395062, 0.022419176689379892, 0.4066155253551243, 0.03571663804904924, 0.026354931080594033, 0.02598954175255425, 0.0, 0.37776877933893915, 0.3535022351455063, 0.0016469355153149168, 0.4056748380888211, 0.0011993544454635186, 0.038245970535069784, 0.002158975618059859, 0.004159193117089315, 0.998418173510857, 0.0023768711042592354, 0.3685657916686497, 0.0, 0.001827781076939779, 0.0018037331348055693, 0.04785828945538956, 0.03349079556553139, 0.033766154779541056, 0.033941549519367224, 0.3250791333154702, 0.033346711880018295, 0.032567884611981415, 0.0318775450884935, 0.0, 0.0033384660756273854, 0.998418173510857, 0.030698205426338346, 0.002328216739570665, 0.2962368564521192, 0.0030541188534646195], [0.03452380759282042, 0.0, 0.0, 0.0021566327891729335, 1.0, 0.0013101798927270933, 0.0011192619718258185, 0.1208745997244017, 0.0034689528892685013, 0.04448742227814696, 0.017523142341251716, 0.0016106979893750692, 0.3248681542410653, 0.00587022618331018, 0.0, 0.9590299137956235, 0.12206472566225564, 0.7371313566505001, 0.003956368015166814, 0.0, 0.272269215026068, 0.9564877049310914, 0.0015065089721497226, 0.3495374512596394, 0.0, 0.18750098791915118, 0.10024468938523108, 0.7189257985449029, 0.03817946763366188, 0.4404383944629444, 0.031590157517875236, 0.0024017158827496494, 0.35543562912669996, 0.3336252450814547, 0.0012976734040690912, 0.1856751743305213, 0.0012870891754726897, 0.9590299137956235, 0.3581165431360986, 0.39684121484037155, 0.0012634172126160083, 0.004338494842252295, 0.001051880185463351, 0.33272550956629365, 0.34717893869272826, 0.23277000817473953, 0.018108721338942188, 0.0, 0.002536286341409801, 0.0014156756262202392, 0.30481674595707475, 0.0, 0.0, 0.9970070149596078, 0.0020346810241736097, 0.3247956722924878, 0.0015315309333439509, 0.041826648218656524, 0.5903111345302472, 0.0022520828069711764, 0.7301756025114401, 0.030121475846758457, 0.3478922671491679, 0.04131185615496258, 0.024473188269070554, 0.0032136670804770702, 0.0024322659728806023, 0.272269215026068, 0.002422324072356898, 0.009610602023850189, 0.16045063583932495, 0.004338494842252295, 0.0013919486398196233, 0.31427412867077953, 0.04537898848791386, 0.0022520828069711764, 0.0013939337814633673, 0.058742310761512276, 0.013043690236899818, 0.2365568593990194], [0.22805048473257242, 0.025272630609900096, 0.35800994182579343, 0.03872267418808268, 0.0013101798927270933, 1.0, 0.023999602626263914, 0.043527331150502446, 0.33221579965099096, 0.014424080006257849, 0.001841157659175063, 0.02874808185112228, 0.03256532596666022, 0.20467970272626326, 0.376862115047207, 0.0024493326363995804, 0.0012490690092661814, 0.003235102096059669, 0.015616207996274604, 0.22204542245887615, 0.0, 0.001945877905176667, 0.03224627141549612, 0.022476923377241304, 0.35800994182579343, 0.0012824687043896275, 0.042301377417017644, 0.002003026340754478, 0.16551942820803714, 0.0049170240327975415, 0.2523814642066485, 0.031851665269730316, 0.0, 0.018868316988871828, 0.02924166176240436, 0.0, 0.027799378783563446, 0.0024493326363995804, 0.02753231621324489, 0.02439545041926501, 0.1186899135419754, 0.34210907848827143, 0.025438759069616096, 0.025697421458233366, 0.0, 0.0, 0.0024002089763248114, 0.9968412737996958, 0.5278778964528116, 0.9849685418381541, 0.020065121534057467, 0.18762258752689887, 0.3360027804227212, 0.0, 0.045262576866073996, 0.030513514503117557, 0.9991333398578944, 0.16642823888315814, 0.00494886958210578, 0.036228483505132685, 0.0021875962335144114, 0.002752512198812015, 0.01975870748411802, 0.12451589505512747, 0.2534112461080324, 0.542037072349525, 0.9243701408975863, 0.0, 0.9820533821775942, 0.005455810327345241, 0.001954489382353071, 0.34210907848827143, 0.9960600250230116, 0.018802224110443713, 0.15556598149186346, 0.036228483505132685, 0.921850389932188, 0.09112167937579885, 0.005871479465776141, 0.015668255227398176], [0.0018243386423286647, 0.9990121815582692, 0.32775963930171026, 0.9793414575434544, 0.0011192619718258185, 0.023999602626263914, 1.0, 0.0016703045405655264, 0.01922484247821687, 0.025277630553768145, 0.36990460716321977, 0.9952774534396823, 0.0, 0.031021860673674916, 0.2911445777156363, 0.0021410719157889733, 0.025968924359435208, 0.0019676571610886314, 0.34686980207415147, 0.31785037973831676, 0.027061887816050928, 0.0020146024638496556, 0.9927498444353446, 0.0, 0.32775963930171026, 0.0333136705921897, 0.001712916301438866, 0.001575980793994128, 0.0016837313466705624, 0.0010303187143221853, 0.0, 0.9815519162516024, 0.01744649969988358, 0.0, 0.9972482260773998, 0.028463022147885694, 0.9958026344963321, 0.0021410719157889733, 0.0, 0.0, 0.36218397633909477, 0.02023007940244989, 0.9988362763373011, 0.0, 0.021607428838482535, 0.01670172553815635, 0.40185732631026405, 0.02216713520545666, 0.015925731426293527, 0.015498558989613546, 0.0, 0.31495942146404066, 0.29636873924842727, 0.0, 0.36108863993602336, 0.0, 0.023583908227724996, 0.0, 0.002298828341877349, 0.9805164836475441, 0.001226138160618712, 0.3537964941457938, 0.0, 0.0, 0.0, 0.030816313286665956, 0.020183628139606422, 0.027061887816050928, 0.020464623305807304, 0.3054530396771779, 0.0253124272146902, 0.02023007940244989, 0.01937723140725535, 0.0, 0.001533278785222199, 0.9805164836475441, 0.018734631258902665, 0.001036833983276746, 0.27249329406959416, 0.0015102582510713011], [0.6043969864600983, 0.0015680025589175782, 0.006393734858302529, 0.0033828283873373944, 0.1208745997244017, 0.043527331150502446, 0.0016703045405655264, 1.0, 0.006992394496542989, 0.31012563864621906, 0.001828168802180675, 0.0022406709783512183, 0.3875198914636785, 0.2701184889304299, 0.010010739767562383, 0.10599080490946072, 0.09209306599927924, 0.0565996206794517, 0.0, 0.014066435196681343, 0.013728607153441146, 0.09177462814163138, 0.0022944641972760366, 0.3872304022720969, 0.006393734858302529, 0.07382702143938473, 0.02999656059659929, 0.04140511451194374, 0.0584099765837312, 0.034457524275341544, 0.19616466762271947, 0.0030234296368355437, 0.01704140812650853, 0.3285191204882588, 0.0021286308594863526, 0.004392486069181487, 0.0018037333669947996, 0.10599080490946072, 0.3870390730810848, 0.4037504022607186, 0.025256631487353937, 0.008533422482217057, 0.0017691831868065994, 0.3678620306915315, 0.018783478368952704, 0.004719061072702987, 0.002231390975832813, 0.03614084137811382, 0.011797039732701643, 0.04903790674354334, 0.3676412755776676, 0.0020791095622519624, 0.007507505252436008, 0.10693701753148575, 0.0, 0.40419777862216266, 0.047373523278679074, 0.6239796656378228, 0.4753677403172149, 0.003547361183137472, 0.047394940371819384, 0.004841714238476192, 0.36154260182819015, 0.06254035077091431, 0.33521663622947345, 0.17396981328756453, 0.039203338130617084, 0.013728607153441146, 0.061506145321809015, 0.0, 0.12565193624610296, 0.008533422482217057, 0.04683011061632475, 0.34640922911274624, 0.06912348902912077, 0.003547361183137472, 0.07493716680979776, 0.8752639374872541, 0.0, 0.03387610376668258], [0.047274507470193475, 0.020340501765088892, 0.14599547851388703, 0.030863630643720268, 0.0034689528892685013, 0.33221579965099096, 0.01922484247821687, 0.006992394496542989, 1.0, 0.0011219248235543502, 0.005072148227486415, 0.024294925145314266, 0.036066942555893884, 0.013375551252719848, 0.10225421247897906, 0.007871509755864987, 0.0, 0.01852692534059439, 0.09416647258913596, 0.03402816892611494, 0.0012998577165710947, 0.006889035269086598, 0.026756503856121622, 0.024300945034680263, 0.14599547851388703, 0.0, 0.2631437155490582, 0.014133997197606439, 0.4122433699504155, 0.04034890797509631, 0.1912020343534725, 0.02818534658224247, 0.0012100672257983904, 0.023228270386670427, 0.022494425198844682, 0.012497979797280467, 0.024338539095979904, 0.007871509755864987, 0.031078754637888978, 0.026905609896645317, 0.015635967308625178, 0.997844400671614, 0.01902938322022468, 0.029398988810272586, 0.0015242631075723036, 0.010325470838505213, 0.005990425299276676, 0.3237640380087608, 0.9226298538255137, 0.32760605680758537, 0.021144867887300498, 0.34969720029767215, 0.08768502852796475, 0.002738832841157453, 0.19058282341592894, 0.031963694440662854, 0.3382775929735749, 0.0378277271664266, 0.0024006945504031897, 0.027584410684490565, 0.014405779972247778, 0.005131081037361461, 0.022501849582790084, 0.30734550424942014, 0.09083478034203483, 0.05590597569432973, 0.5326631324506049, 0.0012998577165710947, 0.35587480384241754, 0.037764114635949086, 0.0, 0.997844400671614, 0.3314427017243794, 0.021226904601822492, 0.36824222857090344, 0.027584410684490565, 0.17979641441897906, 0.014124398919216134, 0.042415013580868376, 0.1165605834712168], [0.08995811000440825, 0.023505694721278076, 0.017031169869441136, 0.03531289738042856, 0.04448742227814696, 0.014424080006257849, 0.025277630553768145, 0.31012563864621906, 0.0011219248235543502, 1.0, 0.025022903004557707, 0.02838723053012288, 0.034981214294144046, 0.3791561785864375, 0.02817906949878651, 0.037625633023162235, 0.5237696223797362, 0.013705198746570424, 0.0022752011670640706, 0.06698869941958693, 0.050926239413482274, 0.03384799671573825, 0.027720524890511994, 0.03323829546844839, 0.017031169869441136, 0.36977224329264485, 0.0020493376935994565, 0.010348270787646973, 0.003353656164857289, 0.004381987227250038, 0.012108058130417924, 0.033346777364194516, 0.04915531262841715, 0.023978675461715785, 0.02843680542770506, 0.007138805377070758, 0.02395096969107588, 0.037625633023162235, 0.03616654695333286, 0.04120777660644899, 0.1691589275417685, 0.001436147833526817, 0.026628695193606222, 0.030606445671106753, 0.05566804309915144, 0.006025007697076749, 0.028671332827079975, 0.011842607582992092, 0.001852368720582253, 0.012598716324281643, 0.02657328585541593, 0.0038885722811320615, 0.02388300832644078, 0.03824133682070485, 0.0022462764696519304, 0.03633777789311153, 0.015251240480797205, 0.07378327165330645, 0.2686652514138521, 0.03869970327103098, 0.010324548082133633, 0.05420983946140085, 0.02890295408794442, 0.0027677064036504854, 0.025386629310234204, 0.13397366750768516, 0.009242977855250944, 0.050926239413482274, 0.017260018747209824, 0.003761762037431324, 0.5567403461651951, 0.001436147833526817, 0.013648327757313077, 0.024573267081200487, 0.0039690559207412445, 0.03869970327103098, 0.02770754199104812, 0.1652497499672457, 0.004137142554974606, 0.003169293464824715], [0.0, 0.3516765784658815, 0.029381697947889602, 0.3720002039352479, 0.017523142341251716, 0.001841157659175063, 0.36990460716321977, 0.001828168802180675, 0.005072148227486415, 0.025022903004557707, 1.0, 0.3882833386290667, 0.0017101215985122296, 0.005313951885347656, 0.02371204070985551, 0.025896814336413963, 0.1033600041685429, 0.022542115052954795, 0.3311713918178413, 0.02838870748225838, 0.3244746426780255, 0.026756504573051742, 0.3633849468357853, 0.0012728716472115542, 0.029381697947889602, 0.1712188521289162, 0.003982551238591762, 0.022228480947787815, 0.0012425683617169902, 0.010238311692364426, 0.0, 0.4217080887051002, 0.24097378671329917, 0.0, 0.35616422022768146, 0.2837805449503849, 0.370628519506382, 0.025896814336413963, 0.001803733123879983, 0.002082473700025758, 0.05500404445878125, 0.005679535851020369, 0.35100639384494986, 0.0013295635197551157, 0.26748635421162487, 0.20462572415396313, 0.9973842981318386, 0.0014835006172070496, 0.0027708622856824974, 0.00113250406233434, 0.0, 0.0647565414165868, 0.022056385286200433, 0.015338472353546101, 0.17899516503764765, 0.001542198417307173, 0.001912300648873906, 0.0, 0.012794315129230835, 0.3828963214428554, 0.017442087351105535, 0.9523481714115906, 0.001069946728028618, 0.0, 0.0, 0.0032421307638359404, 0.002205025085592977, 0.3244746426780255, 0.001959284153001948, 0.5764280884767894, 0.09854904668998572, 0.005679535851020369, 0.0014681727823631762, 0.0, 0.0012332533911641795, 0.3828963214428554, 0.0012778481075649017, 0.0, 0.5631168600500148, 0.007343311615283397], [0.002483959120259902, 0.9940489305235031, 0.346853610090052, 0.9926574823480571, 0.0016106979893750692, 0.02874808185112228, 0.9952774534396823, 0.0022406709783512183, 0.024294925145314266, 0.02838723053012288, 0.3882833386290667, 1.0, 0.0, 0.03501845224010425, 0.3067441634741883, 0.002974787286212877, 0.029104217852925617, 0.002796351462996344, 0.3792111311259476, 0.32617154789050706, 0.03174104083391576, 0.0028040682200675673, 0.9984806993537286, 0.0, 0.346853610090052, 0.0377740657663709, 0.002521760009421055, 0.0022662736479360426, 0.0024544375046772838, 0.0015678989133277735, 0.0014268139802103195, 0.9949826317049593, 0.020863254339495735, 0.0, 0.9972669083270665, 0.03471681893142608, 0.9978797432414369, 0.002974787286212877, 0.0, 0.0, 0.3694793788173244, 0.02559291189588796, 0.9929183095419548, 0.0, 0.025714053202403518, 0.020786570889238222, 0.42197426541427363, 0.02649846967204553, 0.020099287157426142, 0.01888529000356129, 0.0, 0.34619515751188523, 0.30943762836535255, 0.0012131007491114093, 0.39540568848023117, 0.0, 0.028337119048156997, 0.001316830587372352, 0.0030516424388720995, 0.9920105488056498, 0.0018037334436051347, 0.37449047815453906, 0.0, 0.0011681691396855807, 0.0010732468779087842, 0.03554588990383519, 0.024826804919829325, 0.03174104083391576, 0.02490352304817338, 0.333930