{"co_parameters": [[[0.0018562385812401772, -0.9999982714653015, -2.2204422111322708e-16, 0.14548762512207034], [-0.9999982714653015, -0.0018562385812401772, -4.1216776241807577e-19, 0.171501220703125], [0.0, 2.220446049250313e-16, -1.0, 0.20171611785888674], [0.0, 0.0, 0.0, 1.0]], [[-0.9999982714653015, -0.0018562822369858623, 4.121774559408791e-19, -0.14733555603027343], [-0.0018562822369858623, 0.9999982714653015, -2.2204422111322708e-16, -0.05516736984252927], [2.7192622655495665e-32, -2.220446049250313e-16, -1.0, 0.23477002716064455], [0.0, 0.0, 0.0, 1.0]], [[0.0018562385812401772, -0.7071055173873901, 0.7071055173873901, -0.025905767917633063], [-0.9999982714653015, -0.0013125588884577155, 0.0013125588884577155, 0.17118306304467842], [0.0, -0.7071067690849304, -0.7071067690849304, 0.15892572236061098], [0.0, 0.0, 0.0, 1.0]], [[-1.0, -4.371138828673793e-08, -9.705877942853365e-24, -0.14816653442382813], [-4.371138828673793e-08, 1.0, 2.220446049250313e-16, 0.03878694534301755], [0.0, 2.220445916901415e-16, -0.9999999403953552, 0.20176845479011535], [0.0, 0.0, 0.0, 1.0]], [[-0.0018562385812401772, 0.7071055173873901, 0.7071055173873901, -0.025905767917633063], [0.9999982714653015, 0.0013125588884577155, 0.0013125588884577155, 0.17118306304467842], [-8.659560603426554e-17, 0.7071067690849304, -0.7071067690849304, 0.15892572236061098], [0.0, 0.0, 0.0, 1.0]], [[0.0, 0.0, 1.0, -0.34914935302734373], [-1.2246468525851679e-16, 1.0, 0.0, 0.032463443756103515], [-1.0, -1.2246468525851679e-16, 0.0, -0.009115447998046875], [0.0, 0.0, 0.0, 1.0]], [[1.0, 4.371138828673793e-08, -9.705877942853365e-24, -0.14816653442382813], [4.371138828673793e-08, -1.0, 2.220446049250313e-16, 0.03878694534301755], [2.719261971675979e-32, -2.220445916901415e-16, -0.9999999403953552, 0.20176845479011535], [0.0, 0.0, 0.0, 1.0]], [[0.0018562385812401772, -0.7071055173873901, 0.7071055173873901, -0.047182562351226816], [-0.9999982714653015, -0.0013125588884577155, 0.0013125588884577155, 0.1711435580397956], [0.0, -0.7071067690849304, -0.7071067690849304, 0.15477191376686097], [0.0, 0.0, 0.0, 1.0]], [[0.9999982714653015, 0.0018562822369858623, 4.121774559408791e-19, -0.1475315399169922], [0.0018562822369858623, -0.9999982714653015, -2.2204422111322708e-16, 0.05040752029418948], [0.0, 2.220446049250313e-16, -1.0, 0.2344574661254883], [0.0, 0.0, 0.0, 1.0]], [[-0.0018562385812401772, 0.7071055173873901, -0.7071055173873901, 0.20036799478530887], [0.9999982714653015, 0.0013125588884577155, -0.0013125588884577155, 0.17160308502661065], [8.659560603426554e-17, -0.7071067690849304, -0.7071067690849304, 0.15892572236061098], [0.0, 0.0, 0.0, 1.0]], [[-0.0018562952755019069, 0.7071055173873901, -0.7071055173873901, 0.05163816690444947], [0.9999982714653015, 0.001312598935328424, -0.001312598935328424, -0.16971348346350715], [0.0, -0.7071067690849304, -0.7071067690849304, 0.15282822251319886], [0.0, 0.0, 0.0, 1.0]], [[0.9999982714653015, -0.0013125897385179996, 0.0013125897385179996, -0.14761282445304097], [0.0018562822369858623, 0.7071055173873901, -0.7071055173873901, 0.09418773317337037], [0.0, 0.7071067690849304, 0.7071067690849304, -0.18086324906349183], [0.0, 0.0, 0.0, 1.0]], [[0.9999982714653015, -0.0018562822369858623, -4.121774559408791e-19, -0.14740280151367188], [0.0018562822369858623, 0.9999982714653015, 2.2204422111322708e-16, -0.01894915008544925], [0.0, -2.220446049250313e-16, 1.0, -0.22772616577148438], [0.0, 0.0, 0.0, 1.0]], [[0.0, 0.7071067094802856, 0.7071067094802856, -0.30228642797470096], [-4.371138828673793e-08, -0.7071067690849304, 0.7071067690849304, -0.08067363762855531], [1.0, -3.0908619663705394e-08, 3.0908619663705394e-08, -0.009115452325253627], [0.0, 0.0, 0.0, 1.0]], [[0.9999982714653015, 0.0013125897385179996, 0.0013125897385179996, -0.14774156285636128], [0.0018562822369858623, -0.7071055173873901, -0.7071055173873901, 0.16354440164566042], [0.0, 0.7071067690849304, -0.7071067690849304, 0.18759454941749573], [0.0, 0.0, 0.0, 1.0]], [[-1.0, -4.371138828673793e-08, -9.705877942853365e-24, -0.14805780029296875], [-4.371138828673793e-08, 1.0, 2.220446049250313e-16, -0.07836782836914065], [0.0, 2.220445916901415e-16, -0.9999999403953552, 0.20256013417243957], [0.0, 0.0, 0.0, 1.0]], [[0.0018562952755019069, -0.9999982714653015, 2.2204422111322708e-16, -0.06149871826171878], [-0.9999982714653015, -0.0018562952755019069, 4.1218035107302306e-19, -0.1699235076904297], [2.7192622655495665e-32, -2.220446049250313e-16, -1.0, 0.19969113922119142], [0.0, 0.0, 0.0, 1.0]], [[-0.9999982714653015, -0.0013125897385179996, -0.0013125897385179996, -0.1471255483496934], [-0.0018562822369858623, 0.7071055173873901, 0.7071055173873901, -0.16830425119400028], [-8.659560603426554e-17, 0.7071067690849304, -0.7071067690849304, 0.187907110452652], [0.0, 0.0, 0.0, 1.0]], [[1.0, 4.371138828673793e-08, -9.705877942853365e-24, -0.14805780029296875], [4.371138828673793e-08, -1.0, 2.220446049250313e-16, -0.07836782836914065], [2.719261971675979e-32, -2.220445916901415e-16, -0.9999999403953552, 0.20256013417243957], [0.0, 0.0, 0.0, 1.0]], [[-0.9999869465827942, -0.0051131462678313255, -2.9466043997672386e-05, -0.14733588635052003], [-0.0051131462678313255, 0.9999869465827942, -1.506661533312581e-07, 0.03198553478039525], [2.9466427804436535e-05, 2.220446049250313e-16, -1.0, 0.22138169860839846], [0.0, 0.0, 0.0, 1.0]], [[-0.0018562385812401772, 0.9999982714653015, -2.2204422111322708e-16, 0.14548762512207034], [0.9999982714653015, 0.0018562385812401772, -4.1216776241807577e-19, 0.171501220703125], [2.7192622655495665e-32, -2.220446049250313e-16, -1.0, 0.20171611785888674], [0.0, 0.0, 0.0, 1.0]], [[0.0018562385812401772, -0.7071055173873901, -0.7071055173873901, 0.2586245179176331], [-0.9999982714653015, -0.0013125588884577155, -0.0013125588884577155, 0.17171122406469658], [0.0, 0.7071067690849304, -0.7071067690849304, 0.15485320115089418], [0.0, 0.0, 0.0, 1.0]], [[-0.0018562952755019069, 0.9999982714653015, 2.2204422111322708e-16, -0.06149871826171878], [0.9999982714653015, 0.0018562952755019069, 4.1218035107302306e-19, -0.1699235076904297], [0.0, 2.220446049250313e-16, -1.0, 0.19969113922119142], [0.0, 0.0, 0.0, 1.0]], [[0.0018562952755019069, -0.7071055173873901, 0.7071055173873901, -0.08030403184890748], [-0.9999982714653015, -0.001312598935328424, 0.001312598935328424, -0.16995840679528193], [8.659560603426554e-17, -0.7071067690849304, -0.7071067690849304, 0.15398650193214417], [0.0, 0.0, 0.0, 1.0]], [[-0.9999982714653015, 0.0013125897385179996, 0.0013125897385179996, -0.14761282445304097], [-0.0018562822369858623, -0.7071055173873901, -0.7071055173873901, 0.09418773317337037], [8.659560603426554e-17, -0.7071067690849304, 0.7071067690849304, -0.18086324906349183], [0.0, 0.0, 0.0, 1.0]], [[0.9999982714653015, 0.0013125897385179996, 0.0013125897385179996, -0.14754557896964254], [0.0018562822369858623, -0.7071055173873901, -0.7071055173873901, 0.05796951532363893], [0.0, 0.7071067690849304, -0.7071067690849304, 0.187907110452652], [0.0, 0.0, 0.0, 1.0]], [[-0.9999982714653015, -0.0013125897385179996, -0.0013125897385179996, -0.14732153223641217], [-0.0018562822369858623, 0.7071055173873901, 0.7071055173873901, -0.0627293610572815], [-8.659560603426554e-17, 0.7071067690849304, -0.7071067690849304, 0.18759454941749573], [0.0, 0.0, 0.0, 1.0]], [[0.0, 0.0, 1.0, -0.34914935302734373], [0.0, -1.0, 0.0, 0.032463443756103515], [1.0, 0.0, 0.0, -0.009115447998046875], [0.0, 0.0, 0.0, 1.0]], [[0.9999982714653015, 0.0018562822369858623, 4.121774559408791e-19, -0.14733555603027343], [0.0018562822369858623, -0.9999982714653015, -2.2204422111322708e-16, -0.05516736984252927], [0.0, 2.220446049250313e-16, -1.0, 0.23477002716064455], [0.0, 0.0, 0.0, 1.0]], [[-8.659559941682064e-17, 0.7071067094802856, 0.7071067094802856, -0.30228642797470096], [4.371138828673793e-08, 0.7071067690849304, -0.7071067690849304, 0.14560052704811097], [-1.0, 3.0908619663705394e-08, -3.0908619663705394e-08, -0.009115442717165806], [0.0, 0.0, 0.0, 1.0]], [[0.0018562385812401772, -0.9999982714653015, -2.2204422111322708e-16, 0.08723110961914066], [-0.9999982714653015, -0.0018562385812401772, -4.1216776241807577e-19, 0.17139306640625002], [0.0, 2.220446049250313e-16, -1.0, 0.20578863525390628], [0.0, 0.0, 0.0, 1.0]], [[0.0018562385812401772, -0.7071055173873901, -0.7071055173873901, 0.1790912003517151], [-0.9999982714653015, -0.0013125588884577155, -0.0013125588884577155, 0.17156358002172784], [0.0, 0.7071067690849304, -0.7071067690849304, 0.15477191376686097], [0.0, 0.0, 0.0, 1.0]], [[0.0018562952755019069, -0.9999982714653015, 2.2204422111322708e-16, 0.03283285140991208], [-0.9999982714653015, -0.0018562952755019069, 4.1218035107302306e-19, -0.16974839782714843], [2.7192622655495665e-32, -2.220446049250313e-16, -1.0, 0.20084941864013672], [0.0, 0.0, 0.0, 1.0]], [[-0.9999982714653015, 0.0013125897385179996, -0.0013125897385179996, -0.14719279383309183], [-0.0018562822369858623, -0.7071055173873901, 0.7071055173873901, -0.13208603143692016], [-8.659560603426554e-17, 0.7071067690849304, 0.7071067690849304, -0.18086324906349183], [0.0, 0.0, 0.0, 1.0]], [[-0.9999982714653015, -0.0013125897385179996, 0.0013125897385179996, -0.14774156285636128], [-0.0018562822369858623, 0.7071055173873901, -0.7071055173873901, 0.16354440164566042], [8.659560603426554e-17, -0.7071067690849304, -0.7071067690849304, 0.18759454941749573], [0.0, 0.0, 0.0, 1.0]], [[8.659559941682064e-17, -0.7071067094802856, 0.7071067094802856, -0.30228642797470096], [4.371138828673793e-08, 0.7071067690849304, 0.7071067690849304, -0.08067363762855531], [-1.0, 3.0908619663705394e-08, 3.0908619663705394e-08, -0.009115452325253627], [0.0, 0.0, 0.0, 1.0]], [[0.9999982714653015, -0.0013125897385179996, -0.0013125897385179996, -0.14719279383309183], [0.0018562822369858623, 0.7071055173873901, 0.7071055173873901, -0.13208603143692016], [0.0, -0.7071067690849304, 0.7071067690849304, -0.18086324906349183], [0.0, 0.0, 0.0, 1.0]], [[-0.0018562385812401772, 0.9999982714653015, -2.2204422111322708e-16, 0.08723110961914066], [0.9999982714653015, 0.0018562385812401772, -4.1216776241807577e-19, 0.17139306640625002], [2.7192622655495665e-32, -2.220446049250313e-16, -1.0, 0.20578863525390628], [0.0, 0.0, 0.0, 1.0]], [[-0.0018562385812401772, 0.7071055173873901, 0.7071055173873901, 0.03235074758529663], [0.9999982714653015, 0.0013125588884577155, 0.0013125588884577155, 0.17129120208276435], [-8.659560603426554e-17, 0.7071067690849304, -0.7071067690849304, 0.15485320115089418], [0.0, 0.0, 0.0, 1.0]], [[-0.0018562952755019069, 0.7071055173873901, -0.7071055173873901, 0.14596973276138306], [0.9999982714653015, 0.001312598935328424, -0.001312598935328424, -0.1695383736002259], [0.0, -0.7071067690849304, -0.7071067690849304, 0.15398650193214417], [0.0, 0.0, 0.0, 1.0]], [[0.0018562385812401772, -0.7071055173873901, 0.7071055173873901, 0.03235074758529663], [-0.9999982714653015, -0.0013125588884577155, 0.0013125588884577155, 0.17129120208276435], [0.0, -0.7071067690849304, -0.7071067690849304, 0.15485320115089418], [0.0, 0.0, 0.0, 1.0]], [[-1.0, -4.371138828673793e-08, -9.705877942853365e-24, -0.1480369415283203], [-4.371138828673793e-08, 1.0, 2.220446049250313e-16, -0.10085234832763675], [0.0, 2.220445916901415e-16, -0.9999999403953552, 0.1987839195728302], [0.0, 0.0, 0.0, 1.0]], [[-0.9999982714653015, 0.0018562822369858623, -4.121774559408791e-19, -0.14740280151367188], [-0.0018562822369858623, -0.9999982714653015, 2.2204422111322708e-16, -0.01894915008544925], [-2.7192622655495665e-32, 2.220446049250313e-16, 1.0, -0.22772616577148438], [0.0, 0.0, 0.0, 1.0]], [[-0.0018562385812401772, 0.7071055173873901, -0.7071055173873901, 0.2586245179176331], [0.9999982714653015, 0.0013125588884577155, -0.0013125588884577155, 0.17171122406469658], [8.659560603426554e-17, -0.7071067690849304, -0.7071067690849304, 0.15485320115089418], [0.0, 0.0, 0.0, 1.0]], [[1.0, 4.371138828673793e-08, -9.705877942853365e-24, -0.1480369415283203], [4.371138828673793e-08, -1.0, 2.220446049250313e-16, -0.10085234832763675], [2.719261971675979e-32, -2.220445916901415e-16, -0.9999999403953552, 0.1987839195728302], [0.0, 0.0, 0.0, 1.0]], [[0.9999982714653015, 0.0013125897385179996, -0.0013125897385179996, -0.1471255483496934], [0.0018562822369858623, -0.7071055173873901, 0.7071055173873901, -0.16830425119400028], [0.0, -0.7071067690849304, -0.7071067690849304, 0.187907110452652], [0.0, 0.0, 0.0, 1.0]], [[0.0018562952755019069, -0.7071055173873901, -0.7071055173873901, 0.14596973276138306], [-0.9999982714653015, -0.001312598935328424, -0.001312598935328424, -0.1695383736002259], [-8.659560603426554e-17, 0.7071067690849304, -0.7071067690849304, 0.15398650193214417], [0.0, 0.0, 0.0, 1.0]], [[0.0, -0.7071067094802856, 0.7071067094802856, -0.30228642797470096], [-4.371138828673793e-08, -0.7071067690849304, -0.7071067690849304, 0.14560052704811097], [1.0, -3.0908619663705394e-08, -3.0908619663705394e-08, -0.009115442717165806], [0.0, 0.0, 0.0, 1.0]], [[0.0018562385812401772, -0.9999982714653015, -2.2204422111322708e-16, 0.06595432281494143], [-0.9999982714653015, -0.0018562385812401772, -4.1216776241807577e-19, 0.17135357666015624], [0.0, 2.220446049250313e-16, -1.0, 0.2016348342895508], [0.0, 0.0, 0.0, 1.0]], [[-0.0018562952755019069, 0.9999982714653015, 2.2204422111322708e-16, 0.03283285140991208], [0.9999982714653015, 0.0018562952755019069, 4.1218035107302306e-19, -0.16974839782714843], [0.0, 2.220446049250313e-16, -1.0, 0.20084941864013672], [0.0, 0.0, 0.0, 1.0]], [[0.9999869465827942, 0.0051131462678313255, -2.9466043997672386e-05, -0.14733588635052003], [0.0051131462678313255, -0.9999869465827942, -1.506661533312581e-07, 0.03198553478039525], [-2.9466427804436535e-05, -2.2204820481505714e-16, -1.0, 0.22138169860839846], [0.0, 0.0, 0.0, 1.0]], [[-0.9999982714653015, -0.0018562822369858623, 4.121774559408791e-19, -0.1475315399169922], [-0.0018562822369858623, 0.9999982714653015, -2.2204422111322708e-16, 0.05040752029418948], [2.7192622655495665e-32, -2.220446049250313e-16, -1.0, 0.2344574661254883], [0.0, 0.0, 0.0, 1.0]], [[0.0018562385812401772, -0.7071055173873901, -0.7071055173873901, 0.20036799478530887], [-0.9999982714653015, -0.0013125588884577155, -0.0013125588884577155, 0.17160308502661065], [0.0, 0.7071067690849304, -0.7071067690849304, 0.15892572236061098], [0.0, 0.0, 0.0, 1.0]], [[-0.0018562385812401772, 0.9999982714653015, -2.2204422111322708e-16, 0.06595432281494143], [0.9999982714653015, 0.0018562385812401772, -4.1216776241807577e-19, 0.17135357666015624], [2.7192622655495665e-32, -2.220446049250313e-16, -1.0, 0.2016348342895508], [0.0, 0.0, 0.0, 1.0]], [[-0.9999982714653015, -0.0013125897385179996, 0.0013125897385179996, -0.14754557896964254], [-0.0018562822369858623, 0.7071055173873901, -0.7071055173873901, 0.05796951532363893], [8.659560603426554e-17, -0.7071067690849304, -0.7071067690849304, 0.187907110452652], [0.0, 0.0, 0.0, 1.0]], [[-0.0018562385812401772, 0.7071055173873901, 0.7071055173873901, -0.047182562351226816], [0.9999982714653015, 0.0013125588884577155, 0.0013125588884577155, 0.1711435580397956], [-8.659560603426554e-17, 0.7071067690849304, -0.7071067690849304, 0.15477191376686097], [0.0, 0.0, 0.0, 1.0]], [[0.0018562952755019069, -0.7071055173873901, -0.7071055173873901, 0.05163816690444947], [-0.9999982714653015, -0.001312598935328424, -0.001312598935328424, -0.16971348346350715], [-8.659560603426554e-17, 0.7071067690849304, -0.7071067690849304, 0.15282822251319886], [0.0, 0.0, 0.0, 1.0]], [[0.9999982714653015, 0.0013125897385179996, -0.0013125897385179996, -0.14732153223641217], [0.0018562822369858623, -0.7071055173873901, 0.7071055173873901, -0.0627293610572815], [0.0, -0.7071067690849304, -0.7071067690849304, 0.18759454941749573], [0.0, 0.0, 0.0, 1.0]], [[-0.0018562952755019069, 0.7071055173873901, 0.7071055173873901, -0.08030403184890748], [0.9999982714653015, 0.001312598935328424, 0.001312598935328424, -0.16995840679528193], [0.0, 0.7071067690849304, -0.7071067690849304, 0.15398650193214417], [0.0, 0.0, 0.0, 1.0]], [[-0.0018562385812401772, 0.7071055173873901, -0.7071055173873901, 0.1790912003517151], [0.9999982714653015, 0.0013125588884577155, -0.0013125588884577155, 0.17156358002172784], [8.659560603426554e-17, -0.7071067690849304, -0.7071067690849304, 0.15477191376686097], [0.0, 0.0, 0.0, 1.0]]], "foliation_name": "slide_1", "similarity_matrix": [[1.0, 0.0, 0.21006448562777524, 0.00555924750573509, 0.21006448562777524, 0.0, 0.00555924750573509, 0.13997598961138405, 0.006221179794130584, 0.7849430079768721, 0.0016929856900676852, 0.0, 0.0, 0.0, 0.013402629141386325, 0.0, 0.0, 0.0, 0.0, 0.005093201275862486, 1.0, 0.47245787955872837, 0.0, 0.0, 0.0, 0.007101637361097952, 0.0, 0.0, 0.0, 0.0, 0.8432254366318973, 0.8464974219894665, 0.0015692489232087344, 0.0, 0.013402629141386325, 0.0, 0.0, 0.8432254366318973, 0.4724579609692449, 0.002660295610968866, 0.4724579609692449, 0.0, 0.0, 0.47245787955872837, 0.0, 0.0, 0.002660295610968866, 0.0, 0.7288562681579409, 0.0015692489232087344, 0.005093201275862486, 0.006221179794130584, 0.7849430079768721, 0.7288562681579409, 0.007101637361097952, 0.13997598961138405, 0.0016929856900676852, 0.0, 0.0, 0.8464974219894665], [0.0, 1.0, 0.027692225942816832, 0.6090466684638788, 0.027692225942816832, 0.0045419226581181445, 0.6090466684638788, 0.033967610349088316, 0.5727478695874524, 0.0, 0.05123713519335944, 0.0, 0.0, 0.014890623816839248, 0.08183694499481932, 0.9242127305010592, 0.3367639243244793, 0.4724579406873124, 0.9242127305010592, 0.6779079232130527, 0.0, 0.0, 0.3367639243244793, 0.2982541601490874, 0.0, 0.4724579201454307, 0.8921370805002046, 0.0045419226581181445, 1.0, 0.0020500673427671515, 0.0047030038917772, 0.0, 0.09661669335811328, 0.0, 0.08183694499481932, 0.014890623816839248, 0.0, 0.0047030038917772, 0.011132709937175661, 0.005083602941042954, 0.011132709937175661, 0.8443987383223216, 0.0, 0.0, 0.8443987383223216, 0.4724579406873124, 0.005083602941042954, 0.0020500673427671515, 0.007483065413118534, 0.09661669335811328, 0.6779079232130527, 0.5727478695874524, 0.0, 0.007483065413118534, 0.4724579201454307, 0.033967610349088316, 0.05123713519335944, 0.8921370805002046, 0.2982541601490874, 0.0], [0.21006448562777524, 0.027692225942816832, 1.0, 0.17985643298749415, 1.0, 0.0, 0.17985643298749415, 0.9767760420963618, 0.17304039279650382, 0.07730477008567849, 0.002213821077414941, 0.0011028334694783437, 0.0, 0.0, 0.45556786321275766, 0.01915796996320912, 0.0025693075251554992, 0.0014455140478509927, 0.01915796996320912, 0.14940437383758987, 0.21006448562777524, 0.017444734040263806, 0.0025693075251554992, 0.002559217221384669, 0.0011028334694783437, 0.24106863421324942, 0.029779483026166315, 0.0, 0.027692225942816832, 0.005174934436616206, 0.47245796956667335, 0.12220469618104837, 0.002306314360590341, 0.0, 0.45556786321275766, 0.0, 0.0, 0.47245796956667335, 0.8432254354610584, 0.0, 0.8432254354610584, 0.010830399713446312, 0.0, 0.017444734040263806, 0.010830399713446312, 0.0014455140478509927, 0.0, 0.005174934436616206, 0.5986257425262121, 0.002306314360590341, 0.14940437383758987, 0.17304039279650382, 0.07730477008567849, 0.5986257425262121, 0.24106863421324942, 0.9767760420963618, 0.002213821077414941, 0.029779483026166315, 0.002559217221384669, 0.12220469618104837], [0.00555924750573509, 0.6090466684638788, 0.17985643298749415, 1.0, 0.17985643298749415, 0.01433136065945203, 1.0, 0.22397171135925398, 0.9415756136878759, 0.0, 0.01371212557987175, 0.0, 0.0, 0.016166892593856334, 0.4546282822555327, 0.5034383687006753, 0.07778676706907646, 0.1160192425855518, 0.5034383687006753, 0.978649787893426, 0.00555924750573509, 0.0, 0.07778676706907646, 0.0802063310461648, 0.0, 0.9723643761313653, 0.59134320854141, 0.01433136065945203, 0.6090466684638788, 0.018653805561009356, 0.02597476378213237, 0.0017523504739556752, 0.02209441042883415, 0.0, 0.4546282822555327, 0.016166892593856334, 0.0, 0.02597476378213237, 0.07300368051681239, 0.0013469189440305362, 0.07300368051681239, 0.3770404395269255, 0.0, 0.0, 0.3770404395269255, 0.1160192425855518, 0.0013469189440305362, 0.018653805561009356, 0.04195810844622405, 0.02209441042883415, 0.978649787893426, 0.9415756136878759, 0.0, 0.04195810844622405, 0.9723643761313653, 0.22397171135925398, 0.01371212557987175, 0.59134320854141, 0.0802063310461648, 0.0017523504739556752], [0.21006448562777524, 0.027692225942816832, 1.0, 0.17985643298749415, 1.0, 0.0, 0.17985643298749415, 0.9767760420963618, 0.17304039279650382, 0.07730477008567849, 0.002213821077414941, 0.0011028334694783437, 0.0, 0.0, 0.45556786321275766, 0.01915796996320912, 0.0025693075251554992, 0.0014455140478509927, 0.01915796996320912, 0.14940437383758987, 0.21006448562777524, 0.017444734040263806, 0.0025693075251554992, 0.002559217221384669, 0.0011028334694783437, 0.24106863421324942, 0.029779483026166315, 0.0, 0.027692225942816832, 0.005174934436616206, 0.47245796956667335, 0.12220469618104837, 0.002306314360590341, 0.0, 0.45556786321275766, 0.0, 0.0, 0.47245796956667335, 0.8432254354610584, 0.0, 0.8432254354610584, 0.010830399713446312, 0.0, 0.017444734040263806, 0.010830399713446312, 0.0014455140478509927, 0.0, 0.005174934436616206, 0.5986257425262121, 0.002306314360590341, 0.14940437383758987, 0.17304039279650382, 0.07730477008567849, 0.5986257425262121, 0.24106863421324942, 0.9767760420963618, 0.002213821077414941, 0.029779483026166315, 0.002559217221384669, 0.12220469618104837], [0.0, 0.0045419226581181445, 0.0, 0.01433136065945203, 0.0, 1.0, 0.01433136065945203, 0.0010449773106736538, 0.006637798059852276, 0.0, 0.0, 0.024817445929185607, 0.010495814947309837, 0.47245789483088774, 0.008049807963073766, 0.00762443620124456, 0.0, 0.0024863013998272453, 0.00762443620124456, 0.00916015647504861, 0.0, 0.0, 0.0, 0.0, 0.024817445929185607, 0.01821287444763311, 0.011979622489631251, 1.0, 0.0045419226581181445, 0.472457884635631, 0.0, 0.0, 0.0, 0.007688615432344166, 0.008049807963073766, 0.47245789483088774, 0.007688615432344166, 0.0, 0.0, 0.0, 0.0, 0.0062694125244302755, 0.010495814947309837, 0.0, 0.0062694125244302755, 0.0024863013998272453, 0.0, 0.472457884635631, 0.0, 0.0, 0.00916015647504861, 0.006637798059852276, 0.0, 0.0, 0.01821287444763311, 0.0010449773106736538, 0.0, 0.011979622489631251, 0.0, 0.0], [0.00555924750573509, 0.6090466684638788, 0.17985643298749415, 1.0, 0.17985643298749415, 0.01433136065945203, 1.0, 0.22397171135925398, 0.9415756136878759, 0.0, 0.01371212557987175, 0.0, 0.0, 0.016166892593856334, 0.4546282822555327, 0.5034383687006753, 0.07778676706907646, 0.1160192425855518, 0.5034383687006753, 0.978649787893426, 0.00555924750573509, 0.0, 0.07778676706907646, 0.0802063310461648, 0.0, 0.9723643761313653, 0.59134320854141, 0.01433136065945203, 0.6090466684638788, 0.018653805561009356, 0.02597476378213237, 0.0017523504739556752, 0.02209441042883415, 0.0, 0.4546282822555327, 0.016166892593856334, 0.0, 0.02597476378213237, 0.07300368051681239, 0.0013469189440305362, 0.07300368051681239, 0.3770404395269255, 0.0, 0.0, 0.3770404395269255, 0.1160192425855518, 0.0013469189440305362, 0.018653805561009356, 0.04195810844622405, 0.02209441042883415, 0.978649787893426, 0.9415756136878759, 0.0, 0.04195810844622405, 0.9723643761313653, 0.22397171135925398, 0.01371212557987175, 0.59134320854141, 0.0802063310461648, 0.0017523504739556752], [0.13997598961138405, 0.033967610349088316, 0.9767760420963618, 0.22397171135925398, 0.9767760420963618, 0.0010449773106736538, 0.22397171135925398, 1.0, 0.21228092328045028, 0.046656771784219536, 0.0018406392096169378, 0.0016076680958021033, 0.0, 0.0, 0.5698630220145717, 0.023854723811350714, 0.0026652111986294074, 0.0018079378996434172, 0.023854723811350714, 0.1842198563344602, 0.13997598961138405, 0.009316995626847902, 0.0026652111986294074, 0.0028160775982160728, 0.0016076680958021033, 0.30151002359123946, 0.03725071745794282, 0.0010449773106736538, 0.033967610349088316, 0.009759883542642631, 0.35576311795150317, 0.07730477008567849, 0.001956404549372426, 0.0, 0.5698630220145717, 0.0, 0.0, 0.35576311795150317, 0.7288562239090016, 0.0, 0.7288562239090016, 0.013507342594214485, 0.0, 0.009316995626847902, 0.013507342594214485, 0.0018079378996434172, 0.0, 0.009759883542642631, 0.47245791174225776, 0.001956404549372426, 0.1842198563344602, 0.21228092328045028, 0.046656771784219536, 0.47245791174225776, 0.30151002359123946, 1.0, 0.0018406392096169378, 0.03725071745794282, 0.0028160775982160728, 0.07730477008567849], [0.006221179794130584, 0.5727478695874524, 0.17304039279650382, 0.9415756136878759, 0.17304039279650382, 0.006637798059852276, 0.9415756136878759, 0.21228092328045028, 1.0, 0.0, 0.00874513093630283, 0.0, 0.0, 0.006585034272195935, 0.47245794053591006, 0.4147661716787683, 0.05739458577834885, 0.0820770382402105, 0.4147661716787683, 0.9748036855983297, 0.006221179794130584, 0.0, 0.05739458577834885, 0.050904049296957715, 0.0, 0.8947544292613095, 0.4724579406873126, 0.006637798059852276, 0.5727478695874524, 0.009883116457046313, 0.029344641446768086, 0.0016857407729179506, 0.016465760156889934, 0.0, 0.47245794053591006, 0.006585034272195935, 0.0, 0.029344641446768086, 0.06957381131273888, 0.0, 0.06957381131273888, 0.2989077556550269, 0.0, 0.0, 0.2989077556550269, 0.0820770382402105, 0.0, 0.009883116457046313, 0.04669704539405257, 0.016465760156889934, 0.9748036855983297, 1.0, 0.0, 0.04669704539405257, 0.8947544292613095, 0.21228092328045028, 0.00874513093630283, 0.4724579406873126, 0.050904049296957715, 0.0016857407729179506], [0.7849430079768721, 0.0, 0.07730477008567849, 0.0, 0.07730477008567849, 0.0, 0.0, 0.046656771784219536, 0.0, 1.0, 0.0, 0.0, 0.0, 0.0, 0.0022353536571320448, 0.0, 0.0, 0.0, 0.0, 0.0, 0.7849430079768721, 0.8432253979828955, 0.0, 0.0, 0.0, 0.001182861251256307, 0.0, 0.0, 0.0, 0.0, 0.47245792863431435, 0.9767760420963618, 0.0, 0.0, 0.0022353536571320448, 0.0, 0.0, 0.47245792863431435, 0.24357657591435158, 0.0025592182269062688, 0.24357657591435158, 0.0, 0.0, 0.8432253979828955, 0.0, 0.0, 0.0025592182269062688, 0.0, 0.36988679225434584, 0.0, 0.0, 0.0, 1.0, 0.36988679225434584, 0.001182861251256307, 0.046656771784219536, 0.0, 0.0, 0.0, 0.9767760420963618], [0.0016929856900676852, 0.05123713519335944, 0.002213821077414941, 0.01371212557987175, 0.002213821077414941, 0.0, 0.01371212557987175, 0.0018406392096169378, 0.00874513093630283, 0.0, 1.0, 0.0, 0.0, 0.0, 0.0, 0.07927847983500094, 0.47245792013265436, 0.1304224545175042, 0.07927847983500094, 0.014283683449454505, 0.0016929856900676852, 0.0, 0.47245792013265436, 0.41873908082133543, 0.0, 0.00968465947178595, 0.07339032950355628, 0.0, 0.05123713519335944, 0.0, 0.002426592061476372, 0.0013123903586445263, 0.8754792576861761, 0.0, 0.0, 0.0, 0.0, 0.002426592061476372, 0.0029292309848162747, 0.6408301523456325, 0.0029292309848162747, 0.09669471260026452, 0.0, 0.0, 0.09669471260026452, 0.1304224545175042, 0.6408301523456325, 0.0, 0.002617097976525027, 0.8754792576861761, 0.014283683449454505, 0.00874513093630283, 0.0, 0.002617097976525027, 0.00968465947178595, 0.0018406392096169378, 1.0, 0.07339032950355628, 0.41873908082133543, 0.0013123903586445263], [0.0, 0.0, 0.0011028334694783437, 0.0, 0.0011028334694783437, 0.024817445929185607, 0.0, 0.0016076680958021033, 0.0, 0.0, 0.0, 1.0, 0.4724579303406699, 0.014997279254984019, 0.0, 0.0, 0.0, 0.0, 0.0, 0.0, 0.0, 0.0, 0.0, 0.0, 1.0, 0.0010435071330483834, 0.0, 0.024817445929185607, 0.0, 0.06061424097948228, 0.0, 0.0, 0.0, 0.07730476672128883, 0.0, 0.014997279254984019, 0.07730476672128883, 0.0, 0.0, 0.0, 0.0, 0.0, 0.4724579303406699, 0.0, 0.0, 0.0, 0.0, 0.06061424097948228, 0.0, 0.0, 0.0, 0.0, 0.0, 0.0, 0.0010435071330483834, 0.0016076680958021033, 0.0, 0.0, 0.0, 0.0], [0.0, 0.0, 0.0, 0.0, 0.0, 0.010495814947309837, 0.0, 0.0, 0.0, 0.0, 0.0, 0.4724579303406699, 1.0, 0.022834682252286503, 0.0, 0.0, 0.0, 0.0, 0.0, 0.0, 0.0, 0.0, 0.0, 0.0, 0.4724579303406699, 0.0, 0.0, 0.010495814947309837, 0.0, 0.007134527576965876, 0.0, 0.0, 0.0, 0.472457940687313, 0.0, 0.022834682252286503, 0.472457940687313, 0.0, 0.0, 0.0, 0.0, 0.0, 1.0, 0.0, 0.0, 0.0, 0.0, 0.007134527576965876, 0.0, 0.0, 0.0, 0.0, 0.0, 0.0, 0.0, 0.0, 0.0, 0.0, 0.0, 0.0], [0.0, 0.014890623816839248, 0.0, 0.016166892593856334, 0.0, 0.47245789483088774, 0.016166892593856334, 0.0, 0.006585034272195935, 0.0, 0.0, 0.014997279254984019, 0.022834682252286503, 1.0, 0.0022181761717914557, 0.032389627648645655, 0.004180924516421972, 0.02934609786538371, 0.032389627648645655, 0.011203434606220683, 0.0, 0.0, 0.004180924516421972, 0.01510831317491412, 0.014997279254984019, 0.016585486411938938, 0.04278588335329015, 0.47245789483088774, 0.014890623816839248, 0.07730474885040638, 0.0, 0.0, 0.0, 0.06022132350511326, 0.0022181761717914557, 1.0, 0.06022132350511326, 0.0, 0.0, 0.0, 0.0, 0.034351427970716435, 0.022834682252286503, 0.0, 0.034351427970716435, 0.02934609786538371, 0.0, 0.07730474885040638, 0.0, 0.0, 0.011203434606220683, 0.006585034272195935, 0.0, 0.0, 0.016585486411938938, 0.0, 0.0, 0.04278588335329015, 0.01510831317491412, 0.0], [0.013402629141386325, 0.08183694499481932, 0.45556786321275766, 0.4546282822555327, 0.45556786321275766, 0.008049807963073766, 0.4546282822555327, 0.5698630220145717, 0.47245794053591006, 0.0022353536571320448, 0.0, 0.0, 0.0, 0.0022181761717914557, 1.0, 0.05300972959468837, 0.0026340031733649858, 0.004061509774191773, 0.05300972959468837, 0.3975344924613403, 0.013402629141386325, 0.0, 0.0026340031733649858, 0.0028941247114904456, 0.0, 0.5727478926540849, 0.07730477005763081, 0.008049807963073766, 0.08183694499481932, 0.043064944318362226, 0.062023671423245254, 0.0045253308244403165, 0.0, 0.0, 1.0, 0.0022181761717914557, 0.0, 0.062023671423245254, 0.1866980900976523, 0.0, 0.1866980900976523, 0.03015071736871576, 0.0, 0.0, 0.03015071736871576, 0.004061509774191773, 0.0, 0.043064944318362226, 0.10064032801516877, 0.0, 0.3975344924613403, 0.47245794053591006, 0.0022353536571320448, 0.10064032801516877, 0.5727478926540849, 0.5698630220145717, 0.0, 0.07730477005763081, 0.0028941247114904456, 0.0045253308244403165], [0.0, 0.9242127305010592, 0.01915796996320912, 0.5034383687006753, 0.01915796996320912, 0.00762443620124456, 0.5034383687006753, 0.023854723811350714, 0.4147661716787683, 0.0, 0.07927847983500094, 0.0, 0.0, 0.032389627648645655, 0.05300972959468837, 1.0, 0.4519618919057243, 0.6602035925942367, 1.0, 0.5343886685104705, 0.0, 0.0, 0.4519618919057243, 0.46443194293977313, 0.0, 0.39057227661346944, 0.9768192746858246, 0.00762443620124456, 0.9242127305010592, 0.0026379780645774337, 0.002773652365210136, 0.0, 0.1282545713924267, 0.0, 0.05300972959468837, 0.032389627648645655, 0.0, 0.002773652365210136, 0.007768785175556395, 0.007780124540465737, 0.007768785175556395, 0.9743441572980021, 0.0, 0.0, 0.9743441572980021, 0.6602035925942367, 0.007780124540465737, 0.0026379780645774337, 0.004479958631566473, 0.1282545713924267, 0.5343886685104705, 0.4147661716787683, 0.0, 0.004479958631566473, 0.39057227661346944, 0.023854723811350714, 0.07927847983500094, 0.9768192746858246, 0.46443194293977313, 0.0], [0.0, 0.3367639243244793, 0.0025693075251554992, 0.07778676706907646, 0.0025693075251554992, 0.0, 0.07778676706907646, 0.0026652111986294074, 0.05739458577834885, 0.0, 0.47245792013265436, 0.0, 0.0, 0.004180924516421972, 0.0026340031733649858, 0.4519618919057243, 1.0, 0.6882026271158654, 0.4519618919057243, 0.08801147538220647, 0.0, 0.0, 1.0, 0.8850353020378083, 0.0, 0.05110321882778645, 0.38669330283319553, 0.0, 0.3367639243244793, 0.0, 0.0, 0.0, 0.6408301292855921, 0.0, 0.0026340031733649858, 0.004180924516421972, 0.0, 0.0, 0.0017254237617566103, 0.10470472570522299, 0.0017254237617566103, 0.5417093856047464, 0.0, 0.0, 0.5417093856047464, 0.6882026271158654, 0.10470472570522299, 0.0, 0.0013123892955200708, 0.6408301292855921, 0.08801147538220647, 0.05739458577834885, 0.0, 0.0013123892955200708, 0.05110321882778645, 0.0026652111986294074, 0.47245792013265436, 0.38669330283319553, 0.8850353020378083, 0.0], [0.0, 0.4724579406873124, 0.0014455140478509927, 0.1160192425855518, 0.0014455140478509927, 0.0024863013998272453, 0.1160192425855518, 0.0018079378996434172, 0.0820770382402105, 0.0, 0.1304224545175042, 0.0, 0.0, 0.02934609786538371, 0.004061509774191773, 0.6602035925942367, 0.6882026271158654, 1.0, 0.6602035925942367, 0.12722100100568515, 0.0, 0.0, 0.6882026271158654, 0.7550865131557399, 0.0, 0.07730476338494678, 0.572747869587452, 0.0024863013998272453, 0.4724579406873124, 0.0, 0.0, 0.0, 0.1963746958771127, 0.0010435071258397468, 0.004061509774191773, 0.02934609786538371, 0.0010435071258397468, 0.0, 0.0, 0.012870095980112035, 0.0, 0.7918013487054917, 0.0, 0.0, 0.7918013487054917, 1.0, 0.012870095980112035, 0.0, 0.0, 0.1963746958771127, 0.12722100100568515, 0.0820770382402105, 0.0, 0.0, 0.07730476338494678, 0.0018079378996434172, 0.1304224545175042, 0.572747869587452, 0.7550865131557399, 0.0], [0.0, 0.9242127305010592, 0.01915796996320912, 0.5034383687006753, 0.01915796996320912, 0.00762443620124456, 0.5034383687006753, 0.023854723811350714, 0.4147661716787683, 0.0, 0.07927847983500094, 0.0, 0.0, 0.032389627648645655, 0.05300972959468837, 1.0, 0.4519618919057243, 0.6602035925942367, 1.0, 0.5343886685104705, 0.0, 0.0, 0.4519618919057243, 0.46443194293977313, 0.0, 0.39057227661346944, 0.9768192746858246, 0.00762443620124456, 0.9242127305010592, 0.0026379780645774337, 0.002773652365210136, 0.0, 0.1282545713924267, 0.0, 0.05300972959468837, 0.032389627648645655, 0.0, 0.002773652365210136, 0.007768785175556395, 0.007780124540465737, 0.007768785175556395, 0.9743441572980021, 0.0, 0.0, 0.9743441572980021, 0.6602035925942367, 0.007780124540465737, 0.0026379780645774337, 0.004479958631566473, 0.1282545713924267, 0.5343886685104705, 0.4147661716787683, 0.0, 0.004479958631566473, 0.39057227661346944, 0.023854723811350714, 0.07927847983500094, 0.9768192746858246, 0.46443194293977313, 0.0], [0.005093201275862486, 0.6779079232130527, 0.14940437383758987, 0.978649787893426, 0.14940437383758987, 0.00916015647504861, 0.978649787893426, 0.1842198563344602, 0.9748036855983297, 0.0, 0.014283683449454505, 0.0, 0.0, 0.011203434606220683, 0.3975344924613403, 0.5343886685104705, 0.08801147538220647, 0.12722100100568515, 0.5343886685104705, 1.0, 0.005093201275862486, 0.0, 0.08801147538220647, 0.08284060907704181, 0.0, 0.9141249925950359, 0.603129010051305, 0.00916015647504861, 0.6779079232130527, 0.011082937307080189, 0.02387403067695483, 0.001468259644852635, 0.025249562655957652, 0.0, 0.3975344924613403, 0.011203434606220683, 0.0, 0.02387403067695483, 0.060448118262993636, 0.001417146575420596, 0.060448118262993636, 0.40338948666683183, 0.0, 0.0, 0.40338948666683183, 0.12722100100568515, 0.001417146575420596, 0.011082937307080189, 0.0381852800206526, 0.025249562655957652, 1.0, 0.9748036855983297, 0.0, 0.0381852800206526, 0.9141249925950359, 0.1842198563344602, 0.014283683449454505, 0.603129010051305, 0.08284060907704181, 0.001468259644852635], [1.0, 0.0, 0.21006448562777524, 0.00555924750573509, 0.21006448562777524, 0.0, 0.00555924750573509, 0.13997598961138405, 0.006221179794130584, 0.7849430079768721, 0.0016929856900676852, 0.0, 0.0, 0.0, 0.013402629141386325, 0.0, 0.0, 0.0, 0.0, 0.005093201275862486, 1.0, 0.47245787955872837, 0.0, 0.0, 0.0, 0.007101637361097952, 0.0, 0.0, 0.0, 0.0, 0.8432254366318973, 0.8464974219894665, 0.0015692489232087344, 0.0, 0.013402629141386325, 0.0, 0.0, 0.8432254366318973, 0.4724579609692449, 0.002660295610968866, 0.4724579609692449, 0.0, 0.0, 0.47245787955872837, 0.0, 0.0, 0.002660295610968866, 0.0, 0.7288562681579409, 0.0015692489232087344, 0.005093201275862486, 0.006221179794130584, 0.7849430079768721, 0.7288562681579409, 0.007101637361097952, 0.13997598961138405, 0.0016929856900676852, 0.0, 0.0, 0.8464974219894665], [0.47245787955872837, 0.0, 0.017444734040263806, 0.0, 0.017444734040263806, 0.0, 0.0, 0.009316995626847902, 0.0, 0.8432253979828955, 0.0, 0.0, 0.0, 0.0, 0.0, 0.0, 0.0, 0.0, 0.0, 0.0, 0.47245787955872837, 1.0, 0.0, 0.0, 0.0, 0.0, 0.0, 0.0, 0.0, 0.0, 0.20219736427814208, 0.7288561796826611, 0.0, 0.0, 0.0, 0.0, 0.0, 0.20219736427814208, 0.07730475674031093, 0.0015692498382482065, 0.07730475674031093, 0.0, 0.0, 1.0, 0.0, 0.0, 0.0015692498382482065, 0.0, 0.14008265112852308, 0.0, 0.0, 0.0, 0.8432253979828955, 0.14008265112852308, 0.0, 0.009316995626847902, 0.0, 0.0, 0.0, 0.7288561796826611], [0.0, 0.3367639243244793, 0.0025693075251554992, 0.07778676706907646, 0.0025693075251554992, 0.0, 0.07778676706907646, 0.0026652111986294074, 0.05739458577834885, 0.0, 0.47245792013265436, 0.0, 0.0, 0.004180924516421972, 0.0026340031733649858, 0.4519618919057243, 1.0, 0.6882026271158654, 0.4519618919057243, 0.08801147538220647, 0.0, 0.0, 1.0, 0.8850353020378083, 0.0, 0.05110321882778645, 0.38669330283319553, 0.0, 0.3367639243244793, 0.0, 0.0, 0.0, 0.6408301292855921, 0.0, 0.0026340031733649858, 0.004180924516421972, 0.0, 0.0, 0.0017254237617566103, 0.10470472570522299, 0.0017254237617566103, 0.5417093856047464, 0.0, 0.0, 0.5417093856047464, 0.6882026271158654, 0.10470472570522299, 0.0, 0.0013123892955200708, 0.6408301292855921, 0.08801147538220647, 0.05739458577834885, 0.0, 0.0013123892955200708, 0.05110321882778645, 0.0026652111986294074, 0.47245792013265436, 0.38669330283319553, 0.8850353020378083, 0.0], [0.0, 0.2982541601490874, 0.002559217221384669, 0.0802063310461648, 0.002559217221384669, 0.0, 0.0802063310461648, 0.0028160775982160728, 0.050904049296957715, 0.0, 0.41873908082133543, 0.0, 0.0, 0.01510831317491412, 0.0028941247114904456, 0.46443194293977313, 0.8850353020378083, 0.7550865131557399, 0.46443194293977313, 0.08284060907704181, 0.0, 0.0, 0.8850353020378083, 1.0, 0.0, 0.056069764609637314, 0.42488118048854356, 0.0, 0.2982541601490874, 0.0, 0.0, 0.0, 0.47245793047929807, 0.0027349577387009586, 0.0028941247114904456, 0.01510831317491412, 0.0027349577387009586, 0.0, 0.0015692493389349385, 0.07730476671292735, 0.0015692493389349385, 0.5663686143738937, 0.0, 0.0, 0.5663686143738937, 0.7550865131557399, 0.07730476671292735, 0.0, 0.0, 0.47245793047929807, 0.08284060907704181, 0.050904049296957715, 0.0, 0.0, 0.056069764609637314, 0.0028160775982160728, 0.41873908082133543, 0.42488118048854356, 1.0, 0.0], [0.0, 0.0, 0.0011028334694783437, 0.0, 0.0011028334694783437, 0.024817445929185607, 0.0, 0.0016076680958021033, 0.0, 0.0, 0.0, 1.0, 0.4724579303406699, 0.014997279254984019, 0.0, 0.0, 0.0, 0.0, 0.0, 0.0, 0.0, 0.0, 0.0, 0.0, 1.0, 0.0010435071330483834, 0.0, 0.024817445929185607, 0.0, 0.06061424097948228, 0.0, 0.0, 0.0, 0.07730476672128883, 0.0, 0.014997279254984019, 0.07730476672128883, 0.0, 0.0, 0.0, 0.0, 0.0, 0.4724579303406699, 0.0, 0.0, 0.0, 0.0, 0.06061424097948228, 0.0, 0.0, 0.0, 0.0, 0.0, 0.0, 0.0010435071330483834, 0.0016076680958021033, 0.0, 0.0, 0.0, 0.0], [0.007101637361097952, 0.4724579201454307, 0.24106863421324942, 0.9723643761313653, 0.24106863421324942, 0.01821287444763311, 0.9723643761313653, 0.30151002359123946, 0.8947544292613095, 0.001182861251256307, 0.00968465947178595, 0.0010435071330483834, 0.0, 0.016585486411938938, 0.5727478926540849, 0.39057227661346944, 0.05110321882778645, 0.07730476338494678, 0.39057227661346944, 0.9141249925950359, 0.007101637361097952, 0.0, 0.05110321882778645, 0.056069764609637314, 0.0010435071330483834, 1.0, 0.48267181247455965, 0.01821287444763311, 0.4724579201454307, 0.02953761975459265, 0.03286860781696734, 0.002394316889542756, 0.01458201241068399, 0.0, 0.5727478926540849, 0.016585486411938938, 0.0, 0.03286860781696734, 0.09878073288869114, 0.0, 0.09878073288869114, 0.28163410746443285, 0.0, 0.0, 0.28163410746443285, 0.07730476338494678, 0.0, 0.02953761975459265, 0.05332605618988038, 0.01458201241068399, 0.9141249925950359, 0.8947544292613095, 0.001182861251256307, 0.05332605618988038, 1.0, 0.30151002359123946, 0.00968465947178595, 0.48267181247455965, 0.056069764609637314, 0.002394316889542756], [0.0, 0.8921370805002046, 0.029779483026166315, 0.59134320854141, 0.02977948