{"co_parameters": [[[-0.7071055173873901, -0.0018562952755019069, 0.7071055173873901, 0.07285133242607117], [-0.001312598935328424, 0.9999982714653015, 0.001312598935328424, -0.16967410549544729], [-0.7071067690849304, 0.0, -0.7071067690849304, 0.17404142558574676], [0.0, 0.0, 0.0, 1.0]], [[-9.705877942853365e-24, 1.0, 4.371138828673793e-08, -0.1480369415283203], [2.220446049250313e-16, 4.371138828673793e-08, -1.0, -0.10085234832763676], [-0.9999999403953552, 2.719261971675979e-32, -2.220445916901415e-16, 0.22878391778469087], [0.0, 0.0, 0.0, 1.0]], [[-0.7071055173873901, 0.0018562385812401772, -0.7071055173873901, 0.22158116030693054], [-0.0013125588884577155, -0.9999982714653015, -0.0013125588884577155, 0.1716424617932644], [-0.7071067690849304, 0.0, 0.7071067690849304, 0.18013892543315888], [0.0, 0.0, 0.0, 1.0]], [[-0.0013125897385179996, -0.9999982714653015, -0.0013125897385179996, -0.14728215454425664], [0.7071055173873901, -0.0018562822369858623, 0.7071055173873901, -0.08394252657890319], [-0.7071067690849304, -8.659560603426554e-17, 0.7071067690849304, 0.20880775249004363], [0.0, 0.0, 0.0, 1.0]], [[0.7071055173873901, -0.0018562952755019069, 0.7071055173873901, -0.10151719737052918], [0.001312598935328424, 0.9999982714653015, 0.001312598935328424, -0.1699977847633418], [-0.7071067690849304, 0.0, 0.7071067690849304, 0.1751997050046921], [0.0, 0.0, 0.0, 1.0]], [[0.7071067094802856, 0.0, -0.7071067094802856, -0.3234996292591095], [-0.7071067690849304, -4.371138828673793e-08, -0.7071067690849304, 0.16681373012065887], [-3.0908619663705394e-08, 1.0, -3.0908619663705394e-08, -0.009115441789907216], [0.0, 0.0, 0.0, 1.0]], [[-2.2204422111322708e-16, 0.0018562385812401772, -0.9999982714653015, 0.06595432281494144], [-4.1216776241807577e-19, -0.9999982714653015, -0.0018562385812401772, 0.17135357666015624], [-1.0, 0.0, 2.220446049250313e-16, 0.23163483428955078], [0.0, 0.0, 0.0, 1.0]], [[0.7071055173873901, 0.0018562952755019069, -0.7071055173873901, -0.10151719737052918], [0.001312598935328424, -0.9999982714653015, -0.001312598935328424, -0.1699977847633418], [-0.7071067690849304, 8.659560603426554e-17, -0.7071067690849304, 0.1751997050046921], [0.0, 0.0, 0.0, 1.0]], [[0.7071055173873901, -0.0018562385812401772, 0.7071055173873901, -0.04711893343925476], [0.0013125588884577155, 0.9999982714653015, 0.0013125588884577155, 0.17114368627802468], [-0.7071067690849304, -8.659560603426554e-17, 0.7071067690849304, 0.18013892543315888], [0.0, 0.0, 0.0, 1.0]], [[-0.0013125897385179996, 0.9999982714653015, 0.0013125897385179996, -0.14728215454425664], [0.7071055173873901, 0.0018562822369858623, -0.7071055173873901, -0.08394252657890319], [-0.7071067690849304, 0.0, -0.7071067690849304, 0.20880775249004363], [0.0, 0.0, 0.0, 1.0]], [[-9.705877942853365e-24, -1.0, -4.371138828673793e-08, -0.1480369415283203], [2.220446049250313e-16, -4.371138828673793e-08, 1.0, -0.10085234832763676], [-0.9999999403953552, 0.0, 2.220445916901415e-16, 0.22878391778469087], [0.0, 0.0, 0.0, 1.0]], [[1.0, 0.0, 0.0, -0.37914935302734376], [0.0, -1.2246468525851679e-16, 1.0, 0.032463443756103515], [0.0, -1.0, -1.2246468525851679e-16, -0.009115447998046875], [0.0, 0.0, 0.0, 1.0]], [[-0.0013125897385179996, 0.9999982714653015, 0.0013125897385179996, -0.14708617065753787], [0.7071055173873901, 0.0018562822369858623, -0.7071055173873901, -0.18951741671562194], [-0.7071067690849304, 0.0, -0.7071067690849304, 0.20912031352519989], [0.0, 0.0, 0.0, 1.0]], [[4.121774559408791e-19, -0.9999982714653015, -0.0018562822369858623, -0.1475315399169922], [-2.2204422111322708e-16, -0.0018562822369858623, 0.9999982714653015, 0.05040752029418949], [-1.0, 2.7192622655495665e-32, -2.220446049250313e-16, 0.26445746612548826], [0.0, 0.0, 0.0, 1.0]], [[-0.7071055173873901, -0.0018562385812401772, 0.7071055173873901, 0.22158116030693054], [-0.0013125588884577155, 0.9999982714653015, 0.0013125588884577155, 0.1716424617932644], [-0.7071067690849304, 8.659560603426554e-17, -0.7071067690849304, 0.18013892543315888], [0.0, 0.0, 0.0, 1.0]], [[-9.705877942853365e-24, -1.0, -4.371138828673793e-08, -0.14805780029296875], [2.220446049250313e-16, -4.371138828673793e-08, 1.0, -0.07836782836914066], [-0.9999999403953552, 0.0, 2.220445916901415e-16, 0.23256013238430023], [0.0, 0.0, 0.0, 1.0]], [[-0.7071055173873901, -0.0018562385812401772, 0.7071055173873901, 0.27983768343925475], [-0.0013125588884577155, 0.9999982714653015, 0.0013125588884577155, 0.17175060083135033], [-0.7071067690849304, 8.659560603426554e-17, -0.7071067690849304, 0.17606640422344208], [0.0, 0.0, 0.0, 1.0]], [[4.121774559408791e-19, 0.9999982714653015, 0.0018562822369858623, -0.1475315399169922], [-2.2204422111322708e-16, 0.0018562822369858623, -0.9999982714653015, 0.05040752029418949], [-1.0, 0.0, 2.220446049250313e-16, 0.26445746612548826], [0.0, 0.0, 0.0, 1.0]], [[-2.2204422111322708e-16, -0.0018562385812401772, 0.9999982714653015, 0.14548762512207034], [-4.1216776241807577e-19, 0.9999982714653015, 0.0018562385812401772, 0.171501220703125], [-1.0, 2.7192622655495665e-32, -2.220446049250313e-16, 0.23171611785888674], [0.0, 0.0, 0.0, 1.0]], [[2.2204422111322708e-16, -0.0018562952755019069, 0.9999982714653015, 0.03283285140991207], [4.1218035107302306e-19, 0.9999982714653015, 0.0018562952755019069, -0.16974839782714843], [-1.0, 0.0, 2.220446049250313e-16, 0.23084941864013672], [0.0, 0.0, 0.0, 1.0]], [[2.2204422111322708e-16, 0.0018562952755019069, -0.9999982714653015, -0.061498718261718786], [4.1218035107302306e-19, -0.9999982714653015, -0.0018562952755019069, -0.1699235076904297], [-1.0, 2.7192622655495665e-32, -2.220446049250313e-16, 0.22969113922119141], [0.0, 0.0, 0.0, 1.0]], [[0.7071067094802856, 0.0, 0.7071067094802856, -0.3234996292591095], [0.7071067690849304, -4.371138828673793e-08, -0.7071067690849304, -0.10188684070110321], [3.0908619663705394e-08, 1.0, -3.0908619663705394e-08, -0.009115453252512217], [0.0, 0.0, 0.0, 1.0]], [[-0.7071055173873901, 0.0018562952755019069, -0.7071055173873901, 0.07285133242607117], [-0.001312598935328424, -0.9999982714653015, -0.001312598935328424, -0.16967410549544729], [-0.7071067690849304, -8.659560603426554e-17, 0.7071067690849304, 0.17404142558574676], [0.0, 0.0, 0.0, 1.0]], [[-0.7071055173873901, -0.0018562385812401772, 0.7071055173873901, 0.20030436587333678], [-0.0013125588884577155, 0.9999982714653015, 0.0013125588884577155, 0.17160295678838158], [-0.7071067690849304, 8.659560603426554e-17, -0.7071067690849304, 0.17598511683940887], [0.0, 0.0, 0.0, 1.0]], [[0.7071055173873901, 0.0018562385812401772, -0.7071055173873901, -0.04711893343925476], [0.0013125588884577155, -0.9999982714653015, -0.0013125588884577155, 0.17114368627802468], [-0.7071067690849304, 0.0, -0.7071067690849304, 0.18013892543315888], [0.0, 0.0, 0.0, 1.0]], [[0.7071055173873901, -0.0018562385812401772, 0.7071055173873901, 0.011137582063674933], [0.0013125588884577155, 0.9999982714653015, 0.0013125588884577155, 0.1712518253161106], [-0.7071067690849304, -8.659560603426554e-17, 0.7071067690849304, 0.17606640422344208], [0.0, 0.0, 0.0, 1.0]], [[-0.7071055173873901, 0.0018562385812401772, -0.7071055173873901, 0.27983768343925475], [-0.0013125588884577155, -0.9999982714653015, -0.0013125588884577155, 0.17175060083135033], [-0.7071067690849304, 0.0, 0.7071067690849304, 0.17606640422344208], [0.0, 0.0, 0.0, 1.0]], [[0.7071055173873901, 0.0018562385812401772, -0.7071055173873901, 0.011137582063674933], [0.0013125588884577155, -0.9999982714653015, -0.0013125588884577155, 0.1712518253161106], [-0.7071067690849304, 0.0, -0.7071067690849304, 0.17606640422344208], [0.0, 0.0, 0.0, 1.0]], [[-0.0013125897385179996, -0.9999982714653015, -0.0013125897385179996, -0.14708617065753787], [0.7071055173873901, -0.0018562822369858623, 0.7071055173873901, -0.18951741671562194], [-0.7071067690849304, -8.659560603426554e-17, 0.7071067690849304, 0.20912031352519989], [0.0, 0.0, 0.0, 1.0]], [[0.7071067094802856, 8.659559941682064e-17, -0.7071067094802856, -0.3234996292591095], [0.7071067690849304, 4.371138828673793e-08, 0.7071067690849304, -0.10188684070110321], [3.0908619663705394e-08, -1.0, 3.0908619663705394e-08, -0.009115453252512217], [0.0, 0.0, 0.0, 1.0]], [[0.7071055173873901, 0.0018562385812401772, -0.7071055173873901, -0.0683957278728485], [0.0013125588884577155, -0.9999982714653015, -0.0013125588884577155, 0.17110418127314186], [-0.7071067690849304, 0.0, -0.7071067690849304, 0.17598511683940887], [0.0, 0.0, 0.0, 1.0]], [[-2.2204422111322708e-16, 0.0018562385812401772, -0.9999982714653015, 0.08723110961914067], [-4.1216776241807577e-19, -0.9999982714653015, -0.0018562385812401772, 0.17139306640625002], [-1.0, 0.0, 2.220446049250313e-16, 0.23578863525390625], [0.0, 0.0, 0.0, 1.0]], [[-0.7071055173873901, 0.0018562385812401772, -0.7071055173873901, 0.20030436587333678], [-0.0013125588884577155, -0.9999982714653015, -0.0013125588884577155, 0.17160295678838158], [-0.7071067690849304, 0.0, 0.7071067690849304, 0.17598511683940887], [0.0, 0.0, 0.0, 1.0]], [[-2.9466043997672386e-05, 0.9999869465827942, 0.0051131462678313255, -0.1473350023692001], [-1.506661533312581e-07, 0.0051131462678313255, -0.9999869465827942, 0.03198553930037985], [-1.0, -2.9466427804436535e-05, -2.2204820481505714e-16, 0.25138169860839843], [0.0, 0.0, 0.0, 1.0]], [[-0.7071055173873901, -0.0018562952755019069, 0.7071055173873901, 0.16718289828300475], [-0.001312598935328424, 0.9999982714653015, 0.001312598935328424, -0.16949899563216603], [-0.7071067690849304, 0.0, -0.7071067690849304, 0.1751997050046921], [0.0, 0.0, 0.0, 1.0]], [[2.2204422111322708e-16, -0.0018562952755019069, 0.9999982714653015, -0.061498718261718786], [4.1218035107302306e-19, 0.9999982714653015, 0.0018562952755019069, -0.1699235076904297], [-1.0, 0.0, 2.220446049250313e-16, 0.22969113922119141], [0.0, 0.0, 0.0, 1.0]], [[0.0013125897385179996, 0.9999982714653015, -0.0013125897385179996, -0.1476522021451965], [-0.7071055173873901, 0.0018562822369858623, 0.7071055173873901, 0.11540089869499207], [0.7071067690849304, 0.0, 0.7071067690849304, -0.20207645213603975], [0.0, 0.0, 0.0, 1.0]], [[1.0, 0.0, 0.0, -0.37914935302734376], [0.0, 0.0, -1.0, 0.032463443756103515], [0.0, 1.0, 0.0, -0.009115447998046875], [0.0, 0.0, 0.0, 1.0]], [[0.7071067094802856, -8.659559941682064e-17, 0.7071067094802856, -0.3234996292591095], [-0.7071067690849304, 4.371138828673793e-08, 0.7071067690849304, 0.16681373012065887], [-3.0908619663705394e-08, -1.0, 3.0908619663705394e-08, -0.009115441789907216], [0.0, 0.0, 0.0, 1.0]], [[-2.2204422111322708e-16, -0.0018562385812401772, 0.9999982714653015, 0.06595432281494144], [-4.1216776241807577e-19, 0.9999982714653015, 0.0018562385812401772, 0.17135357666015624], [-1.0, 2.7192622655495665e-32, -2.220446049250313e-16, 0.23163483428955078], [0.0, 0.0, 0.0, 1.0]], [[-0.7071055173873901, 0.0018562952755019069, -0.7071055173873901, 0.16718289828300475], [-0.001312598935328424, -0.9999982714653015, -0.001312598935328424, -0.16949899563216603], [-0.7071067690849304, -8.659560603426554e-17, 0.7071067690849304, 0.1751997050046921], [0.0, 0.0, 0.0, 1.0]], [[2.2204422111322708e-16, 0.0018562952755019069, -0.9999982714653015, 0.03283285140991207], [4.1218035107302306e-19, -0.9999982714653015, -0.0018562952755019069, -0.16974839782714843], [-1.0, 2.7192622655495665e-32, -2.220446049250313e-16, 0.23084941864013672], [0.0, 0.0, 0.0, 1.0]], [[-9.705877942853365e-24, -1.0, -4.371138828673793e-08, -0.14816653442382813], [2.220446049250313e-16, -4.371138828673793e-08, 1.0, 0.03878694534301754], [-0.9999999403953552, 0.0, 2.220445916901415e-16, 0.23176845300197602], [0.0, 0.0, 0.0, 1.0]], [[-0.0013125897385179996, 0.9999982714653015, -0.0013125897385179996, -0.1471534161409363], [0.7071055173873901, 0.0018562822369858623, 0.7071055173873901, -0.15329919695854188], [0.7071067690849304, 0.0, -0.7071067690849304, -0.20207645213603975], [0.0, 0.0, 0.0, 1.0]], [[-4.121774559408791e-19, 0.9999982714653015, -0.0018562822369858623, -0.14740280151367188], [2.2204422111322708e-16, 0.0018562822369858623, 0.9999982714653015, -0.018949150085449257], [1.0, 0.0, -2.220446049250313e-16, -0.2577261657714844], [0.0, 0.0, 0.0, 1.0]], [[-2.9466043997672386e-05, -0.9999869465827942, -0.0051131462678313255, -0.1473350023692001], [-1.506661533312581e-07, -0.0051131462678313255, 0.9999869465827942, 0.03198553930037985], [-1.0, 2.9466427804436535e-05, 2.220446049250313e-16, 0.25138169860839843], [0.0, 0.0, 0.0, 1.0]], [[0.0013125897385179996, -0.9999982714653015, -0.0013125897385179996, -0.14758495666179808], [-0.7071055173873901, -0.0018562822369858623, 0.7071055173873901, 0.07918268084526062], [-0.7071067690849304, 8.659560603426554e-17, -0.7071067690849304, 0.20912031352519989], [0.0, 0.0, 0.0, 1.0]], [[0.0013125897385179996, -0.9999982714653015, -0.0013125897385179996, -0.14778094054851681], [-0.7071055173873901, -0.0018562822369858623, 0.7071055173873901, 0.1847575671672821], [-0.7071067690849304, 8.659560603426554e-17, -0.7071067690849304, 0.20880775249004363], [0.0, 0.0, 0.0, 1.0]], [[-9.705877942853365e-24, 1.0, 4.371138828673793e-08, -0.14816653442382813], [2.220446049250313e-16, 4.371138828673793e-08, -1.0, 0.03878694534301754], [-0.9999999403953552, 2.719261971675979e-32, -2.220445916901415e-16, 0.23176845300197602], [0.0, 0.0, 0.0, 1.0]], [[-2.2204422111322708e-16, -0.0018562385812401772, 0.9999982714653015, 0.08723110961914067], [-4.1216776241807577e-19, 0.9999982714653015, 0.0018562385812401772, 0.17139306640625002], [-1.0, 2.7192622655495665e-32, -2.220446049250313e-16, 0.23578863525390625], [0.0, 0.0, 0.0, 1.0]], [[-4.121774559408791e-19, -0.9999982714653015, 0.0018562822369858623, -0.14740280151367188], [2.2204422111322708e-16, -0.0018562822369858623, -0.9999982714653015, -0.018949150085449257], [1.0, -2.7192622655495665e-32, 2.220446049250313e-16, -0.2577261657714844], [0.0, 0.0, 0.0, 1.0]], [[0.0013125897385179996, 0.9999982714653015, 0.0013125897385179996, -0.14758495666179808], [-0.7071055173873901, 0.0018562822369858623, -0.7071055173873901, 0.07918268084526062], [-0.7071067690849304, 0.0, 0.7071067690849304, 0.20912031352519989], [0.0, 0.0, 0.0, 1.0]], [[4.121774559408791e-19, 0.9999982714653015, 0.0018562822369858623, -0.14733555603027343], [-2.2204422111322708e-16, 0.0018562822369858623, -0.9999982714653015, -0.05516736984252926], [-1.0, 0.0, 2.220446049250313e-16, 0.26477002716064457], [0.0, 0.0, 0.0, 1.0]], [[0.0013125897385179996, -0.9999982714653015, 0.0013125897385179996, -0.1476522021451965], [-0.7071055173873901, -0.0018562822369858623, -0.7071055173873901, 0.11540089869499207], [0.7071067690849304, 8.659560603426554e-17, -0.7071067690849304, -0.20207645213603975], [0.0, 0.0, 0.0, 1.0]], [[-2.2204422111322708e-16, 0.0018562385812401772, -0.9999982714653015, 0.14548762512207034], [-4.1216776241807577e-19, -0.9999982714653015, -0.0018562385812401772, 0.171501220703125], [-1.0, 0.0, 2.220446049250313e-16, 0.23171611785888674], [0.0, 0.0, 0.0, 1.0]], [[0.0013125897385179996, 0.9999982714653015, 0.0013125897385179996, -0.14778094054851681], [-0.7071055173873901, 0.0018562822369858623, -0.7071055173873901, 0.1847575671672821], [-0.7071067690849304, 0.0, 0.7071067690849304, 0.20880775249004363], [0.0, 0.0, 0.0, 1.0]], [[-0.0013125897385179996, -0.9999982714653015, 0.0013125897385179996, -0.1471534161409363], [0.7071055173873901, -0.0018562822369858623, -0.7071055173873901, -0.15329919695854188], [0.7071067690849304, -8.659560603426554e-17, 0.7071067690849304, -0.20207645213603975], [0.0, 0.0, 0.0, 1.0]], [[-9.705877942853365e-24, 1.0, 4.371138828673793e-08, -0.14805780029296875], [2.220446049250313e-16, 4.371138828673793e-08, -1.0, -0.07836782836914066], [-0.9999999403953552, 2.719261971675979e-32, -2.220445916901415e-16, 0.23256013238430023], [0.0, 0.0, 0.0, 1.0]], [[4.121774559408791e-19, -0.9999982714653015, -0.0018562822369858623, -0.14733555603027343], [-2.2204422111322708e-16, -0.0018562822369858623, 0.9999982714653015, -0.05516736984252926], [-1.0, 2.7192622655495665e-32, -2.220446049250313e-16, 0.26477002716064457], [0.0, 0.0, 0.0, 1.0]], [[0.7071055173873901, -0.0018562385812401772, 0.7071055173873901, -0.0683957278728485], [0.0013125588884577155, 0.9999982714653015, 0.0013125588884577155, 0.17110418127314186], [-0.7071067690849304, -8.659560603426554e-17, 0.7071067690849304, 0.17598511683940887], [0.0, 0.0, 0.0, 1.0]]], "foliation_name": "slide_1", "similarity_matrix": [[1.0, 0.05923514696543452, 0.0, 0.057794153427334446, 0.21864813555472387, 0.0, 0.002520690307959171, 0.21864813555472387, 0.0014599682550403695, 0.057794153427334446, 0.05923514696543452, 0.0, 0.08209817166527289, 0.00520060847501426, 0.0, 0.048407234134746124, 0.0, 0.00520060847501426, 0.0019301641444973974, 0.785502513939112, 0.3473770646027508, 0.0, 1.0, 0.0013123913276833828, 0.0014599682550403695, 0.002473406567698446, 0.0, 0.002473406567698446, 0.08209817166527289, 0.0, 0.0011090876279786046, 0.002436200580222089, 0.0013123913276833828, 0.008595576117865678, 0.6408301526747872, 0.3473770646027508, 0.0, 0.0, 0.0, 0.002520690307959171, 0.6408301526747872, 0.785502513939112, 0.008380347924659, 0.0, 0.0, 0.008595576117865678, 0.0037439304069216313, 0.0, 0.008380347924659, 0.002436200580222089, 0.0, 0.0037439304069216313, 0.030461646578762557, 0.0, 0.0019301641444973974, 0.0, 0.0, 0.048407234134746124, 0.030461646578762557, 0.0011090876279786046], [0.05923514696543452, 1.0, 0.0, 0.9663028856020041, 0.6121228435862531, 0.0, 0.002491618606095824, 0.6121228435862531, 0.013211982105970363, 0.9663028856020041, 1.0, 0.001679754234168253, 0.6620244550850304, 0.29890775439081924, 0.0, 0.9743441573215139, 0.0, 0.29890775439081924, 0.0, 0.15362500223664466, 0.5417093859368606, 0.01266115306560895, 0.05923514696543452, 0.0, 0.013211982105970363, 0.006049272090939172, 0.0, 0.006049272090939172, 0.6620244550850304, 0.01266115306560895, 0.015693015850270102, 0.0015401362283533337, 0.0, 0.40338943634844976, 0.004760708019985455, 0.5417093859368606, 0.0, 0.001679754234168253, 0.0, 0.002491618606095824, 0.004760708019985455, 0.15362500223664466, 0.3770404400978255, 0.0, 0.0, 0.40338943634844976, 0.19398515029699964, 0.016595780066934098, 0.3770404400978255, 0.0015401362283533337, 0.0, 0.19398515029699964, 0.8443987330313676, 0.0, 0.0, 0.016595780066934098, 0.0, 0.9743441573215139, 0.8443987330313676, 0.015693015850270102], [0.0, 0.0, 1.0, 0.0, 0.0, 0.0, 0.2609096156992437, 0.0, 0.02705186150888992, 0.0, 0.0, 0.0, 0.0, 0.0, 1.0, 0.0, 0.8432253981265688, 0.0, 0.6553914152857606, 0.0, 0.0, 0.0, 0.0, 0.976776042117645, 0.02705186150888992, 0.10913584561397265, 0.8432253981265688, 0.10913584561397265, 0.0, 0.0, 0.01491769809653242, 0.34737707203608914, 0.976776042117645, 0.0, 0.002559219245882276, 0.0, 0.0, 0.0, 0.0, 0.2609096156992437, 0.002559219245882276, 0.0, 0.0, 0.0, 0.0, 0.0, 0.0, 0.0010373213810454173, 0.0, 0.34737707203608914, 0.0, 0.0, 0.0, 0.0, 0.6553914152857606, 0.0010373213810454173, 0.0, 0.0, 0.0, 0.01491769809653242], [0.057794153427334446, 0.9663028856020041, 0.0, 1.0, 0.5877391916355573, 0.0, 0.00385513763351093, 0.5877391916355573, 0.02245644943858466, 1.0, 0.9663028856020041, 0.0032142428434332663, 0.5727478699789998, 0.34737708255172867, 0.0, 0.9706467065465163, 0.0, 0.34737708255172867, 0.0, 0.13338776077469183, 0.4679554664436019, 0.019384993919139153, 0.057794153427334446, 0.0, 0.02245644943858466, 0.010413540942395055, 0.0, 0.010413540942395055, 0.5727478699789998, 0.019384993919139153, 0.026850768232394896, 0.0023672289717992243, 0.0, 0.4664553355522063, 0.004668656245727675, 0.4679554664436019, 0.0, 0.0032142428434332663, 0.0, 0.00385513763351093, 0.004668656245727675, 0.13338776077469183, 0.45862382481006325, 0.0, 0.0, 0.4664553355522063, 0.2643447559282971, 0.027051861494737116, 0.45862382481006325, 0.0023672289717992243, 0.0, 0.2643447559282971, 0.820378521074472, 0.0, 0.0, 0.027051861494737116, 0.0, 0.9706467065465163, 0.820378521074472, 0.026850768232394896], [0.21864813555472387, 0.6121228435862531, 0.0, 0.5877391916355573, 1.0, 0.0, 0.0, 1.0, 0.002559218030581815, 0.5877391916355573, 0.6121228435862531, 0.0, 0.834929697719006, 0.05322972450657081, 0.0, 0.5002662796880474, 0.0, 0.05322972450657081, 0.0, 0.3473770736365643, 0.7956944453015754, 0.012346669620778123, 0.21864813555472387, 0.0, 0.002559218030581815, 0.0015692501895927095, 0.0, 0.0015692501895927095, 0.834929697719006, 0.012346669620778123, 0.002816078396663782, 0.0, 0.0, 0.08759673701049057, 0.027051860104097207, 0.7956944453015754, 0.0, 0.0, 0.0, 0.0, 0.027051860104097207, 0.3473770736365643, 0.08643501911816731, 0.0, 0.0, 0.08759673701049057, 0.03807537508203242, 0.0015709735728436968, 0.08643501911816731, 0.0, 0.0, 0.03807537508203242, 0.3117949746627669, 0.0, 0.0, 0.0015709735728436968, 0.0, 0.5002662796880474, 0.3117949746627669, 0.002816078396663782], [0.0, 0.0, 0.0, 0.0, 0.0, 1.0, 0.0, 0.0, 0.003656998098894131, 0.0, 0.0, 0.3473770254751514, 0.0, 0.0025596992322627766, 0.0, 0.0, 0.0, 0.0025596992322627766, 0.0, 0.0, 0.0, 0.027051851224156185, 0.0, 0.0, 0.003656998098894131, 0.0, 0.0, 0.0, 0.0, 0.027051851224156185, 0.006957526417825527, 0.0, 0.0, 0.002869639528418357, 0.0, 0.0, 0.029013982227113336, 0.3473770254751514, 1.0, 0.0, 0.0, 0.0, 0.005206329762689573, 0.0, 0.0017185718739632701, 0.002869639528418357, 0.013398655828383621, 0.01955590730926108, 0.005206329762689573, 0.0, 0.0017185718739632701, 0.013398655828383621, 0.0, 0.029013982227113336, 0.0, 0.01955590730926108, 0.0, 0.0, 0.0, 0.006957526417825527], [0.002520690307959171, 0.002491618606095824, 0.2609096156992437, 0.00385513763351093, 0.0, 0.0, 1.0, 0.0, 0.462147258118197, 0.00385513763351093, 0.002491618606095824, 0.0, 0.0, 0.04669704626768977, 0.2609096156992437, 0.004479959544634038, 0.08701236880382895, 0.04669704626768977, 0.7288562684064258, 0.002816077566269401, 0.0013123902107492614, 0.0, 0.002520690307959171, 0.3473770930260454, 0.462147258118197, 0.737391152120325, 0.08701236880382895, 0.737391152120325, 0.0, 0.0, 0.34737705728737495, 0.976776061127927, 0.3473770930260454, 0.038186003275581394, 0.0015328427915902376, 0.0013123902107492614, 0.0, 0.0, 0.0, 1.0, 0.0015328427915902376, 0.002816077566269401, 0.041958109325206765, 0.0, 0.0, 0.038186003275581394, 0.06521471936713508, 0.09835466803903886, 0.041958109325206765, 0.976776061127927, 0.0, 0.06521471936713508, 0.007483066322692707, 0.0, 0.7288562684064258, 0.09835466803903886, 0.0, 0.004479959544634038, 0.007483066322692707, 0.34737705728737495], [0.21864813555472387, 0.6121228435862531, 0.0, 0.5877391916355573, 1.0, 0.0, 0.0, 1.0, 0.002559218030581815, 0.5877391916355573, 0.6121228435862531, 0.0, 0.834929697719006, 0.05322972450657081, 0.0, 0.5002662796880474, 0.0, 0.05322972450657081, 0.0, 0.3473770736365643, 0.7956944453015754, 0.012346669620778123, 0.21864813555472387, 0.0, 0.002559218030581815, 0.0015692501895927095, 0.0, 0.0015692501895927095, 0.834929697719006, 0.012346669620778123, 0.002816078396663782, 0.0, 0.0, 0.08759673701049057, 0.027051860104097207, 0.7956944453015754, 0.0, 0.0, 0.0, 0.0, 0.027051860104097207, 0.3473770736365643, 0.08643501911816731, 0.0, 0.0, 0.08759673701049057, 0.03807537508203242, 0.0015709735728436968, 0.08643501911816731, 0.0, 0.0, 0.03807537508203242, 0.3117949746627669, 0.0, 0.0, 0.0015709735728436968, 0.0, 0.5002662796880474, 0.3117949746627669, 0.002816078396663782], [0.0014599682550403695, 0.013211982105970363, 0.02705186150888992, 0.02245644943858466, 0.002559218030581815, 0.003656998098894131, 0.462147258118197, 0.002559218030581815, 1.0, 0.02245644943858466, 0.013211982105970363, 0.0, 0.0, 0.2042365330389729, 0.02705186150888992, 0.023292317655467257, 0.004767757740162534, 0.2042365330389729, 0.13698538321998607, 0.0019139946816818959, 0.0026072700708030675, 0.0, 0.0014599682550403695, 0.04680394871270959, 1.0, 0.8432254356047317, 0.004767757740162534, 0.8432254356047317, 0.0, 0.0, 0.9767760421176451, 0.3473771077747603, 0.04680394871270959, 0.17831758131986672, 0.0, 0.0026072700708030675, 0.0, 0.0, 0.003656998098894131, 0.462147258118197, 0.0, 0.0019139946816818959, 0.21877168379802656, 0.0, 0.0, 0.17831758131986672, 0.3792694184031854, 0.5729229989026399, 0.21877168379802656, 0.3473771077747603, 0.0, 0.3792694184031854, 0.03267567217881863, 0.0, 0.13698538321998607, 0.5729229989026399, 0.0, 0.023292317655467257, 0.03267567217881863, 0.9767760421176451], [0.057794153427334446, 0.9663028856020041, 0.0, 1.0, 0.5877391916355573, 0.0, 0.00385513763351093, 0.5877391916355573, 0.02245644943858466, 1.0, 0.9663028856020041, 0.0032142428434332663, 0.5727478699789998, 0.34737708255172867, 0.0, 0.9706467065465163, 0.0, 0.34737708255172867, 0.0, 0.13338776077469183, 0.4679554664436019, 0.019384993919139153, 0.057794153427334446, 0.0, 0.02245644943858466, 0.010413540942395055, 0.0, 0.010413540942395055, 0.5727478699789998, 0.019384993919139153, 0.026850768232394896, 0.0023672289717992243, 0.0, 0.4664553355522063, 0.004668656245727675, 0.4679554664436019, 0.0, 0.0032142428434332663, 0.0, 0.00385513763351093, 0.004668656245727675, 0.13338776077469183, 0.45862382481006325, 0.0, 0.0, 0.4664553355522063, 0.2643447559282971, 0.027051861494737116, 0.45862382481006325, 0.0023672289717992243, 0.0, 0.2643447559282971, 0.820378521074472, 0.0, 0.0, 0.027051861494737116, 0.0, 0.9706467065465163, 0.820378521074472, 0.026850768232394896], [0.05923514696543452, 1.0, 0.0, 0.9663028856020041, 0.6121228435862531, 0.0, 0.002491618606095824, 0.6121228435862531, 0.013211982105970363, 0.9663028856020041, 1.0, 0.001679754234168253, 0.6620244550850304, 0.29890775439081924, 0.0, 0.9743441573215139, 0.0, 0.29890775439081924, 0.0, 0.15362500223664466, 0.5417093859368606, 0.01266115306560895, 0.05923514696543452, 0.0, 0.013211982105970363, 0.006049272090939172, 0.0, 0.006049272090939172, 0.6620244550850304, 0.01266115306560895, 0.015693015850270102, 0.0015401362283533337, 0.0, 0.40338943634844976, 0.004760708019985455, 0.5417093859368606, 0.0, 0.001679754234168253, 0.0, 0.002491618606095824, 0.004760708019985455, 0.15362500223664466, 0.3770404400978255, 0.0, 0.0, 0.40338943634844976, 0.19398515029699964, 0.016595780066934098, 0.3770404400978255, 0.0015401362283533337, 0.0, 0.19398515029699964, 0.8443987330313676, 0.0, 0.0, 0.016595780066934098, 0.0, 0.9743441573215139, 0.8443987330313676, 0.015693015850270102], [0.0, 0.001679754234168253, 0.0, 0.0032142428434332663, 0.0, 0.3473770254751514, 0.0, 0.0, 0.0, 0.0032142428434332663, 0.001679754234168253, 1.0, 0.0, 0.0015955336137635483, 0.0, 0.0020199184261249213, 0.0, 0.0015955336137635483, 0.0, 0.0, 0.0, 0.3473770343767863, 0.0, 0.0, 0.0, 0.0, 0.0, 0.0, 0.0, 0.3473770343767863, 0.0, 0.0, 0.0, 0.002288533044172544, 0.0, 0.0, 0.007557800470776584, 1.0, 0.3473770254751514, 0.0, 0.0, 0.0, 0.0038070329260447467, 0.0018767923798827576, 0.0027180232584532206, 0.002288533044172544, 0.005675593022365299, 0.002007694572436524, 0.0038070329260447467, 0.0, 0.0027180232584532206, 0.005675593022365299, 0.0010900818466485494, 0.007557800470776584, 0.0, 0.002007694572436524, 0.0018767923798827576, 0.0020199184261249213, 0.0010900818466485494, 0.0], [0.08209817166527289, 0.6620244550850304, 0.0, 0.5727478699789998, 0.834929697719006, 0.0, 0.0, 0.834929697719006, 0.0, 0.5727478699789998, 0.6620244550850304, 0.0, 1.0, 0.04825196575250126, 0.0, 0.5245418793402561, 0.0, 0.04825196575250126, 0.0, 0.18981770190886726, 0.6659007740675067, 0.013281491780721194, 0.08209817166527289, 0.0, 0.0, 0.0, 0.0, 0.0, 1.0, 0.013281491780721194, 0.001041697980774098, 0.0, 0.0, 0.0786708720487316, 0.006632193852606404, 0.6659007740675067, 0.0, 0.0, 0.0, 0.0, 0.006632193852606404, 0.18981770190886726, 0.07194528657967643, 0.0, 0.0, 0.0786708720487316, 0.02705185872189572, 0.0, 0.07194528657967643, 0.0, 0.0, 0.02705185872189572, 0.34737708255172867, 0.0, 0.0, 0.0, 0.0, 0.5245418793402561, 0.34737708255172867, 0.001041697980774098], [0.00520060847501426, 0.29890775439081924, 0.0, 0.34737708255172867, 0.05322972450657081, 0.0025596992322627766, 0.04669704626768977, 0.05322972450657081, 0.2042365330389729, 0.34737708255172867, 0.29890775439081924, 0.0015955336137635483, 0.04825196575250126, 1.0, 0.0, 0.41476616984939857, 0.0, 1.0, 0.006221180704861201, 0.01646576105823209, 0.05739458664218253, 0.0015804839683653791, 0.00520060847501426, 0.0, 0.2042365330389729, 0.0925866044858343, 0.0, 0.0925866044858343, 0.04825196575250126, 0.0015804839683653791, 0.23862169064681354, 0.029344642336307625, 0.0, 0.9748036768406103, 0.0, 0.05739458664218253, 0.0, 0.0015955336137635483, 0.0025596992322627766, 0.04669704626768977, 0.0, 0.01646576105823209, 0.9415756082376724, 0.0, 0.0, 0.9748036768406103, 0.8232374034825987, 0.34737708241953696, 0.9415756082376724, 0.029344642336307625, 0.0, 0.8232374034825987, 0.5727478699789998, 0.0, 0.006221180704861201, 0.34737708241953696, 0.0, 0.41476616984939857, 0.5727478699789998, 0.23862169064681354], [0.0, 0.0, 1.0, 0.0, 0.0, 0.0, 0.2609096156992437, 0.0, 0.02705186150888992, 0.0, 0.0, 0.0, 0.0, 0.0, 1.0, 0.0, 0.8432253981265688, 0.0, 0.6553914152857606, 0.0, 0.0, 0.0, 0.0, 0.976776042117645, 0.02705186150888992, 0.10913584561397265, 0.8432253981265688, 0.10913584561397265, 0.0, 0.0, 0.01491769809653242, 0.34737707203608914, 0.976776042117645, 0.0, 0.002559219245882276, 0.0, 0.0, 0.0, 0.0, 0.2609096156992437, 0.002559219245882276, 0.0, 0.0, 0.0, 0.0, 0.0, 0.0, 0.0010373213810454173, 0.0, 0.34737707203608914, 0.0, 0.0, 0.0, 0.0, 0.6553914152857606, 0.0010373213810454173, 0.0, 0.0, 0.0, 0.01491769809653242], [0.048407234134746124, 0.9743441573215139, 0.0, 0.9706467065465163, 0.5002662796880474, 0.0, 0.004479959544634038, 0.5002662796880474, 0.023292317655467257, 0.9706467065465163, 0.9743441573215139, 0.0020199184261249213, 0.5245418793402561, 0.41476616984939857, 0.0, 1.0, 0.0, 0.41476616984939857, 0.0, 0.12825457223055511, 0.4519618926398276, 0.01125431800309295, 0.048407234134746124, 0.0, 0.023292317655467257, 0.010649587372827654, 0.0, 0.010649587372827654, 0.5245418793402561, 0.01125431800309295, 0.027621713654624708, 0.002773653277498939, 0.0, 0.534388606360249, 0.0038929411699613007, 0.4519618926398276, 0.0, 0.0020199184261249213, 0.0, 0.004479959544634038, 0.0038929411699613007, 0.12825457223055511, 0.50343836915574, 0.0, 0.0, 0.534388606360249, 0.28122770992253043, 0.030502052586536113, 0.50343836915574, 0.002773653277498939, 0.0, 0.28122770992253043, 0.9242127252474379, 0.0, 0.0, 0.030502052586536113, 0.0, 1.0, 0.9242127252474379, 0.027621713654624708], [0.0, 0.0, 0.8432253981265688, 0.0, 0.0, 0.0, 0.08701236880382895, 0.0, 0.004767757740162534, 0.0, 0.0, 0.0, 0.0, 0.0, 0.8432253981265688, 0.0, 1.0, 0.0, 0.3473770291874419, 0.0, 0.0, 0.0, 0.0, 0.7288561799311459, 0.004767757740162534, 0.027051855963207323, 1.0, 0.027051855963207323, 0.0, 0.0, 0.0023266014720626747, 0.13091483920109678, 0.7288561799311459, 0.0, 0.0015692508175780447, 0.0, 0.0, 0.0, 0.0, 0.08701236880382895, 0.0015692508175780447, 0.0, 0.0, 0.0, 0.0, 0.0, 0.0, 0.0, 0.0, 0.13091483920109678, 0.0, 0.0, 0.0, 0.0, 0.3473770291874419, 0.0, 0.0, 0.0, 0.0, 0.0023266014720626747], [0.00520060847501426, 0.29890775439081924, 0.0, 0.34737708255172867, 0.05322972450657081, 0.0025596992322627766, 0.04669704626768977, 0.05322972450657081, 0.2042365330389729, 0.34737708255172867, 0.29890775439081924, 0.0015955336137635483, 0.04825196575250126, 1.0, 0.0, 0.41476616984939857, 0.0, 1.0, 0.006221180704861201, 0.01646576105823209, 0.05739458664218253, 0.0015804839683653791, 0.00520060847501426, 0.0, 0.2042365330389729, 0.0925866044858343, 0.0, 0.0925866044858343, 0.04825196575250126, 0.0015804839683653791, 0.23862169064681354, 0.029344642336307625, 0.0, 0.9748036768406103, 0.0, 0.05739458664218253, 0.0, 0.0015955336137635483, 0.0025596992322627766, 0.04669704626768977, 0.0, 0.01646576105823209, 0.9415756082376724, 0.0, 0.0, 0.9748036768406103, 0.8232374034825987, 0.34737708241953696, 0.9415756082376724, 0.029344642336307625, 0.0, 0.8232374034825987, 0.5727478699789998, 0.0, 0.006221180704861201, 0.34737708241953696, 0.0, 0.41476616984939857, 0.5727478699789998, 0.23862169064681354], [0.0019301641444973974, 0.0, 0.6553914152857606, 0.0, 0.0, 0.0, 0.7288562684064258, 0.0, 0.13698538321998607, 0.0, 0.0, 0.0, 0.0, 0.006221180704861201, 0.6553914152857606, 0.0, 0.3473770291874419, 0.006221180704861201, 1.0, 0.0015692498382025306, 0.0, 0.0, 0.0019301641444973974, 0.7367243341270647, 0.13698538321998607, 0.3473771002682134, 0.3473770291874419, 0.3473771002682134, 0.0, 0.0, 0.08693369820780322, 0.8432254367755706, 0.7367243341270647, 0.005093334348125424, 0.002485461612355991, 0.0, 0.0, 0.0, 0.0, 0.7288562684064258, 0.002485461612355991, 0.0015692498382025306, 0.005559248417124351, 0.0, 0.0, 0.005093334348125424, 0.008684277507293588, 0.013097305215092059, 0.005559248417124351, 0.8432254367755706, 0.0, 0.008684277507293588, 0.0, 0.0, 1.0, 0.013097305215092059, 0.0, 0.0, 0.0, 0.08693369820780322], [0.785502513939112, 0.15362500223664466, 0.0, 0.13338776077469183, 0.3473770736365643, 0.0, 0.002816077566269401, 0.3473770736365643, 0.0019139946816818959, 0.13338776077469183, 0.15362500223664466, 0.0, 0.18981770190886726, 0.01646576105823209, 0.0, 0.12825457223055511, 0.0, 0.01646576105823209, 0.0015692498382025306, 1.0, 0.6408301296147468, 0.0, 0.785502513939112, 0.0, 0.0019139946816818959, 0.0025095526011078427, 0.0, 0.0025095526011078427, 0.18981770190886726, 0.0, 0.0015463006252582987, 0.002559218709437829, 0.0, 0.025249963388278306, 0.34737708240599136, 0.6408301296147468, 0.0, 0.0, 0.0, 0.002816077566269401, 0.34737708240599136, 1.0, 0.022094411328648925, 0.0, 0.0, 0.025249963388278306, 0.008656272526318272, 0.0, 0.022094411328648925, 0.002559218709437829, 0.0, 0.008656272526318272, 0.09661669418600255, 0.0, 0.0015692498382025306, 0.0, 0.0, 0.12825457223055511, 0.09661669418600255, 0.0015463006252582987], [0.3473770646027508, 0.5417093859368606, 0.0, 0.4679554664436019, 0.7956944453015754, 0.0, 0.0013123902107492614, 0.7956944453015754, 0.0026072700708030675, 0.4679554664436019, 0.5417093859368606, 0.0, 0.6659007740675067, 0.05739458664218253, 0.0, 0.4519618926398276, 0.0, 0.05739458664218253, 0.0, 0.6408301296147468, 1.0, 0.0014809037754891959, 0.3473770646027508, 0.0, 0.0026072700708030675, 0.0019741593400458965, 0.0, 0.0019741593400458965, 0.6659007740675067, 0.0014809037754891959, 0.0025758144054891722, 0.0, 0.0, 0.08801213600232964, 0.06308710311720568, 1.0, 0.0, 0.0, 0.0, 0.0013123902107492614, 0.06308710311720568, 0.6408301296147468, 0.07778676794311622, 0.0, 0.0, 0.08801213600232964, 0.030367126380519242, 0.0012508022299463724, 0.07778676794311622, 0.0, 0.0, 0.030367126380519242, 0.33676392493228996, 0.0, 0.0, 0.0012508022299463724, 0.0, 0.4519618926398276, 0.33676392493228996, 0.0025758144054891722], [0.0, 0.01266115306560895, 0.0, 0.019384993919139153, 0.012346669620778123, 0.027051851224156185, 0.0, 0.012346669620778123, 0.0, 0.019384993919139153, 0.01266115306560895, 0.3473770343767863, 0.013281491780721194, 0.0015804839683653791, 0.0, 0.01125431800309295, 0.0, 0.0015804839683653791, 0.0, 0.0, 0.0014809037754891959, 1.0, 0.0, 0.0, 0.0, 0.0, 0.0, 0.0, 0.013281491780721194, 1.0, 0.0, 0.0, 0.0, 0.0029067263118512246, 0.0, 0.0014809037754891959, 0.003124405267455297, 0.3473770343767863, 0.027051851224156185, 0.0, 0.0, 0.0, 0.004392778960320191, 0.028760331544699123, 0.00684113253354283, 0.0029067263118512246, 0.003818301132216649, 0.0, 0.004392778960320191, 0.0, 0.00684113253354283, 0.003818301132216649, 0.004464994451116085, 0.003124405267455297, 0.0, 0.0, 0.028760331544699123, 0.01125431800309295, 0.004464994451116085, 0.0], [1.0, 0.05923514696543452, 0.0, 0.057794153427334446, 0.21864813555472387, 0.0, 0.002520690307959171, 0.21864813555472387, 0.0014599682550403695, 0.057794153427334446, 0.05923514696543452, 0.0, 0.08209817166527289, 0.00520060847501426, 0.0, 0.048407234134746124, 0.0, 0.00520060847501426, 0.0019301641444973974, 0.785502513939112, 0.3473770646027508, 0.0, 1.0, 0.0013123913276833828, 0.0014599682550403695, 0.002473406567698446, 0.0, 0.002473406567698446, 0.08209817166527289, 0.0, 0.0011090876279786046, 0.002436200580222089, 0.0013123913276833828, 0.008595576117865678, 0.6408301526747872, 0.3473770646027508, 0.0, 0.0, 0.0, 0.002520690307959171, 0.6408301526747872, 0.785502513939112, 0.008380347924659, 0.0, 0.0, 0.008595576117865678, 0.0037439304069216313, 0.0, 0.008380347924659, 0.002436200580222089, 0.0, 0.0037439304069216313, 0.030461646578762557, 0.0, 0.0019301641444973974, 0.0, 0.0, 0.048407234134746124, 0.030461646578762557, 0.0011090876279786046], [0.0013123913276833828, 0.0, 0.976776042117645, 0.0, 0.0, 0.0, 0.3473770930260454, 0.0, 0.04680394871270959, 0.0, 0.0, 0.0, 0.0, 0.0, 0.976776042117645, 0.0, 0.7288561799311459, 0.0, 0.7367243341270647, 0.0, 0.0, 0.0, 0.0013123913276833828, 1.0, 0.04680394871270959, 0.16709210360242543, 0.7288561799311459, 0.16709210360242543, 0.0, 0.0, 0.02705186150888992, 0.4412678106522816, 1.0, 0.0, 0.0028160797223602263, 0.0, 0.0, 0.0, 0.0, 0.3473770930260454, 0.0028160797223602263, 0.0, 0.0, 0.0, 0.0, 0.0, 0.001454167819486116, 0.0021969450481331195, 0.0, 0.4412678106522816, 0.0, 0.001454167819486116, 0.0, 0.0, 0.7367243341270647, 0.0021969450481331195, 0.0, 0.0, 0.0, 0.02705186150888992], [0.0014599682550403695, 0.013211982105970363, 0.02705186150888992, 0.02245644943858466, 0.002559218030581815, 0.003656998098894131, 0.462147258118197, 0.002559218030581815, 1.0, 0.02245644943858466, 0.013211982105970363, 0.0, 0.0, 0.2042365330389729, 0.02705186150888992, 0.023292317655467257, 0.004767757740162534, 0.2042365330389729, 0.13698538321998607, 0.0019139946816818959, 0.0026072700708030675, 0.0, 0.0014599682550403695, 0.04680394871270959, 1.0, 0.8432254356047317, 0.004767757740162534, 0.8432254356047317, 0.0, 0.0, 0.9767760421176451, 0.3473771077747603, 0.04680394871270959, 0.17831758131986672, 0.0, 0.0026072700708030675, 0.0, 0.0, 0.003656998098894131, 0.462147258118197, 0.0, 0.0019139946816818959, 0.21877168379802656, 0.0, 0.0, 0.17831758131986672, 0.3792694184031854, 0.5729229989026399, 0.21877168379802656, 0.3473771077747603, 0.0, 0.3792694184031854, 0.03267567217881863, 0.0, 0.13698538321998607, 0.5729229989026399, 0.0, 0.023292317655467257, 0.03267567217881863, 0.9767760421176451], [0.002473406567698446, 0.006049272090939172, 0.10913584561397265, 0.010413540942395055, 0.0015692501895927095, 0.0, 0.737391152120325, 0.0015692501895927095, 0.8432254356047317, 0.010413540942395055, 0.006049272090939172, 0.0, 0.0, 0.0925866044858343, 0.10913584561397265, 0.010649587372827654, 0.027051855963207323, 0.0925866044858343, 0.3473771002682134, 0.0025095526011078427, 0.0019741593400458965, 0.0, 0.002473406567698446, 0.16709210360242543, 0.8432254356047317, 1.0, 0.027051855963207323, 1.0, 0.0, 0.0, 0.7288562241574864, 0.6263477892827874, 0.16709210360242543, 0.08134526920745032, 0.0, 0.0019741593400458965, 0.0, 0.0, 0.0, 0.737391152120325, 0.0, 0.0025095526011078427, 0.10012126176793092, 0.0, 0.0, 0.08134526920745032, 0.17585304061068482, 0.26567676215583697, 0.10012126176793092, 0.6263477892827874, 0.0, 0.17585304061068482, 0.014810986989425998, 0.0, 0.3473771002682134, 0.26567676215583697, 0.0, 0.010649587372827654, 0.014810986989425998, 0.7288562241574864], [0.0, 0.0, 0.8432253981265688, 0.0, 0.0, 0.0, 0.08701236880382895, 0.0, 0.004767757740162534, 0.0, 0.0, 0.0, 0.0, 0.0, 0.8432253981265688, 0.0, 1.0, 0.0, 0.3473770291874419, 0.0, 0.0, 0.0, 0.0, 0.7288561799311459, 0.004767757740162534, 0.027051855963207323, 1.0, 0.027051855963207323, 0.0, 0.0, 0.0023266014720626747, 0.13091483920109678, 0.7288561799311459, 0.0, 0.0015692508175780447, 0.0, 0.0, 0.0, 0.0, 0.08701236880382895, 0.0015692508175780447, 0.0, 0.0, 0.0, 0.0, 0.0, 0.0, 0.0, 0.0, 0.13091483920109678, 0.0, 0.0, 0.0, 0.0, 0.3473770291874419, 0.0, 0.0, 0.0, 0.0, 0.0023266014720626747], [0.002473406567698446, 0.006049272090939172, 0.10913584561397265, 0.010413540942395055, 0.0015692501895927095, 0.0, 0.737391152120325, 0.0015692501895927095, 