{"co_parameters": [[[0.9745720624923706, -2.7441174190964858e-17, 0.22407418489456177, -0.03552961802482606], [-0.22407418489456177, -1.1935066127216496e-16, 0.9745720624923706, -0.1556035695075989], [0.0, -0.9999999403953552, -1.2246467202362698e-16, -0.02031698036193846], [0.0, 0.0, 0.0, 1.0]], [[0.7319610714912415, -0.4817847013473511, 0.4817847013473511, -0.07628477144241333], [-0.6813464760780334, -0.5175746083259583, 0.5175746083259583, -0.08169976210594178], [0.0, -0.7071067094802856, -0.7071067094802856, 0.1505998435020447], [0.0, 0.0, 0.0, 1.0]], [[0.530684769153595, 6.499014474274799e-17, 0.8475692868232727, -0.14078870177268982], [-0.8475692868232727, -1.0379730332833858e-16, 0.530684769153595, -0.0865151116847992], [1.2246468525851679e-16, -1.0, 0.0, -0.018027418136596682], [0.0, 0.0, 0.0, 1.0]], [[0.29322877526283264, 0.6760239601135254, -0.6760239601135254, 0.11004134178161623], [-0.9560422897338867, 0.20734405517578125, -0.20734405517578125, 0.03351081800460816], [0.0, 0.7071067690849304, 0.7071067690849304, -0.12969505715370178], [0.0, 0.0, 0.0, 1.0]], [[0.530684769153595, 0.5993219614028931, 0.5993219614028931, -0.09763414525985718], [-0.8475692868232727, 0.37525078654289246, 0.37525078654289246, -0.06059210169315339], [8.659560603426554e-17, -0.7071067690849304, 0.7071067690849304, -0.1438960020542145], [0.0, 0.0, 0.0, 1.0]], [[0.9993593096733093, 1.2238622883177736e-16, -0.03579118475317955, 0.006377368763089181], [0.03579118475317955, 4.38315603325367e-18, 0.9993593096733093, -0.16018742012977602], [1.2246468525851679e-16, -1.0, 0.0, 0.04586599349975586], [0.0, 0.0, 0.0, 1.0]], [[0.7319610714912415, 0.4817847013473511, -0.4817847013473511, 0.07724144315719605], [-0.6813464760780334, 0.5175746083259583, -0.5175746083259583, 0.0827086398601532], [0.0, 0.7071067094802856, 0.7071067094802856, -0.14846606206893923], [0.0, 0.0, 0.0, 1.0]], [[-0.8475749492645264, 0.0, -0.5306757092475891, 0.085877934217453], [-0.5306757092475891, 0.0, 0.8475749492645264, -0.13694212818145754], [0.0, 0.9999999403953552, 0.0, 0.009975176811218261], [0.0, 0.0, 0.0, 1.0]], [[-0.9745720624923706, -9.19094870812001e-17, 0.22407418489456177, -0.03552604460716248], [0.22407418489456177, 1.4679184208057471e-16, 0.9745720624923706, -0.15570340204238894], [-1.2246467202362698e-16, 0.9999999403953552, -1.2246467202362698e-16, 0.027738155364990254], [0.0, 0.0, 0.0, 1.0]], [[0.8475749492645264, 1.0379799816005313e-16, -0.5306757092475891, 0.08515433478355408], [0.5306757092475891, 6.498903301200472e-17, 0.8475749492645264, -0.13458282947540284], [1.2246467202362698e-16, -0.9999999403953552, 0.0, 0.020111204147338867], [0.0, 0.0, 0.0, 1.0]], [[-0.9745720624923706, -1.1935066127216496e-16, -0.22407418489456177, 0.03628862738609315], [0.22407418489456177, 2.7441174190964858e-17, -0.9745720624923706, 0.1530621933937073], [1.2246467202362698e-16, -0.9999999403953552, 0.0, 0.046563560485839844], [0.0, 0.0, 0.0, 1.0]], [[0.9745720624923706, 0.1584443747997284, 0.1584443747997284, -0.02488721001148224], [-0.22407418489456177, 0.6891264915466309, 0.6891264915466309, -0.11388718414306641], [0.0, -0.7071067094802856, 0.7071067094802856, -0.14911193609237672], [0.0, 0.0, 0.0, 1.0]], [[-0.29322877526283264, 8.117124674471841e-17, 0.9560422897338867, -0.14924847221374515], [0.9560422897338867, 1.5299159385888416e-16, 0.29322877526283264, -0.04651490962505341], [-1.2246468525851679e-16, 1.0, -1.2246468525851679e-16, -0.008892201423645002], [0.0, 0.0, 0.0, 1.0]], [[0.6813459396362305, 8.963943878255857e-17, -0.7319615483283997, 0.11564452528953553], [0.7319615483283997, -8.34408185873271e-17, 0.6813459396362305, -0.10597308158874512], [0.0, -1.0, -1.2246468525851679e-16, 0.03670837783813478], [0.0, 0.0, 0.0, 1.0]], [[0.8475749492645264, 0.5306757092475891, -1.178336782031917e-16, 0.0010302400588989423], [0.5306757092475891, -0.8475749492645264, 1.8819944475379521e-16, -0.00152714109420779], [2.719261971675979e-32, -2.220445916901415e-16, -0.9999999403953552, 0.20586598134040834], [0.0, 0.0, 0.0, 1.0]], [[-0.29322877526283264, 0.9560422897338867, -2.122840325155832e-16, 0.005749282836914092], [0.9560422897338867, 0.29322877526283264, -6.510986755588647e-17, 0.0004744384884834381], [2.7192622655495665e-32, -2.220446049250313e-16, -1.0, 0.16787600326538088], [0.0, 0.0, 0.0, 1.0]], [[-0.8475749492645264, 0.5306757092475891, 1.178336782031917e-16, 0.0014016157388686968], [-0.5306757092475891, -0.8475749492645264, -1.8819944475379521e-16, -0.0027380115985870097], [0.0, -2.220445916901415e-16, 0.9999999403953552, -0.15970162320137024], [0.0, 0.0, 0.0, 1.0]], [[-0.9993593096733093, -4.38315603325367e-18, 0.03579118475317955, -0.005991324439644815], [-0.03579118475317955, 1.2238622883177736e-16, -0.9993593096733093, 0.16259258866310122], [0.0, -1.0, -1.2246468525851679e-16, -0.0154966411590576], [0.0, 0.0, 0.0, 1.0]], [[0.29322877526283264, -0.6760239601135254, 0.6760239601135254, -0.1059274835586548], [-0.9560422897338867, -0.20734405517578125, 0.20734405517578125, -0.03282642984390259], [0.0, -0.7071067690849304, -0.7071067690849304, 0.14238713288307192], [0.0, 0.0, 0.0, 1.0]], [[-0.7319610714912415, -0.4817847013473511, 0.4817847013473511, -0.07801018285751343], [0.6813464760780334, -0.5175746083259583, 0.5175746083259583, -0.08495175051689148], [-8.659559941682064e-17, 0.7071067094802856, 0.7071067094802856, -0.15675189352035523], [0.0, 0.0, 0.0, 1.0]], [[-0.9993593096733093, -4.38315603325367e-18, 0.03579118475317955, -0.005794907048344613], [-0.03579118475317955, 1.2238622883177736e-16, -0.9993593096733093, 0.1619521715641022], [0.0, -1.0, -1.2246468525851679e-16, 0.030555999755859393], [0.0, 0.0, 0.0, 1.0]], [[-0.6813459396362305, -8.34408185873271e-17, 0.7319615483283997, -0.11733144354820253], [-0.7319615483283997, -8.963943878255857e-17, -0.6813459396362305, 0.11005842590332032], [1.2246468525851679e-16, -1.0, 0.0, 0.043675136566162114], [0.0, 0.0, 0.0, 1.0]], [[-0.530684769153595, 0.0, 0.8475692868232727, -0.13886773276329042], [0.8475692868232727, 0.0, 0.530684769153595, -0.08592591643333436], [0.0, 1.0, 0.0, 0.03714849853515625], [0.0, 0.0, 0.0, 1.0]], [[-0.9993593096733093, -0.03579118475317955, -7.947239478318557e-18, 4.817076772451512e-05], [-0.03579118475317955, 0.9993593096733093, 2.21902343094562e-16, 0.0016748892068862604], [0.0, 2.220446049250313e-16, -1.0, 0.1987739486694336], [0.0, 0.0, 0.0, 1.0]], [[0.7319610714912415, 0.4817847013473511, 0.4817847013473511, -0.07510639905929566], [-0.6813464760780334, 0.5175746083259583, 0.5175746083259583, -0.08153230261802674], [0.0, -0.7071067094802856, 0.7071067094802856, -0.154400758266449], [0.0, 0.0, 0.0, 1.0]], [[0.29322877526283264, 0.6760239601135254, -0.6760239601135254, 0.11159893226623536], [-0.9560422897338867, 0.20734405517578125, -0.20734405517578125, 0.033566602230072025], [0.0, 0.7071067690849304, 0.7071067690849304, -0.157103529214859], [0.0, 0.0, 0.0, 1.0]], [[0.2240782380104065, 1.4679222589237894e-16, 0.974571168422699, -0.16087370228767398], [0.974571168422699, 9.190888489371416e-17, -0.2240782380104065, 0.035944017648696897], [-1.2246468525851679e-16, 1.0, -1.2246468525851679e-16, 0.010675861358642597], [0.0, 0.0, 0.0, 1.0]], [[0.8475749492645264, 0.3752443790435791, 0.3752443790435791, -0.05979287958145142], [0.5306757092475891, -0.599325954914093, -0.599325954914093, 0.09692131590843202], [-8.659559941682064e-17, 0.7071067094802856, -0.7071067094802856, 0.13324827718734744], [0.0, 0.0, 0.0, 1.0]], [[0.9745720624923706, 0.0, -0.22407418489456177, 0.03628862738609315], [-0.22407418489456177, 0.0, -0.9745720624923706, 0.1530621933937073], [0.0, 0.9999999403953552, 0.0, 0.046563560485839844], [0.0, 0.0, 0.0, 1.0]], [[-0.6813459396362305, -8.34408185873271e-17, 0.7319615483283997, -0.11884101843833925], [-0.7319615483283997, -8.963943878255857e-17, -0.6813459396362305, 0.11246944046020509], [1.2246468525851679e-16, -1.0, 0.0, -0.03530774688720703], [0.0, 0.0, 0.0, 1.0]], [[0.29322877526283264, 0.0, -0.9560422897338867, 0.1564018650054932], [-0.9560422897338867, 0.0, -0.29322877526283264, 0.04730815732479096], [0.0, 1.0, 0.0, -0.043966445922851566], [0.0, 0.0, 0.0, 1.0]], [[-0.7319610714912415, -0.6813464760780334, 1.5128930909780923e-16, 0.0019791533946990755], [0.6813464760780334, -0.7319610714912415, 1.625280069397753e-16, 0.0012796344757079851], [-2.719261971675979e-32, 2.220445916901415e-16, 0.9999999403953552, -0.20126367497444153], [0.0, 0.0, 0.0, 1.0]], [[0.9993593096733093, 1.2238622883177736e-16, -0.03579118475317955, 0.005658272102475167], [0.03579118475317955, 4.38315603325367e-18, 0.9993593096733093, -0.157842808008194], [1.2246468525851679e-16, -1.0, 0.0, 0.030555999755859375], [0.0, 0.0, 0.0, 1.0]], [[0.9993593096733093, 0.025308189913630486, 0.025308189913630486, -0.004001139618456364], [0.03579118475317955, -0.7066537141799927, -0.7066537141799927, 0.11473948335647584], [-8.659560603426554e-17, 0.7071067690849304, -0.7071067690849304, 0.15191103196144104], [0.0, 0.0, 0.0, 1.0]], [[-0.6813459396362305, -1.7308025075244077e-16, -0.7319615483283997, 0.11689625239372255], [-0.7319615483283997, -6.198620195231472e-18, 0.6813459396362305, -0.10797227478027344], [-1.2246468525851679e-16, 1.0, -1.2246468525851679e-16, 0.04367513656616213], [0.0, 0.0, 0.0, 1.0]], [[-0.6813459396362305, -1.7308025075244077e-16, -0.7319615483283997, 0.11438768839836122], [-0.7319615483283997, -6.198620195231472e-18, 0.6813459396362305, -0.10396569347381593], [-1.2246468525851679e-16, 1.0, -1.2246468525851679e-16, -0.019106678009033186], [0.0, 0.0, 0.0, 1.0]], [[-0.7319610714912415, -0.6813464760780334, 1.5128930909780923e-16, 0.0030894019603729035], [0.6813464760780334, -0.7319610714912415, 1.625280069397753e-16, 0.0019747794866561666], [-2.719261971675979e-32, 2.220445916901415e-16, 0.9999999403953552, -0.1626076958179474], [0.0, 0.0, 0.0, 1.0]], [[0.9745720624923706, -0.1584443747997284, -0.1584443747997284, 0.02565042245388031], [-0.22407418489456177, -0.6891264915466309, -0.6891264915466309, 0.11122837829589845], [0.0, 0.7071067094802856, -0.7071067094802856, 0.1533286032676697], [0.0, 0.0, 0.0, 1.0]], [[0.29322877526283264, -0.9560422897338867, -2.122840325155832e-16, 0.0037699034214020077], [-0.9560422897338867, -0.29322877526283264, -6.510986755588647e-17, 0.00040354382991791686], [0.0, 2.220446049250313e-16, -1.0, 0.18022632598876953], [0.0, 0.0, 0.0, 1.0]], [[0.9745720624923706, 0.0, -0.22407418489456177, 0.03629018950462342], [-0.22407418489456177, 0.0, -0.9745720624923706, 0.15301862955093387], [0.0, 0.9999999403953552, 0.0, -0.01126439094543457], [0.0, 0.0, 0.0, 1.0]], [[-0.7319610714912415, -8.963937922555447e-17, -0.6813464760780334, 0.10665617918968201], [0.6813464760780334, 8.34408847617761e-17, -0.7319610714912415, 0.11226994872093202], [1.2246467202362698e-16, -0.9999999403953552, 0.0, 0.007241786003112793], [0.0, 0.0, 0.0, 1.0]], [[0.29322877526283264, -0.9560422897338867, -2.122840325155832e-16, 0.002236349582672149], [-0.9560422897338867, -0.29322877526283264, -6.510986755588647e-17, 0.0003486190140247436], [0.0, 2.220446049250313e-16, -1.0, 0.18925004959106445], [0.0, 0.0, 0.0, 1.0]], [[0.9745720624923706, 0.22407418489456177, 4.9754463858811386e-17, 0.000322251707315438], [-0.22407418489456177, 0.9745720624923706, 2.1639846858709135e-16, 0.0003279607892036135], [0.0, -2.220445916901415e-16, 0.9999999403953552, -0.18031697010993958], [0.0, 0.0, 0.0, 1.0]], [[-0.9745720624923706, -0.22407418489456177, 4.9754463858811386e-17, 0.0005059391856193473], [0.22407418489456177, -0.9745720624923706, 2.1639846858709135e-16, -0.004800984859466583], [-2.719261971675979e-32, 2.220445916901415e-16, 0.9999999403953552, -0.20456459736824037], [0.0, 0.0, 0.0, 1.0]], [[-0.9745720624923706, -0.1584443747997284, -0.1584443747997284, 0.02705153524875641], [0.22407418489456177, -0.6891264915466309, -0.6891264915466309, 0.11306806945800782], [8.659559941682064e-17, -0.7071067094802856, 0.7071067094802856, -0.14097715520858767], [0.0, 0.0, 0.0, 1.0]], [[-0.6813459396362305, -8.34408185873271e-17, 0.7319615483283997, -0.1180946490764618], [-0.7319615483283997, -8.963943878255857e-17, -0.6813459396362305, 0.11127737903594971], [1.2246468525851679e-16, -1.0, 0.0, -0.009895602226257325], [0.0, 0.0, 0.0, 1.0]], [[-0.9745720624923706, -1.1935066127216496e-16, -0.22407418489456177, 0.0361614215373993], [0.22407418489456177, 2.7441174190964858e-17, -0.9745720624923706, 0.15661398363113405], [1.2246467202362698e-16, -0.9999999403953552, 0.0, 0.0022350268363952636], [0.0, 0.0, 0.0, 1.0]], [[-0.530684769153595, 0.0, 0.8475692868232727, -0.13412340807914735], [0.8475692868232727, 0.0, 0.530684769153595, -0.0844707362651825], [0.0, 1.0, 0.0, 0.0036641564369201663], [0.0, 0.0, 0.0, 1.0]], [[-0.9745720624923706, 0.22407418489456177, -4.9754463858811386e-17, 0.0003095520436763833], [0.22407418489456177, 0.9745720624923706, -2.1639846858709135e-16, 0.0006824533343315427], [2.719261971675979e-32, -2.220445916901415e-16, -0.9999999403953552, 0.16223501706123353], [0.0, 0.0, 0.0, 1.0]], [[-0.8475749492645264, 0.0, -0.5306757092475891, 0.0870516164302826], [-0.5306757092475891, 0.0, 0.8475749492645264, -0.14076902294158938], [0.0, 0.9999999403953552, 0.0, -0.012639851570129396], [0.0, 0.0, 0.0, 1.0]], [[-0.7319610714912415, -0.6813464760780334, 1.5128930909780923e-16, 0.0005838403701782015], [0.6813464760780334, -0.7319610714912415, 1.625280069397753e-16, 0.0004059953391551744], [-2.719261971675979e-32, 2.220445916901415e-16, 0.9999999403953552, -0.1706758396625519], [0.0, 0.0, 0.0, 1.0]], [[0.9745720624923706, 0.1584443747997284, 0.1584443747997284, -0.024845160841941834], [-0.22407418489456177, 0.6891264915466309, 0.6891264915466309, -0.11506122398376466], [0.0, -0.7071067094802856, 0.7071067094802856, -0.1577016806602478], [0.0, 0.0, 0.0, 1.0]], [[-0.7319610714912415, -6.198494463778364e-18, 0.6813464760780334, -0.1060138566493988], [0.6813464760780334, 1.7308026398733057e-16, 0.7319610714912415, -0.11519397997856141], [-1.2246467202362698e-16, 0.9999999403953552, -1.2246467202362698e-16, -0.02078221130371092], [0.0, 0.0, 0.0, 1.0]], [[-0.8475749492645264, 0.0, -0.5306757092475891, 0.08657992911338806], [-0.5306757092475891, 0.0, 0.8475749492645264, -0.13923099803924563], [0.0, 0.9999999403953552, 0.0, -0.042540817260742186], [0.0, 0.0, 0.0, 1.0]], [[-0.9745720624923706, -0.1584443747997284, 0.1584443747997284, -0.024845160841941834], [0.22407418489456177, -0.6891264915466309, 0.6891264915466309, -0.11506122398376466], [-8.659559941682064e-17, 0.7071067094802856, 0.7071067094802856, -0.1577016806602478], [0.0, 0.0, 0.0, 1.0]], [[0.29322877526283264, 0.0, -0.9560422897338867, 0.15668506050109865], [-0.9560422897338867, 0.0, -0.29322877526283264, 0.047318298697471624], [0.0, 1.0, 0.0, -0.008892201423645019], [0.0, 0.0, 0.0, 1.0]], [[-0.9745720624923706, -9.19094870812001e-17, 0.22407418489456177, -0.03555254721641541], [0.22407418489456177, 1.4679184208057471e-16, 0.9745720624923706, -0.15496339082717897], [-1.2246467202362698e-16, 0.9999999403953552, -1.2246467202362698e-16, 0.04019153213500978], [0.0, 0.0, 0.0, 1.0]], [[-0.2240782380104065, -1.1935055539304655e-16, 0.974571168422699, -0.16139446377754213], [-0.974571168422699, 2.744167049933239e-17, -0.2240782380104065, 0.03592540669441223], [0.0, -1.0, -1.2246468525851679e-16, -0.0053486471176147285], [0.0, 0.0, 0.0, 1.0]], [[0.29322877526283264, 0.9560422897338867, 2.122840325155832e-16, 0.00541463851928708], [-0.9560422897338867, 0.29322877526283264, 6.510986755588647e-17, 0.00046245089173316045], [0.0, -2.220446049250313e-16, 1.0, -0.1943472595214844], [0.0, 0.0, 0.0, 1.0]], [[-0.8475749492645264, 0.3752443790435791, -0.3752443790435791, 0.062246276855468755], [-0.5306757092475891, -0.599325954914093, 0.599325954914093, -0.10125680136680604], [0.0, 0.7071067094802856, 0.7071067094802856, -0.1345932822227478], [0.0, 0.0, 0.0, 1.0]], [[-0.6813459396362305, 0.7319615483283997, -1.6252811281889371e-16, -0.0018358472585677872], [-0.7319615483283997, -0.6813459396362305, 1.5128918998380102e-16, 0.003627670288085916], [-2.7192622655495665e-32, 2.220446049250313e-16, 1.0, -0.18645408248901368], [0.0, 0.0, 0.0, 1.0]], [[-0.29322877526283264, -3.5910170248360426e-17, -0.9560422897338867, 0.15520311546325685], [0.9560422897338867, 1.1708142030180128e-16, -0.29322877526283264, 0.047265222907066355], [1.2246468525851679e-16, -1.0, 0.0, 0.029250049591064455], [0.0, 0.0, 0.0, 1.0]], [[0.9993593096733093, 1.2676938610580194e-16, 0.03579118475317955, -0.005702713742852212], [0.03579118475317955, -1.1800307155775277e-16, -0.9993593096733093, 0.16165159630775455], [-1.2246468525851679e-16, 1.0, -1.2246468525851679e-16, -0.037025428771972645], [0.0, 0.0, 0.0, 1.0]], [[-0.530684769153595, -0.5993219614028931, -0.5993219614028931, 0.09400173807144166], [0.8475692868232727, -0.37525078654289246, -0.37525078654289246, 0.059443017601966866], [0.0, -0.7071067690849304, 0.7071067690849304, -0.15650945115089418], [0.0, 0.0, 0.0, 1.0]], [[-0.530684769153595, -0.8475692868232727, -1.8819818743926413e-16, -0.0020053076744079327], [0.8475692868232727, -0.530684769153595, -1.1783568990644144e-16, -0.0006325416564941242], [0.0, -2.220446049250313e-16, 1.0, -0.16346157264709474], [0.0, 0.0, 0.0, 1.0]], [[-0.6813459396362305, -8.34408185873271e-17, 0.7319615483283997, -0.11834980845451357], [-0.7319615483283997, -8.963943878255857e-17, -0.6813459396362305, 0.11168490600585938], [1.2246468525851679e-16, -1.0, 0.0, 0.021657176971435547], [0.0, 0.0, 0.0, 1.0]], [[-0.9993593096733093, -0.025308189913630486, 0.025308189913630486, -0.004117627836763859], [-0.03579118475317955, 0.7066537141799927, -0.7066537141799927, 0.11511927556991579], [0.0, -0.7071067690849304, -0.7071067690849304, 0.14369308304786682], [0.0, 0.0, 0.0, 1.0]], [[-0.2240782380104065, 0.6891258955001831, -0.6891258955001831, 0.10830047464370729], [-0.974571168422699, -0.1584472358226776, 0.1584472358226776, -0.0251532336473465], [0.0, 0.7071067690849304, 0.7071067690849304, -0.15619359421730042], [0.0, 0.0, 0.0, 1.0]], [[0.29322877526283264, 0.6760239601135254, 0.6760239601135254, -0.10472873497009279], [-0.9560422897338867, 0.20734405517578125, 0.20734405517578125, -0.03278349542617798], [0.0, -0.7071067690849304, 0.7071067690849304, -0.157103529214859], [0.0, 0.0, 0.0, 1.0]], [[0.9745720624923706, 0.22407418489456177, 4.9754463858811386e-17, 0.0005059391856193473], [-0.22407418489456177, 0.9745720624923706, 2.1639846858709135e-16, -0.004800984859466583], [0.0, -2.220445916901415e-16, 0.9999999403953552, -0.20456459736824037], [0.0, 0.0, 0.0, 1.0]], [[0.9745720624923706, 0.0, -0.22407418489456177, 0.036209174871444705], [-0.22407418489456177, 0.0, -0.9745720624923706, 0.15528066873550417], [0.0, 0.9999999403953552, 0.0, 0.016730239868164062], [0.0, 0.0, 0.0, 1.0]], [[0.9745720624923706, -0.22407418489456177, -4.9754463858811386e-17, 0.00032582479715347984], [-0.22407418489456177, -0.9745720624923706, -2.1639846858709135e-16, 0.00022812712192538432], [0.0, 2.220445916901415e-16, -0.9999999403953552, 0.18773814702033997], [0.0, 0.0, 0.0, 1.0]], [[-0.2240782380104065, -0.6891258955001831, 0.6891258955001831, -0.11443651628494264], [-0.974571168422699, 0.1584472358226776, -0.1584472358226776, 0.025470495104789735], [0.0, -0.7071067690849304, -0.7071067690849304, 0.1452109854221344], [0.0, 0.0, 0.0, 1.0]], [[0.2240782380104065, 2.744167049933239e-17, -0.974571168422699, 0.15098907208442688], [0.974571168422699, 1.1935055539304655e-16, 0.2240782380104065, -0.03576101851463318], [1.2246468525851679e-16, -1.0, 0.0, 0.01067586135864258], [0.0, 0.0, 0.0, 1.0]], [[-0.530684769153595, -0.5993219614028931, -0.5993219614028931, 0.0954951024055481], [0.8475692868232727, -0.37525078654289246, -0.37525078654289246, 0.05990106403827668], [0.0, -0.7071067690849304, 0.7071067690849304, -0.13606258988380432], [0.0, 0.0, 0.0, 1.0]], [[0.9745720624923706, -0.1584443747997284, -0.1584443747997284, 0.026758408188819888], [-0.22407418489456177, -0.6891264915466309, -0.6891264915466309, 0.11251559448242188], [0.0, 0.7071067094802856, -0.7071067094802856, 0.1505998435020447], [0.0, 0.0, 0.0, 1.0]], [[-0.7319610714912415, -6.198494463778364e-18, 0.6813464760780334, -0.11151306986808777], [0.6813464760780334, 1.7308026398733057e-16, 0.7319610714912415, -0.12221843123435974], [-1.2246467202362698e-16, 0.9999999403953552, -1.2246467202362698e-16, -0.018514194488525374], [0.0, 0.0, 0.0, 1.0]], [[-0.29322877526283264, -3.5910170248360426e-17, -0.9560422897338867, 0.15871604919433596], [0.9560422897338867, 1.1708142030180128e-16, -0.29322877526283264, 0.047391042590141305], [1.2246468525851679e-16, -1.0, 0.0, 0.007876004219055176], [0.0, 0.0, 0.0, 1.0]], [[-0.29322877526283264, -3.5910170248360426e-17, -0.9560422897338867, 0.15668506050109865], [0.9560422897338867, 1.1708142030180128e-16, -0.29322877526283264, 0.047318298697471624], [1.2246468525851679e-16, -1.0, 0.0, -0.008892201423645019], [0.0, 0.0, 0.0, 1.0]], [[-0.29322877526283264, 0.6760239601135254, 0.6760239601135254, -0.10580703735351564], [0.9560422897338867, 0.20734405517578125, 0.20734405517578125, -0.03282211756706238], [-8.659560603426554e-17, 0.7071067690849304, -0.7071067690849304, 0.15911047959327698], [0.0, 0.0, 0.0, 1.0]], [[-0.9993593096733093, -4.38315603325367e-18, 0.03579118475317955, -0.004921112373471261], [-0.03579118475317955, 1.2238622883177736e-16, -0.9993593096733093, 0.15910315918922427], [0.0, -1.0, -1.2246468525851679e-16, -0.004274720668792707], [0.0, 0.0, 0.0, 1.0]], [[0.6813459396362305, 0.0, 0.7319615483283997, -0.11688557219505312], [0.7319615483283997, 0.0, -0.6813459396362305, 0.10934630203247071], [0.0, 1.0, 0.0, 0.006618118286132813], [0.0, 0.0, 0.0, 1.0]], [[-0.530684769153595, 0.8475692868232727, 1.8819818743926413e-16, 0.000895224332809422], [0.8475692868232727, 0.530684769153595, 1.1783568990644144e-16, 0.00025711372494695924], [0.0, 2.220446049250313e-16, -1.0, 0.20446160888671877], [0.0, 0.0, 0.0, 1.0]], [[0.530684769153595, 6.499014474274799e-17, 0.8475692868232727, -0.14069709944725037], [-0.8475692868232727, -1.0379730332833858e-16, 0.530684769153595, -0.08648702120780945], [1.2246468525851679e-16, -1.0, 0.0, 0.04784477615356445], [0.0, 0.0, 0.0, 1.0]], [[0.6813459396362305, -0.5175749659538269, -0.5175749659538269, 0.08365905404090881], [0.7319615483283997, 0.48178431391716003, 0.48178431391716003, -0.07774283087253572], [0.0, -0.7071067690849304, 0.7071067690849304, -0.1560253164768219], [0.0, 0.0, 0.0, 1.0]], [[0.530684769153595, 6.499014474274799e-17, 0.8475692868232727, -0.13750086188316346], [-0.8475692868232727, -1.0379730332833858e-16, 0.530684769153595, -0.08550667071342469], [1.2246468525851679e-16, -1.0, 0.0, -0.04337236785888672], [0.0, 0.0, 0.0, 1.0]], [[0.29322877526283264, -0.6760239601135254, -0.6760239601135254, 0.11040018367767335], [-0.9560422897338867, -0.20734405517578125, -0.20734405517578125, 0.03352366781234741], [0.0, 0.7071067690849304, -0.7071067690849304, 0.14238713288307192], [0.0, 0.0, 0.0, 1.0]], [[-0.8475749492645264, 0.0, -0.5306757092475891, 0.08711528944969177], [-0.5306757092475891, 0.0, 0.8475749492645264, -0.14097663974761965], [0.0, 0.9999999403953552, 0.0, -0.021456207275390625], [0.0, 0.0, 0.0, 1.0]], [[-0.2240782380104065, -0.974571168422699, -2.1639827006374434e-16, -0.0041763730049132995], [-0.974571168422699, 0.2240782380104065, 4.9755363831317843e-17, 0.00011893747001885671], [0.0, 2.220446049250313e-16, -1.0, 0.19207390213012698], [0.0, 0.0, 0.0, 1.0]], [[0.29322877526283264, -0.9560422897338867, -2.122840325155832e-16, 0.0023567965030670468], [-0.9560422897338867, -0.29322877526283264, -6.510986755588647e-17, 0.00035293129086495355], [0.0, 2.220446049250313e-16, -1.0, 0.20597339630126954], [0.0, 0.0, 0.0, 1.0]], [[0.2240782380104065, 0.974571168422699, -2.1639827006374434e-16, 0.0009088320732117002], [0.974571168422699, -0.2240782380104065, 4.9755363831317843e-17, 0.0003010712563991477], [2.7192622655495665e-32, -2.220446049250313e-16, -1.0, 0.20043275833129884], [0.0, 0.0, 0.0, 1.0]], [[-0.530684769153595, -0.5993219614028931, 0.5993219614028931, -0.09778128957748414], [0.8475692868232727, -0.37525078654289246, 0.37525078654289246, -0.060637234330177314], [0.0, 0.7071067690849304, 0.7071067690849304, -0.15650945115089418], [0.0, 0.0, 0.0, 1.0]], [[0.29322877526283264, -1.1708142030180128e-16, 0.9560422897338867, -0.14728801631927493], [-0.9560422897338867, -3.5910170248360426e-17, 0.29322877526283264, -0.04644469344615937], [0.0, -1.0, -1.2246468525851679e-16, 0.0008033060431480579], [0.0, 0.0, 0.0, 1.0]], [[0.6813459396362305, 0.5175749659538269, 0.5175749659538269, -0.08229663300514221], [0.7319615483283997, -0.48178431391716003, -0.48178431391716003, 0.07695792067050936], [0.0, 0.7071067690849304, -0.7071067690849304, 0.14387091279029846], [0.0, 0.0, 0.0, 1.0]], [[-0.29322877526283264, -0.6760239601135254, 0.6760239601135254, -0.10633171939849854], [0.9560422897338867, -0.20734405517578125, 0.20734405517578125, -0.032840907335281375], [-8.659560603426554e-17, 0.7071067690849304, 0.7071067690849304, -0.13802689576148988], [0.0, 0.0, 0.0, 1.0]], [[-0.2240782380104065, 0.974571168422699, 2.1639827006374434e-16, 0.000538845896720856], [-0.974571168422699, -0.2240782380104065, -4.9755363831317843e-17, 0.0002878194451332162], [0.0, -2.220446049250313e-16, 1.0, -0.18488981246948244], [0.0, 0.0, 0.0, 1.0]], [[0.2240782380104065, 0.974571168422699, -2.1639827006374434e-16, 0.0014648104906082456], [0.974571168422699, -0.2240782380104065, 4.9755363831317843e-17, 0.0003209821283817222], [2.7192622655495665e-32, -2.220446049250313e-16, -1.0, 0.16463946342468264], [0.0, 0.0, 0.0, 1.0]], [[0.9993593096733093, 1.2676938610580194e-16, 0.03579118475317955, -0.005794907048344613], [0.03579118475317955, -1.1800307155775277e-16, -0.9993593096733093, 0.1619521715641022], [-1.2246468525851679e-16, 1.0, -1.2246468525851679e-16, 0.030555999755859393], [0.0, 0.0, 0.0, 1.0]], [[-0.7319610714912415, -0.4817847013473511, 0.4817847013473511, -0.07510639905929566], [0.6813464760780334, -0.5175746083259583, 0.5175746083259583, -0.08153230261802674], [-8.659559941682064e-17, 0.7071067094802856, 0.7071067094802856, -0.154400758266449], [0.0, 0.0, 0.0, 1.0]], [[0.9745720624923706, 0.0, -0.22407418489456177, 0.036219451665878304], [-0.22407418489456177, 0.0, -0.9745720624923706, 0.15622724008560182], [0.0, 0.9999999403953552, 0.0, -0.004851984977722168], [0.0, 0.0, 0.0, 1.0]], [[-0.8475749492645264, -6.498903301200472e-17, 0.5306757092475891, -0.08270093703269958], [-0.5306757092475891, 1.0379799816005313e-16, -0.8475749492645264, 0.1302473440170288], [0.0, -0.9999999403953552, -1.2246467202362698e-16, -0.021456207275390608], [0.0, 0.0, 0.0, 1.0]], [[0.9993593096733093, 1.2238622883177736e-16, -0.03579118475317955, 0.006532066777348519], [0.03579118475317955, 4.38315603325367e-18, 0.9993593096733093, -0.16069182038307192], [1.2246468525851679e-16, -1.0, 0.0, -0.004274720668792724], [0.0, 0.0, 0.0, 1.0]], [[-0.6813459396362305, -8.34408185873271e-17, 0.7319615483283997, -0.11984000754356386], [-0.7319615483283997, -8.963943878255857e-17, -0.6813459396362305, 0.11406500625610352], [1.2246468525851679e-16, -1.0, 0.0, -0.019106678009033203], [0.0, 0.0, 0.0, 1.0]], [[-0.530684769153595, -0.5993219614028931, 0.5993219614028931, -0.09763414525985718], [0.8475692868232727, -0.37525078654289246, 0.37525078654289246, -0.06059210169315339], [0.0, 0.7071067690849304, 0.7071067690849304, -0.1438960020542145], [0.0, 0.0, 0.0, 1.0]], [[-0.2240782380104065, -1.1935055539304655e-16, 0.974571168422699, -0.15539254117012025], [-0.974571168422699, 2.744167049933239e-17, -0.2240782380104065, 0.03614033770561218], [0.0, -1.0, -1.2246468525851679e-16, -0.024889812469482405], [0.0, 0.0, 0.0, 1.0]], [[0.9745720624923706, -0.1584443747997284, 0.1584443747997284, -0.023943791747093202], [-0.22407418489456177, -0.6891264915466309, 0.6891264915466309, -0.10800488376617433], [0.0, -0.7071067094802856, -0.7071067094802856, 0.1505998435020447], [0.0, 0.0, 0.0, 1.0]], [[0.8475749492645264, 1.0379799816005313e-16, -0.5306757092475891, 0.08657992911338806], [0.5306757092475891, 6.498903301200472e-17, 0.8475749492645264, -0.13923099803924563], [1.2246467202362698e-16, -0.9999999403953552, 0.0, -0.042540817260742186], [0.0, 0.0, 0.0, 1.0]], [[0.7319610714912415, -8.34408847617761e-17, 0.6813464760780334, -0.10885954451560975], [-0.6813464760780334, -8.963937922555447e-17, 0.7319610714912415, -0.11721706938743592], [0.0, -0.9999999403953552, -1.2246467202362698e-16, -0.03532898712158202], [0.0, 0.0, 0.0, 1.0]], [[0.530684769153595, -0.5993219614028931, 0.5993219614028931, -0.09914816045761109], [-0.8475692868232727, -0.37525078654289246, 0.37525078654289246, -0.061056479096412666], [8.659560603426554e-17, -0.7071067690849304, -0.7071067690849304, 0.1502855818271637], [0.0, 0.0, 0.0, 1.0]], [[-0.29322877526283264, -0.9560422897338867, 2.122840325155832e-16, 0.001832113862037629], [0.9560422897338867, -0.29322877526283264, 6.510986755588647e-17, 0.0003341416120529084], [-2.7192622655495665e-32, 2.220446049250313e-16, 1.0, -0.18488981246948244], [0.0, 0.0, 0.0, 1.0]], [[0.2240782380104065, 2.744167049933239e-17, -0.974571168422699, 0.15397171902656556], [0.974571168422699, 1.1935055539304655e-16, 0.2240782380104065, -0.03565419411659241], [1.2246468525851679e-16, -1.0, 0.0, -0.04305651473999023], [0.0, 0.0, 0.0, 1.0]], [[-0.9745720624923706, 0.1584443747997284, 0.1584443747997284, -0.023943791747093202], [0.22407418489456177, 0.6891264915466309, 0.6891264915466309, -0.10800488376617433], [-8.659559941682064e-17, 0.7071067094802856, -0.7071067094802856, 0.1505998435020447], [0.0, 0.0, 0.0, 1.0]], [[0.8475749492645264, 1.6878703778950275e-16, 0.5306757092475891, -0.08387787318229675], [0.5306757092475891, -3.880896514804841e-17, -0.8475749492645264, 0.13408485126495362], [-1.2246467202362698e-16, 0.9999999403953552, -1.2246467202362698e-16, 0.045865993499755876], [0.0, 0.0, 0.0, 1.0]], [[0.8475749492645264, -0.5306757092475891, 1.178336782031917e-16, 0.002143503427505477], [0.5306757092475891, 0.8475749492645264, -1.8819944475379521e-16, -0.005157030582427952], [-2.719261971675979e-32, 2.220445916901415e-16, 0.9999999403953552, -0.17263984227180482], [0.0, 0.0, 0.0, 1.0]], [[-0.8475749492645264, -6.498903301200472e-17, 0.5306757092475891, -0.08387787318229675], [-0.5306757092475891, 1.0379799816005313e-16, -0.8475749492645264, 0.13408485126495362], [0.0, -0.9999999403953552, -1.2246467202362698e-16, 0.045865993499755876], [0.0, 0.0, 0.0, 1.0]], [[-0.7319610714912415, -6.198494463778364e-18, 0.6813464760780334, -0.11151107096672058], [0.6813464760780334, 1.7308026398733057e-16, 0.7319610714912415, -0.12221464705467225], [-1.2246467202362698e-16, 0.9999999403953552, -1.2246467202362698e-16, 0.02361890983581545], [0.0, 0.0, 0.0, 1.0]], [[0.9745720624923706, 0.1584443747997284, 0.1584443747997284, -0.025028848290443422], [-0.22407418489456177, 0.6891264915466309, 0.6891264915466309, -0.10993227767944337], [0.0, -0.7071067094802856, 0.7071067094802856, -0.13345405340194705], [0.0, 0.0, 0.0, 1.0]], [[-0.7319610714912415, -6.198494463778364e-18, 0.6813464760780334, -0.10571457266807557], [0.6813464760780334, 1.7308026398733057e-16, 0.7319610714912415, -0.1150065896511078], [-1.2246467202362698e-16, 0.9999999403953552, -1.2246467202362698e-16, 0.009625772476196306], [0.0, 0.0, 0.0, 1.0]], [[-0.2240782380104065, 0.974571168422699, 2.1639827006374434e-16, -0.001959668278694183], [-0.974571168422699, -0.2240782380104065, -4.9755363831317843e-17, 0.00019832408428192835], [0.0, -2.220446049250313e-16, 1.0, -0.20305651473999026], [0.0, 0.0, 0.0, 1.0]], [[0.9993593096733093, 0.025308189913630486, -0.025308189913630486, 0.004700089670717717], [0.03579118475317955, -0.7066537141799927, 0.7066537141799927, -0.11335452413558961], [8.659560603426554e-17, -0.7071067690849304, -0.7071067690849304, 0.15900307679176331], [0.0, 0.0, 0.0, 1.0]], [[0.9745720624923706, 0.22407418489456177, 4.9754463858811386e-17, 0.0017462427616119316], [-0.22407418489456177, 0.9745720624923706, 2.1639846858709135e-16, 0.00289415431022641], [0.0, -2.220445916901415e-16, 0.9999999403953552, -0.2013754303455353], [0.0, 0.0, 0.0, 1.0]], [[0.7319610714912415, 0.4817847013473511, 0.4817847013473511, -0.07699054574966431], [-0.6813464760780334, 0.5175746083259583, 0.5175746083259583, -0.08271201014518738], [0.0, -0.7071067094802856, 0.7071067094802856, -0.14041812658309938], [0.0, 0.0, 0.0, 1.0]], [[-0.7319610714912415, -6.198494463778364e-18, 0.6813464760780334, -0.10885954451560975], [0.6813464760780334, 1.7308026398733057e-16, 0.7319610714912415, -0.11721706938743592], [-1.2246467202362698e-16, 0.9999999403953552, -1.2246467202362698e-16, -0.03532898712158202], [0.0, 0.0, 0.0, 1.0]], [[-0.9993593096733093, 0.03579118475317955, 7.947239478318557e-18, 2.3875797167419275e-05], [-0.03579118475317955, -0.9993593096733093, -2.21902343094562e-16, 0.0017541064023971868], [0.0, -2.220446049250313e-16, 1.0, -0.19702542877197265], [0.0, 0.0, 0.0, 1.0]], [[-0.9745720624923706, -1.1935066127216496e-16, -0.22407418489456177, 0.0361776945590973], [0.22407418489456177, 2.7441174190964858e-17, -0.9745720624923706, 0.15615965700149537], [1.2246467202362698e-16, -0.9999999403953552, 0.0, 0.027738155364990236], [0.0, 0.0, 0.0, 1.0]], [[0.9993593096733093, -0.025308189913630486, -0.025308189913630486, 0.004073186196386814], [0.03579118475317955, 0.7066537141799927, 0.7066537141799927, -0.11131048822402956], [8.659560603426554e-17, -0.7071067690849304, 0.7071067690849304, -0.15016251206398012], [0.0, 0.0, 0.0, 1.0]], [[0.7319610714912415, 0.0, -0.6813464760780334, 0.11231630015373231], [-0.6813464760780334, 0.0, -0.7319610714912415, 0.11922095274925233], [0.0, 0.9999999403953552, 0.0, 0.009625772476196288], [0.0, 0.0, 0.0, 1.0]], [[0.7319610714912415, -8.34408847617761e-17, 0.6813464760780334, -0.1060138566493988], [-0.6813464760780334, -8.963937922555447e-17, 0.7319610714912415, -0.11519397997856141], [0.0, -0.9999999403953552, -1.2246467202362698e-16, -0.02078221130371092], [0.0, 0.0, 0.0, 1.0]], [[0.9993593096733093, 1.2676938610580194e-16, 0.03579118475317955, -0.005678418770432473], [0.03579118475317955, -1.1800307155775277e-16, -0.9993593096733093, 0.16157237839698793], [-1.2246468525851679e-16, 1.0, -1.2246468525851679e-16, 0.03877394866943361], [0.0, 0.0, 0.0, 1.0]], [[-0.7319610714912415, 0.6813464760780334, -1.5128930909780923e-16, -0.0024956347942352085], [0.6813464760780334, 0.7319610714912415, -1.625280069397753e-16, -0.005100875377655007], [2.719261971675979e-32, -2.220445916901415e-16, -0.9999999403953552, 0.18361889958381652], [0.0, 0.0, 0.0, 1.0]], [[-0.6813459396362305, -1.7308025075244077e-16, -0.7319615483283997, 0.11564866805076601], [-0.7319615483283997, -6.198620195231472e-18, 0.6813459396362305, -0.10597969818115235], [-1.2246468525851679e-16, 1.0, -1.2246468525851679e-16, -0.0009183015823364086], [0.0, 0.0, 0.0, 1.0]], [[-0.6813459396362305, -1.7308025075244077e-16, -0.7319615483283997, 0.11538667750358583], [-0.7319615483283997, -6.198620195231472e-18, 0.6813459396362305, -0.10556125926971435], [-1.2246468525851679e-16, 1.0, -1.2246468525851679e-16, -0.03530774688720702], [0.0, 0.0, 0.0, 1.0]], [[-0.2240782380104065, -1.1935055539304655e-16, 0.974571168422699, -0.1578564465045929], [-0.974571168422699, 2.744167049933239e-17, -0.2240782380104065, 0.036052081823349], [0.0, -1.0, -1.2246468525851679e-16, -0.03519253158569335], [0.0, 0.0, 0.0, 1.0]], [[0.9745720624923706, -0.22407418489456177, -4.9754463858811386e-17, 0.00043675762414932946], [-0.22407418489456177, -0.9745720624923706, -2.1639846858709135e-16, -0.002869335889816254], [0.0, 2.220445916901415e-16, -0.9999999403953552, 0.2065635521411896], [0.0, 0.0, 0.0, 1.0]], [[-0.2240782380104065, 0.6891258955001831, 0.6891258955001831, -0.11221981191635133], [-0.974571168422699, -0.1584472358226776, -0.1584472358226776, 0.025549881815910343], [0.0, -0.7071067690849304, 0.7071067690849304, -0.15619359421730042], [0.0, 0.0, 0.0, 1.0]], [[-0.8475749492645264, -0.3752443790435791, -0.3752443790435791, 0.06229180526733399], [-0.5306757092475891, 0.599325954914093, 0.599325954914093, -0.10140521788597108], [0.0, 0.7071067094802856, -0.7071067094802856, 0.1300600543022156], [0.0, 0.0, 0.0, 1.0]], [[-0.9745720624923706, 0.1584443747997284, 0.1584443747997284, -0.025233022570610046], [0.22407418489456177, 0.6891264915466309, 0.6891264915466309, -0.11043477439880371], [-8.659559941682064e-17, 0.7071067094802856, -0.7071067094802856, 0.1385150237083435], [0.0, 0.0, 0.0, 1.0]], [[0.9745720624923706, -0.22407418489456177, -4.9754463858811386e-17, 0.00011807743459940654], [-0.22407418489456177, -0.9745720624923706, -2.1639846858709135e-16, -0.0001745356172322924], [0.0, 2.220445916901415e-16, -0.9999999403953552, 0.18537794041633607], [0.0, 0.0, 0.0, 1.0]], [[-0.530684769153595, 0.8475692868232727, 1.8819818743926413e-16, -0.004255360603332546], [0.8475692868232727, 0.530684769153595, 1.1783568990644144e-16, -0.001322676777839677], [0.0, 2.220446049250313e-16, -1.0, 0.1733341522216797], [0.0, 0.0, 0.0, 1.0]], [[-0.9993593096733093, -4.38315603325367e-18, 0.03579118475317955, -0.005678418770432473], [-0.03579118475317955, 1.2238622883177736e-16, -0.9993593096733093, 0.16157237839698793], [0.0, -1.0, -1.2246468525851679e-16, 0.03877394866943361], [0.0, 0.0, 0.0, 1.0]], [[0.29322877526283264, -0.6760239601135254, -0.6760239601135254, 0.11417664718627932], [-0.9560422897338867, -0.20734405517578125, -0.20734405517578125, 0.03365889358520508], [0.0, 0.7071067690849304, -0.7071067690849304, 0.15074622941017152], [0.0, 0.0, 0.0, 1.0]], [[0.7319610714912415, 0.6813464760780334, 1.5128930909780923e-16, 0.003001579761505106], [-0.6813464760780334, 0.7319610714912415, 1.625280069397753e-16, 0.001919791698455788], [0.0, -2.220445916901415e-16, 0.9999999403953552, -0.18078220295906067], [0.0, 0.0, 0.0, 1.0]], [[0.7319610714912415, -8.34408847617761e-17, 0.6813464760780334, -0.11151107096672058], [-0.6813464760780334, -8.963937922555447e-17, 0.7319610714912415, -0.12221464705467225], [0.0, -0.9999999403953552, -1.2246467202362698e-16, 0.02361890983581545], [0.0, 0.0, 0.0, 1.0]], [[-0.9745720624923706, -0.1584443747997284, -0.1584443747997284, 0.027097342610359194], [0.22407418489456177, -0.6891264915466309, -0.6891264915466309, 0.11315439224243165], [8.659559941682064e-17, -0.7071067094802856, 0.7071067094802856, -0.15451251363754273], [0.0, 0.0, 0.0, 1.0]], [[0.7319610714912415, -0.4817847013473511, 0.4817847013473511, -0.07958118677139282], [-0.6813464760780334, -0.5175746083259583, 0.5175746083259583, -0.08791281294822693], [0.0, -0.7071067094802856, -0.7071067094802856, 0.136755982875824], [0.0, 0.0, 0.0, 1.0]], [[-0.530684769153595, 0.0, 0.8475692868232727, -0.13471586203575137], [0.8475692868232727, 0.0, 0.530684769153595, -0.08465244936943055], [0.0, 1.0, 0.0, 0.04446160507202149], [0.0, 0.0, 0.0, 1.0]], [[0.9745720624923706, -2.7441174190964858e-17, 0.22407418489456177, -0.03541511178016663], [-0.22407418489456177, -1.1935066127216496e-16, 0.9745720624923706, -0.15880086565017704], [0.0, -0.9999999403953552, -1.2246467202362698e-16, 0.04656356048583986], [0.0, 0.0, 0.0, 1.0]], [[-0.9745720624923706, -1.1935066127216496e-16, -0.22407418489456177, 0.03615119194984437], [0.22407418489456177, 2.7441174190964858e-17, -0.9745720624923706, 0.15689967012405398], [1.2246467202362698e-16, -0.9999999403953552, 0.0, 0.04019153213500977], [0.0, 0.0, 0.0, 1.0]], [[0.29322877526283264, -0.6760239601135254, 0.6760239601135254, -0.10215102100372316], [-0.9560422897338867, -0.20734405517578125, 0.20734405517578125, -0.03269120407104492], [0.0, -0.7071067690849304, -0.7071067690849304, 0.15074622941017152], [0.0, 0.0, 0.0, 1.0]], [[-0.9745720624923706, 0.22407418489456177, -4.9754463858811386e-17, 0.00019978296756745082], [0.22407418489456177, 0.9745720624923706, -2.1639846858709135e-16, -2.0541621372073395e-05], [2.719261971675