{"co_parameters": [[[0.9745720624923706, 0.1584443747997284, -0.1584443747997284, 0.027097342610359194], [-0.22407418489456177, 0.6891264915466309, -0.6891264915466309, 0.11315439224243165], [0.0, 0.7071067094802856, 0.7071067094802856, -0.15451251363754273], [0.0, 0.0, 0.0, 1.0]], [[0.8475749492645264, 1.0379799816005313e-16, -0.5306757092475891, 0.08716081786155701], [0.5306757092475891, 6.498903301200472e-17, 0.8475749492645264, -0.14112505626678468], [1.2246467202362698e-16, -0.9999999403953552, 0.0, 0.01692298126220703], [0.0, 0.0, 0.0, 1.0]], [[0.530684769153595, -0.5993219614028931, -0.5993219614028931, 0.0926348671913147], [-0.8475692868232727, -0.37525078654289246, -0.37525078654289246, 0.059023772358894354], [-8.659560603426554e-17, 0.7071067690849304, -0.7071067690849304, 0.1502855818271637], [0.0, 0.0, 0.0, 1.0]], [[0.530684769153595, 6.499014474274799e-17, 0.8475692868232727, -0.14069709944725037], [-0.8475692868232727, -1.0379730332833858e-16, 0.530684769153595, -0.08648702120780945], [1.2246468525851679e-16, -1.0, 0.0, 0.04784477615356445], [0.0, 0.0, 0.0, 1.0]], [[-0.2240782380104065, -0.974571168422699, -2.1639827006374434e-16, 0.0009088320732117002], [-0.974571168422699, 0.2240782380104065, 4.9755363831317843e-17, 0.0003010712563991477], [0.0, 2.220446049250313e-16, -1.0, 0.20043275833129884], [0.0, 0.0, 0.0, 1.0]], [[0.7319610714912415, -0.6813464760780334, -1.5128930909780923e-16, -0.0024956347942352085], [-0.6813464760780334, -0.7319610714912415, -1.625280069397753e-16, -0.005100875377655007], [0.0, 2.220445916901415e-16, -0.9999999403953552, 0.18361889958381652], [0.0, 0.0, 0.0, 1.0]], [[-0.2240782380104065, -0.974571168422699, -2.1639827006374434e-16, -0.0052641487121581725], [-0.974571168422699, 0.2240782380104065, 4.9755363831317843e-17, 8.000695705413122e-05], [0.0, 2.220446049250313e-16, -1.0, 0.1847932586669922], [0.0, 0.0, 0.0, 1.0]], [[-0.7319610714912415, -0.6813464760780334, 1.5128930909780923e-16, -0.0009246305227279875], [0.6813464760780334, -0.7319610714912415, 1.625280069397753e-16, -0.0021398129463196026], [-2.719261971675979e-32, 2.220445916901415e-16, 0.9999999403953552, -0.20361481022834776], [0.0, 0.0, 0.0, 1.0]], [[-0.530684769153595, 1.0379730332833858e-16, -0.8475692868232727, 0.13630242323875427], [0.8475692868232727, 6.499014474274799e-17, -0.530684769153595, 0.08510413908958435], [0.0, -1.0, -1.2246468525851679e-16, -0.010077646255493147], [0.0, 0.0, 0.0, 1.0]], [[0.530684769153595, -3.880715858559059e-17, -0.8475692868232727, 0.13372131037712098], [-0.8475692868232727, -1.6878744807108658e-16, -0.530684769153595, 0.08431245493888856], [-1.2246468525851679e-16, 1.0, -1.2246468525851679e-16, -0.04337236785888671], [0.0, 0.0, 0.0, 1.0]], [[0.9745720624923706, 0.0, -0.22407418489456177, 0.0361614215373993], [-0.22407418489456177, 0.0, -0.9745720624923706, 0.15661398363113405], [0.0, 0.9999999403953552, 0.0, 0.0022350268363952636], [0.0, 0.0, 0.0, 1.0]], [[0.7319610714912415, -0.6813464760780334, -1.5128930909780923e-16, -0.002359257221221903], [-0.6813464760780334, -0.7319610714912415, -1.625280069397753e-16, -0.004843822479248024], [0.0, 2.220445916901415e-16, -0.9999999403953552, 0.1672417767047882], [0.0, 0.0, 0.0, 1.0]], [[-0.9993593096733093, 0.0, -0.03579118475317955, 0.006532066777348519], [-0.03579118475317955, 0.0, 0.9993593096733093, -0.16069182038307192], [0.0, 1.0, 0.0, -0.004274720668792724], [0.0, 0.0, 0.0, 1.0]], [[-0.9745720624923706, 0.22407418489456177, -4.9754463858811386e-17, 0.0003095520436763833], [0.22407418489456177, 0.9745720624923706, -2.1639846858709135e-16, 0.0006824533343315427], [2.719261971675979e-32, -2.220445916901415e-16, -0.9999999403953552, 0.16223501706123353], [0.0, 0.0, 0.0, 1.0]], [[-0.9745720624923706, -0.22407418489456177, 4.9754463858811386e-17, 0.0017004350423812796], [0.22407418489456177, -0.9745720624923706, 2.1639846858709135e-16, 0.002807831048965424], [-2.719261971675979e-32, 2.220445916901415e-16, 0.9999999403953552, -0.1878400719165802], [0.0, 0.0, 0.0, 1.0]], [[-0.530684769153595, 0.5993219614028931, 0.5993219614028931, -0.10097752904891968], [0.8475692868232727, 0.37525078654289246, 0.37525078654289246, -0.06161758387088777], [0.0, 0.7071067690849304, -0.7071067690849304, 0.16098185944557192], [0.0, 0.0, 0.0, 1.0]], [[0.6813459396362305, -0.7319615483283997, -1.6252811281889371e-16, -0.000980801582336403], [0.7319615483283997, 0.6813459396362305, 1.5128918998380102e-16, 0.002262029170989969], [0.0, -2.220446049250313e-16, 1.0, -0.16989560317993166], [0.0, 0.0, 0.0, 1.0]], [[0.8475749492645264, 1.6878703778950275e-16, 0.5306757092475891, -0.08387787318229675], [0.5306757092475891, -3.880896514804841e-17, -0.8475749492645264, 0.13408485126495362], [-1.2246467202362698e-16, 0.9999999403953552, -1.2246467202362698e-16, 0.045865993499755876], [0.0, 0.0, 0.0, 1.0]], [[-0.29322877526283264, -0.6760239601135254, 0.6760239601135254, -0.10633171939849854], [0.9560422897338867, -0.20734405517578125, 0.20734405517578125, -0.032840907335281375], [-8.659560603426554e-17, 0.7071067690849304, 0.7071067690849304, -0.13802689576148988], [0.0, 0.0, 0.0, 1.0]], [[-0.29322877526283264, 0.6760239601135254, -0.6760239601135254, 0.11040018367767335], [0.9560422897338867, 0.20734405517578125, -0.20734405517578125, 0.03352366781234741], [8.659560603426554e-17, -0.7071067690849304, -0.7071067690849304, 0.14238713288307192], [0.0, 0.0, 0.0, 1.0]], [[0.9993593096733093, 1.2676938610580194e-16, 0.03579118475317955, -0.005079542264342309], [0.03579118475317955, -1.1800307155775277e-16, -0.9993593096733093, 0.159619720697403], [-1.2246468525851679e-16, 1.0, -1.2246468525851679e-16, -0.0259877243041992], [0.0, 0.0, 0.0, 1.0]], [[-0.2240782380104065, 0.0, -0.974571168422699, 0.15651562809944153], [-0.974571168422699, 0.0, 0.2240782380104065, -0.03556307148933411], [0.0, 1.0, 0.0, -0.016557973861694338], [0.0, 0.0, 0.0, 1.0]], [[-0.9745720624923706, 0.22407418489456177, -4.9754463858811386e-17, 0.00011807743459940654], [0.22407418489456177, 0.9745720624923706, -2.1639846858709135e-16, -0.0001745356172322924], [2.719261971675979e-32, -2.220445916901415e-16, -0.9999999403953552, 0.18537794041633607], [0.0, 0.0, 0.0, 1.0]], [[-0.2240782380104065, 0.0, -0.974571168422699, 0.15060641407966616], [-0.974571168422699, 0.0, 0.2240782380104065, -0.035774688482284545], [0.0, 1.0, 0.0, 0.04457277297973633], [0.0, 0.0, 0.0, 1.0]], [[-0.2240782380104065, -0.974571168422699, -2.1639827006374434e-16, -0.005324973106384247], [-0.974571168422699, 0.2240782380104065, 4.9755363831317843e-17, 7.782974839209813e-05], [0.0, 2.220446049250313e-16, -1.0, 0.20457277679443361], [0.0, 0.0, 0.0, 1.0]], [[-0.9993593096733093, -4.38315603325367e-18, 0.03579118475317955, -0.005075810328125954], [-0.03579118475317955, 1.2238622883177736e-16, -0.9993593096733093, 0.15960755944252017], [0.0, -1.0, -1.2246468525851679e-16, 0.045865993499755876], [0.0, 0.0, 0.0, 1.0]], [[-0.7319610714912415, -0.4817847013473511, 0.4817847013473511, -0.07801018285751343], [0.6813464760780334, -0.5175746083259583, 0.5175746083259583, -0.08495175051689148], [-8.659559941682064e-17, 0.7071067094802856, 0.7071067094802856, -0.15675189352035523], [0.0, 0.0, 0.0, 1.0]], [[0.2240782380104065, -0.974571168422699, 2.1639827006374434e-16, -0.00546307659149173], [0.974571168422699, 0.2240782380104065, -4.9755363831317843e-17, 7.288853079081279e-05], [-2.7192622655495665e-32, 2.220446049250313e-16, 1.0, -0.16534864616394043], [0.0, 0.0, 0.0, 1.0]], [[0.29322877526283264, -0.6760239601135254, -0.6760239601135254, 0.11040018367767335], [-0.9560422897338867, -0.20734405517578125, -0.20734405517578125, 0.03352366781234741], [0.0, 0.7071067690849304, -0.7071067690849304, 0.14238713288307192], [0.0, 0.0, 0.0, 1.0]], [[0.29322877526283264, -0.9560422897338867, -2.122840325155832e-16, 0.005749282836914092], [-0.9560422897338867, -0.29322877526283264, -6.510986755588647e-17, 0.0004744384884834381], [0.0, 2.220446049250313e-16, -1.0, 0.16787600326538088], [0.0, 0.0, 0.0, 1.0]], [[0.6813459396362305, 0.7319615483283997, 1.6252811281889371e-16, -0.0012359608411789168], [0.7319615483283997, -0.6813459396362305, -1.5128918998380102e-16, 0.0026695556640625212], [0.0, 2.220446049250313e-16, -1.0, 0.18165717697143557], [0.0, 0.0, 0.0, 1.0]], [[-0.8475749492645264, 0.0, -0.5306757092475891, 0.08657992911338806], [-0.5306757092475891, 0.0, 0.8475749492645264, -0.13923099803924563], [0.0, 0.9999999403953552, 0.0, -0.042540817260742186], [0.0, 0.0, 0.0, 1.0]], [[-0.9745720624923706, 0.1584443747997284, 0.1584443747997284, -0.025233022570610046], [0.22407418489456177, 0.6891264915466309, 0.6891264915466309, -0.11043477439880371], [-8.659559941682064e-17, 0.7071067094802856, -0.7071067094802856, 0.1385150237083435], [0.0, 0.0, 0.0, 1.0]], [[0.6813459396362305, 0.0, 0.7319615483283997, -0.11858316969871523], [0.7319615483283997, 0.0, -0.6813459396362305, 0.11205761909484864], [0.0, 1.0, 0.0, 0.03670837783813476], [0.0, 0.0, 0.0, 1.0]], [[0.9745720624923706, 0.0, -0.22407418489456177, 0.037552304506301884], [-0.22407418489456177, 0.0, -0.9745720624923706, 0.15873936128616334], [0.0, 0.9999999403953552, 0.0, -0.0278400821685791], [0.0, 0.0, 0.0, 1.0]], [[0.530684769153595, 0.5993219614028931, -0.5993219614028931, 0.0941488823890686], [-0.8475692868232727, 0.37525078654289246, -0.37525078654289246, 0.059488149762153636], [-8.659560603426554e-17, 0.7071067690849304, 0.7071067690849304, -0.1438960020542145], [0.0, 0.0, 0.0, 1.0]], [[0.9745720624923706, -0.1584443747997284, -0.1584443747997284, 0.026758408188819888], [-0.22407418489456177, -0.6891264915466309, -0.6891264915466309, 0.11251559448242188], [0.0, 0.7071067094802856, -0.7071067094802856, 0.1505998435020447], [0.0, 0.0, 0.0, 1.0]], [[0.7319610714912415, -8.34408847617761e-17, 0.6813464760780334, -0.11137469363212586], [-0.6813464760780334, -8.963937922555447e-17, 0.7319610714912415, -0.12195759367942811], [0.0, -0.9999999403953552, -1.2246467202362698e-16, 0.00724178600311281], [0.0, 0.0, 0.0, 1.0]], [[0.9745720624923706, 0.22407418489456177, 4.9754463858811386e-17, 0.0010269230604171683], [-0.22407418489456177, 0.9745720624923706, 2.1639846858709135e-16, 0.0015384238958358462], [0.0, -2.220445916901415e-16, 0.9999999403953552, -0.17239843678474426], [0.0, 0.0, 0.0, 1.0]], [[0.6813459396362305, -0.5175749659538269, -0.5175749659538269, 0.08365905404090881], [0.7319615483283997, 0.48178431391716003, 0.48178431391716003, -0.07774283087253572], [0.0, -0.7071067690849304, 0.7071067690849304, -0.1560253164768219], [0.0, 0.0, 0.0, 1.0]], [[-0.7319610714912415, -0.6813464760780334, 1.5128930909780923e-16, 0.0004203958511352327], [0.6813464760780334, -0.7319610714912415, 1.625280069397753e-16, 0.00039524385333058944], [-2.719261971675979e-32, 2.220445916901415e-16, 0.9999999403953552, -0.17239843678474426], [0.0, 0.0, 0.0, 1.0]], [[0.7319610714912415, -8.34408847617761e-17, 0.6813464760780334, -0.10412847018241883], [-0.6813464760780334, -8.963937922555447e-17, 0.7319610714912415, -0.1140135018825531], [0.0, -0.9999999403953552, -1.2246467202362698e-16, -0.034646171569824205], [0.0, 0.0, 0.0, 1.0]], [[0.29322877526283264, 0.9560422897338867, 2.122840325155832e-16, 0.0034350988864898383], [-0.9560422897338867, 0.29322877526283264, 6.510986755588647e-17, 0.00039155337214469], [0.0, -2.220446049250313e-16, 1.0, -0.20396644592285157], [0.0, 0.0, 0.0, 1.0]], [[0.9993593096733093, 1.2238622883177736e-16, -0.03579118475317955, 0.006532066777348519], [0.03579118475317955, 4.38315603325367e-18, 0.9993593096733093, -0.16069182038307192], [1.2246468525851679e-16, -1.0, 0.0, -0.004274720668792724], [0.0, 0.0, 0.0, 1.0]], [[0.29322877526283264, 0.0, -0.9560422897338867, 0.15484427452087404], [-0.9560422897338867, 0.0, -0.29322877526283264, 0.047252373099327095], [0.0, 1.0, 0.0, -0.016557973861694338], [0.0, 0.0, 0.0, 1.0]], [[-0.9745720624923706, -9.19094870812001e-17, 0.22407418489456177, -0.03415143442153931], [0.22407418489456177, 1.4679184208057471e-16, 0.9745720624923706, -0.1531236996650696], [-1.2246467202362698e-16, 0.9999999403953552, -1.2246467202362698e-16, -0.027840082168579083], [0.0, 0.0, 0.0, 1.0]], [[0.29322877526283264, -1.1708142030180128e-16, 0.9560422897338867, -0.14728801631927493], [-0.9560422897338867, -3.5910170248360426e-17, 0.29322877526283264, -0.04644469344615937], [0.0, -1.0, -1.2246468525851679e-16, 0.0008033060431480579], [0.0, 0.0, 0.0, 1.0]], [[0.8475749492645264, -0.3752443790435791, -0.3752443790435791, 0.06218260383605957], [0.5306757092475891, 0.599325954914093, 0.599325954914093, -0.10104918265342713], [8.659559941682064e-17, -0.7071067094802856, 0.7071067094802856, -0.12577692556381226], [0.0, 0.0, 0.0, 1.0]], [[0.6813459396362305, 8.963943878255857e-17, -0.7319615483283997, 0.11527800059318544], [0.7319615483283997, -8.34408185873271e-17, 0.6813459396362305, -0.10538768005371094], [0.0, -1.0, -1.2246468525851679e-16, -0.026454080581665023], [0.0, 0.0, 0.0, 1.0]], [[0.7319610714912415, 0.6813464760780334, 1.5128930909780923e-16, 0.0019791533946990755], [-0.6813464760780334, 0.7319610714912415, 1.625280069397753e-16, 0.0012796344757079851], [0.0, -2.220445916901415e-16, 0.9999999403953552, -0.20126367497444153], [0.0, 0.0, 0.0, 1.0]], [[0.7319610714912415, 0.0, -0.6813464760780334, 0.10665617918968201], [-0.6813464760780334, 0.0, -0.7319610714912415, 0.11226994872093202], [0.0, 0.9999999403953552, 0.0, 0.007241786003112793], [0.0, 0.0, 0.0, 1.0]], [[-0.530684769153595, -0.8475692868232727, -1.8819818743926413e-16, 0.0006913364529609944], [0.8475692868232727, -0.530684769153595, -1.1783568990644144e-16, 0.00019457629323007327], [0.0, -2.220446049250313e-16, 1.0, -0.17007764625549318], [0.0, 0.0, 0.0, 1.0]], [[0.9993593096733093, 0.03579118475317955, -7.947239478318557e-18, 0.0006507792472839367], [0.03579118475317955, -0.9993593096733093, 2.21902343094562e-16, -0.0002899298369884802], [2.7192622655495665e-32, -2.220446049250313e-16, -1.0, 0.20586599731445315], [0.0, 0.0, 0.0, 1.0]], [[0.530684769153595, 0.5993219614028931, -0.5993219614028931, 0.0954951024055481], [-0.8475692868232727, 0.37525078654289246, -0.37525078654289246, 0.05990106403827668], [-8.659560603426554e-17, 0.7071067690849304, 0.7071067690849304, -0.13606258988380432], [0.0, 0.0, 0.0, 1.0]], [[0.29322877526283264, -0.6760239601135254, 0.6760239601135254, -0.10215102100372316], [-0.9560422897338867, -0.20734405517578125, 0.20734405517578125, -0.03269120407104492], [0.0, -0.7071067690849304, -0.7071067690849304, 0.15074622941017152], [0.0, 0.0, 0.0, 1.0]], [[0.29322877526283264, 0.0, -0.9560422897338867, 0.1567366695404053], [-0.9560422897338867, 0.0, -0.29322877526283264, 0.04732014787197114], [0.0, 1.0, 0.0, 0.020226324081420898], [0.0, 0.0, 0.0, 1.0]], [[-0.2240782380104065, -0.6891258955001831, -0.6891258955001831, 0.10493516969680787], [-0.974571168422699, 0.1584472358226776, 0.1584472358226776, -0.02527372801303864], [0.0, 0.7071067690849304, -0.7071067690849304, 0.15770985627174378], [0.0, 0.0, 0.0, 1.0]], [[-0.8475749492645264, -0.3752443790435791, 0.3752443790435791, -0.058593986034393315], [-0.5306757092475891, 0.599325954914093, -0.599325954914093, 0.09301231646537782], [0.0, -0.7071067094802856, -0.7071067094802856, 0.1410746512413025], [0.0, 0.0, 0.0, 1.0]], [[-0.9745720624923706, -1.1935066127216496e-16, -0.22407418489456177, 0.035734892606735236], [0.22407418489456177, 2.7441174190964858e-17, -0.9745720624923706, 0.15531396341323855], [1.2246467202362698e-16, -0.9999999403953552, 0.0, 0.01790398406982422], [0.0, 0.0, 0.0, 1.0]], [[0.9745720624923706, -2.7441174190964858e-17, 0.22407418489456177, -0.03549456429481507], [-0.22407418489456177, -1.1935066127216496e-16, 0.9745720624923706, -0.15658239030838014], [0.0, -0.9999999403953552, -1.2246467202362698e-16, 0.01673023986816408], [0.0, 0.0, 0.0, 1.0]], [[-0.9993593096733093, 0.03579118475317955, 7.947239478318557e-18, 2.3875797167419275e-05], [-0.03579118475317955, -0.9993593096733093, -2.21902343094562e-16, 0.0017541064023971868], [0.0, -2.220446049250313e-16, 1.0, -0.19702542877197265], [0.0, 0.0, 0.0, 1.0]], [[0.7319610714912415, 0.6813464760780334, 1.5128930909780923e-16, 0.0005838403701782015], [-0.6813464760780334, 0.7319610714912415, 1.625280069397753e-16, 0.0004059953391551744], [0.0, -2.220445916901415e-16, 0.9999999403953552, -0.1706758396625519], [0.0, 0.0, 0.0, 1.0]], [[0.2240782380104065, -0.6891258955001831, 0.6891258955001831, -0.11221981191635133], [0.974571168422699, 0.1584472358226776, -0.1584472358226776, 0.025549881815910343], [-8.659560603426554e-17, 0.7071067690849304, 0.7071067690849304, -0.15619359421730042], [0.0, 0.0, 0.0, 1.0]], [[-0.29322877526283264, -0.9560422897338867, 2.122840325155832e-16, 0.00541463851928708], [0.9560422897338867, -0.29322877526283264, 6.510986755588647e-17, 0.00046245089173316045], [-2.7192622655495665e-32, 2.220446049250313e-16, 1.0, -0.1943472595214844], [0.0, 0.0, 0.0, 1.0]], [[-0.9993593096733093, 0.025308189913630486, 0.025308189913630486, -0.0043140452280640606], [-0.03579118475317955, -0.7066537141799927, -0.7066537141799927, 0.11575969266891481], [0.0, -0.7071067690849304, 0.7071067690849304, -0.12863372445106508], [0.0, 0.0, 0.0, 1.0]], [[0.7319610714912415, 0.4817847013473511, 0.4817847013473511, -0.07408397245407106], [-0.6813464760780334, 0.5175746083259583, 0.5175746083259583, -0.08089214587211609], [0.0, -0.7071067094802856, 0.7071067094802856, -0.13391928625106814], [0.0, 0.0, 0.0, 1.0]], [[-0.7319610714912415, -8.963937922555447e-17, -0.6813464760780334, 0.11210483813285828], [0.6813464760780334, 8.34408847617761e-17, -0.7319610714912415, 0.11908855032920838], [1.2246467202362698e-16, -0.9999999403953552, 0.0, -0.0026077048778533935], [0.0, 0.0, 0.0, 1.0]], [[-0.2240782380104065, 0.0, -0.974571168422699, 0.1540063259601593], [-0.974571168422699, 0.0, 0.2240782380104065, -0.03565295433998108], [0.0, 1.0, 0.0, -0.03519253158569336], [0.0, 0.0, 0.0, 1.0]], [[0.530684769153595, 0.8475692868232727, -1.8819818743926413e-16, 0.0006913364529609944], [-0.8475692868232727, 0.530684769153595, -1.1783568990644144e-16, 0.00019457629323007327], [-2.7192622655495665e-32, 2.220446049250313e-16, 1.0, -0.17007764625549318], [0.0, 0.0, 0.0, 1.0]], [[-0.8475749492645264, -6.498903301200472e-17, 0.5306757092475891, -0.08387787318229675], [-0.5306757092475891, 1.0379799816005313e-16, -0.8475749492645264, 0.13408485126495362], [0.0, -0.9999999403953552, -1.2246467202362698e-16, 0.045865993499755876], [0.0, 0.0, 0.0, 1.0]], [[0.6813459396362305, 8.963943878255857e-17, -0.7319615483283997, 0.11564452528953553], [0.7319615483283997, -8.34408185873271e-17, 0.6813459396362305, -0.10597308158874512], [0.0, -1.0, -1.2246468525851679e-16, 0.03670837783813478], [0.0, 0.0, 0.0, 1.0]], [[-0.2240782380104065, 0.6891258955001831, -0.6891258955001831, 0.10830047464370729], [-0.974571168422699, -0.1584472358226776, 0.1584472358226776, -0.0251532336473465], [0.0, 0.7071067690849304, 0.7071067690849304, -0.15619359421730042], [0.0, 0.0, 0.0, 1.0]], [[0.9745720624923706, 0.0, -0.22407418489456177, 0.03725917792320252], [-0.22407418489456177, 0.0, -0.9745720624923706, 0.15818688440322878], [0.0, 0.9999999403953552, 0.0, 0.0374627685546875], [0.0, 0.0, 0.0, 1.0]], [[0.9745720624923706, 0.0, -0.22407418489456177, 0.03635780882835389], [-0.22407418489456177, 0.0, -0.9745720624923706, 0.15113054513931276], [0.0, 0.9999999403953552, 0.0, -0.04456460571289063], [0.0, 0.0, 0.0, 1.0]], [[-0.9745720624923706, -0.1584443747997284, 0.1584443747997284, -0.024845160841941834], [0.22407418489456177, -0.6891264915466309, 0.6891264915466309, -0.11506122398376466], [-8.659559941682064e-17, 0.7071067094802856, 0.7071067094802856, -0.1577016806602478], [0.0, 0.0, 0.0, 1.0]], [[0.8475749492645264, -0.5306757092475891, 1.178336782031917e-16, 0.0014016157388686968], [0.5306757092475891, 0.8475749492645264, -1.8819944475379521e-16, -0.0027380115985870097], [-2.719261971675979e-32, 2.220445916901415e-16, 0.9999999403953552, -0.15970162320137024], [0.0, 0.0, 0.0, 1.0]], [[0.2240782380104065, 2.744167049933239e-17, -0.974571168422699, 0.15397171902656556], [0.974571168422699, 1.1935055539304655e-16, 0.2240782380104065, -0.03565419411659241], [1.2246468525851679e-16, -1.0, 0.0, -0.04305651473999023], [0.0, 0.0, 0.0, 1.0]], [[0.530684769153595, 0.5993219614028931, 0.5993219614028931, -0.1010691294670105], [-0.8475692868232727, 0.37525078654289246, 0.37525078654289246, -0.06164567434787751], [8.659560603426554e-17, -0.7071067690849304, 0.7071067690849304, -0.1311644995212555], [0.0, 0.0, 0.0, 1.0]], [[0.6813459396362305, -0.7319615483283997, -1.6252811281889371e-16, 0.0008470592498779525], [0.7319615483283997, 0.6813459396362305, 1.5128918998380102e-16, -0.0006573407649994108], [0.0, -2.220446049250313e-16, 1.0, -0.20288823318481447], [0.0, 0.0, 0.0, 1.0]], [[0.530684769153595, 6.499014474274799e-17, 0.8475692868232727, -0.13471586203575137], [-0.8475692868232727, -1.0379730332833858e-16, 0.530684769153595, -0.08465244936943055], [1.2246468525851679e-16, -1.0, 0.0, 0.04446160507202149], [0.0, 0.0, 0.0, 1.0]], [[-0.7319610714912415, -0.4817847013473511, -0.4817847013473511, 0.07616092157363892], [0.6813464760780334, -0.5175746083259583, -0.5175746083259583, 0.08067212462425233], [8.659559941682064e-17, -0.7071067094802856, 0.7071067094802856, -0.15675189352035523], [0.0, 0.0, 0.0, 1.0]], [[-0.29322877526283264, -3.5910170248360426e-17, -0.9560422897338867, 0.1547988796234131], [0.9560422897338867, 1.1708142030180128e-16, -0.29322877526283264, 0.04725074565410615], [1.2246468525851679e-16, -1.0, 0.0, -0.024889812469482422], [0.0, 0.0, 0.0, 1.0]], [[0.29322877526283264, 0.0, -0.9560422897338867, 0.15532356262207034], [-0.9560422897338867, 0.0, -0.29322877526283264, 0.04726953542232514], [0.0, 1.0, 0.0, 0.04597339630126953], [0.0, 0.0, 0.0, 1.0]], [[0.9745720624923706, 0.0, -0.22407418489456177, 0.03615119194984437], [-0.22407418489456177, 0.0, -0.9745720624923706, 0.15689967012405398], [0.0, 0.9999999403953552, 0.0, 0.04019153213500977], [0.0, 0.0, 0.0, 1.0]], [[0.9745720624923706, -2.7441174190964858e-17, 0.22407418489456177, -0.03565208649635315], [-0.22407418489456177, -1.1935066127216496e-16, 0.9745720624923706, -0.15595207071304323], [0.0, -0.9999999403953552, -1.2246467202362698e-16, 0.007799271106719988], [0.0, 0.0, 0.0, 1.0]], [[-0.6813459396362305, -1.7308025075244077e-16, -0.7319615483283997, 0.11613304591178895], [-0.7319615483283997, -6.198620195231472e-18, 0.6813459396362305, -0.10675332164764405], [-1.2246468525851679e-16, 1.0, -1.2246468525851679e-16, -0.009895602226257308], [0.0, 0.0, 0.0, 1.0]], [[0.29322877526283264, 0.9560422897338867, 2.122840325155832e-16, 0.003718294143676728], [-0.9560422897338867, 0.29322877526283264, 6.510986755588647e-17, 0.0004016945362090973], [0.0, -2.220446049250313e-16, 1.0, -0.16889220237731936], [0.0, 0.0, 0.0, 1.0]], [[0.29322877526283264, 0.0, -0.9560422897338867, 0.15668506050109865], [-0.9560422897338867, 0.0, -0.29322877526283264, 0.047318298697471624], [0.0, 1.0, 0.0, -0.008892201423645019], [0.0, 0.0, 0.0, 1.0]], [[-0.2240782380104065, 0.0, -0.974571168422699, 0.15684021878242493], [-0.974571168422699, 0.0, 0.2240782380104065, -0.035551446676254275], [0.0, 1.0, 0.0, 0.04043275833129883], [0.0, 0.0, 0.0, 1.0]], [[-0.9745720624923706, -1.1935066127216496e-16, -0.22407418489456177, 0.03628862738609315], [0.22407418489456177, 2.7441174190964858e-17, -0.9745720624923706, 0.1530621933937073], [1.2246467202362698e-16, -0.9999999403953552, 0.0, 0.046563560485839844], [0.0, 0.0, 0.0, 1.0]], [[-0.29322877526283264, -3.5910170248360426e-17, -0.9560422897338867, 0.15484427452087404], [0.9560422897338867, 1.1708142030180128e-16, -0.29322877526283264, 0.047252373099327095], [1.2246468525851679e-16, -1.0, 0.0, -0.016557973861694338], [0.0, 0.0, 0.0, 1.0]], [[0.7319610714912415, -8.34408847617761e-17, 0.6813464760780334, -0.10892042994499207], [-0.6813464760780334, -8.963937922555447e-17, 0.7319610714912415, -0.11701384425163269], [0.0, -0.9999999403953552, -1.2246467202362698e-16, -0.027281053543090805], [0.0, 0.0, 0.0, 1.0]], [[0.2240782380104065, 0.974571168422699, -2.1639827006374434e-16, -0.0041763730049132995], [0.974571168422699, -0.2240782380104065, 4.9755363831317843e-17, 0.00011893747001885671], [2.7192622655495665e-32, -2.220446049250313e-16, -1.0, 0.19207390213012698], [0.0, 0.0, 0.0, 1.0]], [[0.8475749492645264, 0.3752443790435791, -0.3752443790435791, 0.06106934070587158], [0.5306757092475891, -0.599325954914093, 0.599325954914093, -0.09741929411888124], [8.659559941682064e-17, -0.7071067094802856, -0.7071067094802856, 0.15900306844711304], [0.0, 0.0, 0.0, 1.0]], [[-0.530684769153595, -0.8475692868232727, -1.8819818743926413e-16, -0.005177615642547581], [0.8475692868232727, -0.530684769153595, -1.1783568990644144e-16, -0.0016055486202239827], [0.0, -2.220446049250313e-16, 1.0, -0.17802741622924806], [0.0, 0.0, 0.0, 1.0]], [[-0.8475749492645264, -6.498903301200472e-17, 0.5306757092475891, -0.0845047767162323], [-0.5306757092475891, 1.0379799816005313e-16, -0.8475749492645264, 0.13612888622283936], [0.0, -0.9999999403953552, -1.2246467202362698e-16, -0.037025428771972645], [0.0, 0.0, 0.0, 1.0]], [[0.29322877526283264, -0.6760239601135254, 0.6760239601135254, -0.1059274835586548], [-0.9560422897338867, -0.20734405517578125, 0.20734405517578125, -0.03282642984390259], [0.0, -0.7071067690849304, -0.7071067690849304, 0.14238713288307192], [0.0, 0.0, 0.0, 1.0]], [[-0.7319610714912415, -8.963937922555447e-17, -0.6813464760780334, 0.10981621718406678], [0.6813464760780334, 8.34408847617761e-17, -0.7319610714912415, 0.11822594618797302], [1.2246467202362698e-16, -0.9999999403953552, 0.0, 0.0374627685546875], [0.0, 0.0, 0.0, 1.0]], [[0.9993593096733093, 1.2238622883177736e-16, -0.03579118475317955, 0.006377368763089181], [0.03579118475317955, 4.38315603325367e-18, 0.9993593096733093, -0.16018742012977602], [1.2246468525851679e-16, -1.0, 0.0, 0.04586599349975586], [0.0, 0.0, 0.0, 1.0]], [[-0.7319610714912415, 0.4817847013473511, 0.4817847013473511, -0.07628477144241333], [0.6813464760780334, 0.5175746083259583, 0.5175746083259583, -0.08169976210594178], [-8.659559941682064e-17, 0.7071067094802856, -0.7071067094802856, 0.1505998435020447], [0.0, 0.0, 0.0, 1.0]], [[-0.6813459396362305, 0.7319615483283997, -1.6252811281889371e-16, -0.000980801582336403], [-0.7319615483283997, -0.6813459396362305, 1.5128918998380102e-16, 0.002262029170989969], [-2.7192622655495665e-32, 2.220446049250313e-16, 1.0, -0.16989560317993166], [0.0, 0.0, 0.0, 1.0]], [[0.29322877526283264, -0.6760239601135254, 0.6760239601135254, -0.10580703735351564], [-0.9560422897338867, -0.20734405517578125, 0.20734405517578125, -0.03282211756706238], [0.0, -0.7071067690849304, -0.7071067690849304, 0.15911047959327698], [0.0, 0.0, 0.0, 1.0]], [[-0.7319610714912415, 0.6813464760780334, -1.5128930909780923e-16, -0.0024956347942352085], [0.6813464760780334, 0.7319610714912415, -1.625280069397753e-16, -0.005100875377655007], [2.719261971675979e-32, -2.220445916901415e-16, -0.9999999403953552, 0.18361889958381652], [0.0, 0.0, 0.0, 1.0]], [[-0.6813459396362305, -0.5175749659538269, 0.5175749659538269, -0.08229663300514221], [-0.7319615483283997, 0.48178431391716003, -0.48178431391716003, 0.07695792067050936], [8.659560603426554e-17, -0.7071067690849304, -0.7071067690849304, 0.14387091279029846], [0.0, 0.0, 0.0, 1.0]], [[-0.9745720624923706, 0.22407418489456177, -4.9754463858811386e-17, 0.00032582479715347984], [0.22407418489456177, 0.9745720624923706, -2.1639846858709135e-16, 0.00022812712192538432], [2.719261971675979e-32, -2.220445916901415e-16, -0.9999999403953552, 0.18773814702033997], [0.0, 0.0, 0.0, 1.0]], [[0.9745720624923706, 0.22407418489456177, 4.9754463858811386e-17, 0.0004383198022842338], [-0.22407418489456177, 0.9745720624923706, 2.1639846858709135e-16, -0.0029129009246826477], [0.0, -2.220445916901415e-16, 0.9999999403953552, -0.1712643806934357], [0.0, 0.0, 0.0, 1.0]], [[0.9745720624923706, 0.1584443747997284, -0.1584443747997284, 0.02705153524875641], [-0.22407418489456177, 0.6891264915466309, -0.6891264915466309, 0.11306806945800782], [0.0, 0.7071067094802856, 0.7071067094802856, -0.14097715520858767], [0.0, 0.0, 0.0, 1.0]], [[-0.8475749492645264, 0.0, -0.5306757092475891, 0.08533574557304383], [-0.5306757092475891, 0.0, 0.8475749492645264, -0.13517431354522708], [0.0, 0.9999999403953552, 0.0, 0.038773948669433594], [0.0, 0.0, 0.0, 1.0]], [[0.8475749492645264, 1.0379799816005313e-16, -0.5306757092475891, 0.08533574557304383], [0.5306757092475891, 6.498903301200472e-17, 0.8475749492645264, -0.13517431354522708], [1.2246467202362698e-16, -0.9999999403953552, 0.0, 0.038773948669433594], [0.0, 0.0, 0.0, 1.0]], [[0.2240782380104065, 1.4679222589237894e-16, 0.974571168422699, -0.16139446377754213], [0.974571168422699, 9.190888489371416e-17, -0.2240782380104065, 0.03592540669441223], [-1.2246468525851679e-16, 1.0, -1.2246468525851679e-16, -0.0053486471176147285], [0.0, 0.0, 0.0, 1.0]], [[0.6813459396362305, 0.0, 0.7319615483283997, -0.11688557219505312], [0.7319615483283997, 0.0, -0.6813459396362305, 0.10934630203247071], [0.0, 1.0, 0.0, 0.006618118286132813], [0.0, 0.0, 0.0, 1.0]], [[-0.29322877526283264, 8.117124674471841e-17, 0.9560422897338867, -0.15113465309143068], [0.9560422897338867, 1.5299159385888416e-16, 0.29322877526283264, -0.046582462668418895], [-1.2246468525851679e-16, 1.0, -1.2246468525851679e-16, -0.024889812469482405], [0.0, 0.0, 0.0, 1.0]], [[-0.6813459396362305, 0.5175749659538269, -0.5175749659538269, 0.08365905404090881], [-0.7319615483283997, -0.48178431391716003, 0.48178431391716003, -0.07774283087253572], [-8.659560603426554e-17, 0.7071067690849304, 0.7071067690849304, -0.1560253164768219], [0.0, 0.0, 0.0, 1.0]], [[-0.6813459396362305, -8.34408185873271e-17, 0.7319615483283997, -0.11858316969871523], [-0.7319615483283997, -8.963943878255857e-17, -0.6813459396362305, 0.11205761909484864], [1.2246468525851679e-16, -1.0, 0.0, 0.03670837783813476], [0.0, 0.0, 0.0, 1.0]], [[-0.530684769153595, 1.0379730332833858e-16, -0.8475692868232727, 0.1352146737575531], [0.8475692868232727, 6.499014474274799e-17, -0.530684769153595, 0.08477050089836122], [0.0, -1.0, -1.2246468525851679e-16, -0.02292550849914549], [0.0, 0.0, 0.0, 1.0]], [[0.7319610714912415, 0.6813464760780334, 1.5128930909780923e-16, 9.500645846126345e-05], [-0.6813464760780334, 0.7319610714912415, 1.625280069397753e-16, 9.992711991069426e-05], [0.0, -2.220445916901415e-16, 0.9999999403953552, -0.1872810432910919], [0.0, 0.0, 0.0, 1.0]], [[-0.8475749492645264, -6.498903301200472e-17, 0.5306757092475891, -0.0832362973690033], [-0.5306757092475891, 1.0379799816005313e-16, -0.8475749492645264, 0.13199298477172852], [0.0, -0.9999999403953552, -1.2246467202362698e-16, -0.04254081726074217], [0.0, 0.0, 0.0, 1.0]], [[-0.9993593096733093, -0.025308189913630486, 0.025308189913630486, -0.004001139618456364], [-0.03579118475317955, 0.7066537141799927, -0.7066537141799927, 0.11473948335647584], [0.0, -0.7071067690849304, -0.7071067690849304, 0.15191103196144104], [0.0, 0.0, 0.0, 1.0]], [[-0.6813459396362305, -8.34408185873271e-17, 0.7319615483283997, -0.11884101843833925], [-0.7319615483283997, -8.963943878255857e-17, -0.6813459396362305, 0.11246944046020509], [1.2246468525851679e-16, -1.0, 0.0, -0.03530774688720703], [0.0, 0.0, 0.0, 1.0]], [[0.530684769153595, 0.5993219614028931, 0.5993219614028931, -0.09778128957748414], [-0.8475692868232727, 0.37525078654289246, 0.37525078654289246, -0.060637234330177314], [8.659560603426554e-17, -0.7071067690849304, 0.7071067690849304, -0.15650945115089418], [0.0, 0.0, 0.0, 1.0]], [[-0.7319610714912415, -0.4817847013473511, -0.4817847013473511, 0.0790647053718567], [0.6813464760780334, -0.5175746083259583, -0.5175746083259583, 0.08409157156944275], [8.659559941682064e-17, -0.7071067094802856, 0.7071067094802856, -0.154400758266449], [0.0, 0.0, 0.0, 1.0]], [[-0.9745720624923706, -9.19094870812001e-17, 0.22407418489456177, -0.03538797974586488], [0.22407418489456177, 1.4679184208057471e-16, 0.9745720624923706, -0.15955847597122194], [-1.2246467202362698e-16, 0.9999999403953552, -1.2246467202362698e-16, -0.03597486114501952], [0.0, 0.0, 0.0, 1.0]], [[0.29322877526283264, -1.1708142030180128e-16, 0.9560422897338867, -0.15113465309143068], [-0.9560422897338867, -3.5910170248360426e-17, 0.29322877526283264, -0.046582462668418895], [0.0, -1.0, -1.2246468525851679e-16, -0.024889812469482405], [0.0, 0.0, 0.0, 1.0]], [[-0.9745720624923706, -0.1584443747997284, 0.1584443747997284, -0.025028848290443422], [0.22407418489456177, -0.6891264915466309, 0.6891264915466309, -0.10993227767944337], [-8.659559941682064e-17, 0.7071067094802856, 0.7071067094802856, -0.13345405340194705], [0.0, 0.0, 0.0, 1.0]], [[-0.9993593096733093, -0.03579118475317955, -7.947239478318557e-18, 0.0006507792472839367], [-0.03579118475317955, 0.9993593096733093, 2.21902343094562e-16, -0.0002899298369884802], [0.0, 2.220446049250313e-16, -1.0, 0.20586599731445315], [0.0, 0.0, 0.0, 1.0]], [[-0.29322877526283264, -0.6760239601135254, -0.6760239601135254, 0.11357847213745119], [0.9560422897338867, -0.20734405517578125, -0.20734405517578125, 0.033637499809265135], [8.659560603426554e-17, -0.7071067690849304, 0.7071067690849304, -0.14748434281349182], [0.0, 0.0, 0.0, 1.0]], [[-0.6813459396362305, -8.34408185873271e-17, 0.7319615483283997, -0.11984000754356386], [-0.7319615483283997, -8.963943878255857e-17, -0.6813459396362305, 0.11406500625610352], [1.2246468525851679e-16, -1.0, 0.0, -0.019106678009033203], [0.0, 0.0, 0.0, 1.0]], [[0.8475749492645264, -0.5306757092475891, 1.178336782031917e-16, 0.00040333667397497437], [0.5306757092475891, 0.8475749492645264, -1.8819944475379521e-16, 0.0005168951749801899], [-2.719261971675979e-32, 2.220445916901415e-16, 0.9999999403953552, -0.1970254204273224], [0.0, 0.0, 0.0, 1.0]], [[-0.6813459396362305, -0.7319615483283997, 1.6252811281889371e-16, 0.0005153613090514909], [-0.7319615483283997, 0.6813459396362305, -1.5128918998380102e-16, -0.00012756982445714742], [2.7192622655495665e-32, -2.220446049250313e-16, -1.0, 0.19073382949829104], [0.0, 0.0, 0.0, 1.0]], [[0.9993593096733093, 1.2238622883177736e-16, -0.03579118475317955, 0.005658272102475167], [0.03579118475317955, 4.38315603325367e-18, 0.9993593096733093, -0.157842808008194], [1.2246468525851679e-16, -1.0, 0.0, 0.030555999755859375], [0.0, 0.0, 0.0, 1.0]], [[-0.29322877526283264, -3.5910170248360426e-17, -0.9560422897338867, 0.1567366695404053], [0.9560422897338867, 1.1708142030180128e-16, -0.29322877526283264, 0.04732014787197114], [1.2246468525851679e-16, -1.0, 0.0, 0.020226324081420898], [0.0, 0.0, 0.0, 1.0]], [[-0.9993593096733093, -0.025308189913630486, 0.025308189913630486, -0.003398531161248684], [-0.03579118475317955, 0.7066537141799927, -0.7066537141799927, 0.11277466440200806], [0.0, -0.7071067690849304, -0.7071067690849304, 0.15900307679176331], [0.0, 0.0, 0.0, 1.0]], [[0.7319610714912415, -8.34408847617761e-17, 0.6813464760780334, -0.10885954451560975], [-0.6813464760780334, -8.963937922555447e-17, 0.7319610714912415, -0.11721706938743592], [0.0, -0.9999999403953552, -1.2246467202362698e-16, -0.03532898712158202], [0.0, 0.0, 0.0, 1.0]], [[0.29322877526283264, -1.1708142030180128e-16, 0.9560422897338867, -0.1475521278381348], [-0.9560422897338867, -3.5910170248360426e-17, 0.29322877526283264, -0.046454152941703804], [0.0, -1.0, -1.2246468525851679e-16, -0.03434725952148436], [0.0, 0.0, 0.0, 1.0]], [[-0.6813459396362305, -0.7319615483283997, 1.6252811281889371e-16, -0.00021759541332723985], [-0.7319615483283997, 0.6813459396362305, -1.5128918998380102e-16, 0.0010430755615234587], [2.7192622655495665e-32, -2.220446049250313e-16, -1.0, 0.20367513656616212], [0.0, 0.0, 0.0, 1.0]], [[0.530684769153595, 6.499014474274799e-17, 0.8475692868232727, -0.13491974997520448], [-0.8475692868232727, -1.0379730332833858e-16, 0.530684769153595, -0.08471498656272888], [1.2246468525851679e-16, -1.0, 0.0, -0.010077646255493164], [0.0, 0.0, 0.0, 1.0]], [[-0.9745720624923706, 0.1584443747997284, -0.1584443747997284, 0.028235019326210024], [0.22407418489456177, 0.6891264915466309, -0.6891264915466309, 0.11529864501953126], [8.659559941682064e-17, -0.7071067094802856, -0.7071067094802856, 0.15815760946273805], [0.0, 0.0, 0.0, 1.0]], [[-0.9745720624923706, -0.22407418489456177, 4.9754463858811386e-17, 0.000322251707315438], [0.22407418489456177, -0.9745720624923706, 2.1639846858709135e-16, 0.0003279607892036135], [-2.719261971675979e-32, 2.220445916901415e-16, 0.9999999403953552, -0.18031697010993958], [0.0, 0.0, 0.0, 1.0]], [[-0.2240782380104065, -1.1935055539304655e-16, 0.974571168422699, -0.15534714627265933], [-0.974571168422699, 2.744167049933239e-17, -0.2240782380104065, 0.03614196467399597], [0.0, -1.0, -1.2246468525851679e-16, -0.01655797386169432], [0.0, 0.0, 0.0, 1.0]], [[-0.8475749492645264, 0.0, -0.5306757092475891, 0.085877934217453], [-0.5306757092475891, 0.0, 0.8475749492645264, -0.13694212818145754], [0.0, 0.9999999403953552, 0.0, 0.009975176811218261], [0.0, 0.0, 0.0, 1.0]], [[-0.8475749492645264, -0.3752443790435791, 0.3752443790435791, -0.05961146879196168], [-0.5306757092475891, 0.599325954914093, -0.599325954914093, 0.09632983088493348], [0.0, -0.7071067094802856, -0.7071067094802856, 0.1519110198020935], [0.0, 0.0, 0.0, 1.0]], [[-0.9993593096733093, -0.03579118475317955, -7.947239478318557e-18, -0.0006306867003440846], [-0.03579118475317955, 0.9993593096733093, 2.21902343094562e-16, 0.0038882997035979915], [0.0, 2.220446049250313e-16, -1.0, 0.16233708000183106], [0.0, 0.0, 0.0, 1.0]], [[-0.29322877526283264, 0.9560422897338867, -2.122840325155832e-16, 0.006012812614440948], [0.9560422897338867, 0.29322877526283264, -6.510986755588647e-17, 0.00048384466767312006], [2.7192622655495665e-32, -2.220446049250313e-16, -1.0, 0.19760914611816408], [0.0, 0.0, 0.0, 1.0]], [[-0.8475749492645264, -0.3752443790435791, 0.3752443790435791, -0.05900886058807374], [-0.5306757092475891, 0.599325954914093, -0.599325954914093, 0.0943650119304657], [0.0, -0.7071067094802856, -0.7071067094802856, 0.15900306844711304], [0.0, 0.0, 0.0, 1.0]], [[0.8475749492645264, 1.6878703778950275e-16, 0.5306757092475891, -0.08393829226493836], [0.5306757092475891, -3.880896514804841e-17, -0.8475749492645264, 0.13428185653686525], [-1.2246467202362698e-16, 0.9999999403953552, -1.2246467202362698e-16, 0.009975176811218279], [0.0, 0.0, 0.0, 1.0]], [[0.29322877526283264, -1.1708142030180128e-16, 0.9560422897338867, -0.14721748352050784], [-0.9560422897338867, -3.5910170248360426e-17, 0.29322877526283264, -0.04644216573238374], [0.0, -1.0, -1.2246468525851679e-16, 0.007876004219055193], [0.0, 0.0, 0.0, 1.0]], [[0.530684769153595, 0.8475692868232727, -1.8819818743926413e-16, -0.0018897756338119242], [-0.8475692868232727, 0.530684769153595, -1.1783568990644144e-16, -0.000597108125686629], [-2.7192622655495665e-32, 2.220446049250313e-16, 1.0, -0.20337236785888674], [0.0, 0.0, 0.0, 1.0]], [[0.9993593096733093, 1.2676938610580194e-16, 0.03579118475317955, -0.005075810328125954], [0.03579118475317955, -1.1800307155775277e-16, -0.9993593096733093, 0.15960755944252017], [-1.2246468525851679e-16, 1.0, -1.2246468525851679e-16, 0.045865993499755876], [0.0, 0.0, 0.0, 1.0]], [[0.7319610714912415, -0.4817847013473511, -0.4817847013473511, 0.07863938474655152], [-0.6813464760780334, -0.5175746083259583, -0.5175746083259583, 0.08382526659965515], [0.0, 0.7071067094802856, -0.7071067094802856, 0.14498954534530642], [0.0, 0.0, 0.0, 1.0]], [[0.2240782380104065, 0.6891258955001831, -0.6891258955001831, 0.11116897535324098], [0.974571168422699, -0.1584472358226776, 0.1584472358226776, -0.025050486445426942], [8.659560603426554e-17, -0.7071067690849304, -0.7071067690849304, 0.15356984162330628], [0.0, 0.0, 0.0, 1.0]], [[-0.7319610714912415, -6.198494463778364e-18, 0.6813464760780334, -0.10412847018241883], [0.6813464760780334, 1.7308026398733057e-16, 0.731961071