{"co_parameters": [[[0.7071067094802856, 0.0, 0.7071067094802856, -0.3234996292591095], [0.7071067690849304, -4.371138828673793e-08, -0.7071067690849304, -0.10188684070110321], [3.0908619663705394e-08, 1.0, -3.0908619663705394e-08, -0.009115453252512217], [0.0, 0.0, 0.0, 1.0]], [[-0.7071055173873901, 0.0018562385812401772, -0.7071055173873901, 0.20030436587333678], [-0.0013125588884577155, -0.9999982714653015, -0.0013125588884577155, 0.17160295678838158], [-0.7071067690849304, 0.0, 0.7071067690849304, 0.17598511683940887], [0.0, 0.0, 0.0, 1.0]], [[-2.2204422111322708e-16, -0.0018562385812401772, 0.9999982714653015, 0.06595432281494144], [-4.1216776241807577e-19, 0.9999982714653015, 0.0018562385812401772, 0.17135357666015624], [-1.0, 2.7192622655495665e-32, -2.220446049250313e-16, 0.23163483428955078], [0.0, 0.0, 0.0, 1.0]], [[0.0013125897385179996, 0.9999982714653015, 0.0013125897385179996, -0.14758495666179808], [-0.7071055173873901, 0.0018562822369858623, -0.7071055173873901, 0.07918268084526062], [-0.7071067690849304, 0.0, 0.7071067690849304, 0.20912031352519989], [0.0, 0.0, 0.0, 1.0]], [[1.0, 0.0, 0.0, -0.37914935302734376], [0.0, -1.2246468525851679e-16, 1.0, 0.032463443756103515], [0.0, -1.0, -1.2246468525851679e-16, -0.009115447998046875], [0.0, 0.0, 0.0, 1.0]], [[-2.9466043997672386e-05, -0.9999869465827942, -0.0051131462678313255, -0.1473350023692001], [-1.506661533312581e-07, -0.0051131462678313255, 0.9999869465827942, 0.03198553930037985], [-1.0, 2.9466427804436535e-05, 2.220446049250313e-16, 0.25138169860839843], [0.0, 0.0, 0.0, 1.0]], [[0.7071055173873901, -0.0018562952755019069, 0.7071055173873901, -0.10151719737052918], [0.001312598935328424, 0.9999982714653015, 0.001312598935328424, -0.1699977847633418], [-0.7071067690849304, 0.0, 0.7071067690849304, 0.1751997050046921], [0.0, 0.0, 0.0, 1.0]], [[-2.2204422111322708e-16, 0.0018562385812401772, -0.9999982714653015, 0.08723110961914067], [-4.1216776241807577e-19, -0.9999982714653015, -0.0018562385812401772, 0.17139306640625002], [-1.0, 0.0, 2.220446049250313e-16, 0.23578863525390625], [0.0, 0.0, 0.0, 1.0]], [[0.0013125897385179996, 0.9999982714653015, -0.0013125897385179996, -0.1476522021451965], [-0.7071055173873901, 0.0018562822369858623, 0.7071055173873901, 0.11540089869499207], [0.7071067690849304, 0.0, 0.7071067690849304, -0.20207645213603975], [0.0, 0.0, 0.0, 1.0]], [[2.2204422111322708e-16, -0.0018562952755019069, 0.9999982714653015, 0.03283285140991207], [4.1218035107302306e-19, 0.9999982714653015, 0.0018562952755019069, -0.16974839782714843], [-1.0, 0.0, 2.220446049250313e-16, 0.23084941864013672], [0.0, 0.0, 0.0, 1.0]]], "foliation_name": "slide_1", "similarity_matrix": [[1.0, 0.0, 0.0, 0.0038182976671071183, 0.3473770321067084, 0.0029067228435708803, 0.012346666185333593, 0.0, 0.003124401799932125, 0.0], [0.0, 1.0, 0.34737709075596773, 0.001454164346153205, 0.0, 0.0, 0.0, 0.44126780870879256, 0.0, 0.0], [0.0, 0.34737709075596773, 1.0, 0.0652147161155863, 0.0, 0.03818599993001617, 0.0, 0.9767760610471451, 0.0, 0.0028160740976737445], [0.0038182976671071183, 0.001454164346153205, 0.0652147161155863, 1.0, 0.005675589563716156, 0.8181718600436517, 0.038075371736082386, 0.04004998169105665, 0.0, 0.008656269078037097], [0.3473770321067084, 0.0, 0.0, 0.005675589563716156, 1.0, 0.0022885295737418813, 0.0, 0.0, 0.007557797018674496, 0.0], [0.0029067228435708803, 0.0, 0.03818599993001617, 0.8181718600436517, 0.0022885295737418813, 1.0, 0.08759673383679521, 0.02387452471957451, 0.0, 0.02524995999771648], [0.012346666185333593, 0.0, 0.0, 0.038075371736082386, 0.0, 0.08759673383679521, 1.0, 0.0, 0.0, 0.3473770713664865], [0.0, 0.44126780870879256, 0.9767760610471451, 0.04004998169105665, 0.0, 0.02387452471957451, 0.0, 1.0, 0.0, 0.002559215239948717], [0.003124401799932125, 0.0, 0.0, 0.0, 0.007557797018674496, 0.0, 0.0, 0.0, 1.0, 0.0], [0.0, 0.0, 0.0028160740976737445, 0.008656269078037097, 0.0, 0.02524995999771648, 0.3473770713664865, 0.002559215239948717, 0.0, 1.0]], "constraint_parameters": {"reference_pose": [[1.0, 0.0, 0.0, 0.2], [0.0, 1.0, 0.0, -0.445], [0.0, 0.0, 1.0, 0.85], [0.0, 0.0, 0.0, 1.0]], "position_tolerance": [2000, 0.005, 0.005], "obstacle_mesh": "/root/catkin_ws/src/jiaming_manipulation/task_planner/mesh_dir/drawer_frame_real_world.stl", "frame_id": "base_link", "is_object_in_hand": true, "obstacle_pose": [[0.0, 1.0, 0.0, 0.65], [-1.0, 0.0, 0.0, 0.05], [0.0, 0.0, 1.0, 0.33], [0.0, 0.0, 0.0, 1.0]], "object_mesh_path": "/root/catkin_ws/src/jiaming_manipulation/task_planner/mesh_dir/new_drawer_2.stl", "orientation_tolerance": [0.01, 0.1, 0.1]}}