{"co_parameters": [[[-0.3752443790435791, 0.8475749492645264, -0.3752443790435791, 0.07296824789047242], [0.599325954914093, 0.5306757092475891, 0.599325954914093, -0.1174909383058548], [0.7071067094802856, 8.659559941682064e-17, -0.7071067094802856, -0.17689109349250795], [0.0, 0.0, 0.0, 1.0]], [[-0.5306757092475891, 0.8475749492645264, 1.0379799816005313e-16, 0.1012560168504715], [0.8475749492645264, 0.5306757092475891, 6.498903301200472e-17, -0.16060156202316284], [0.0, 1.2246467202362698e-16, -0.9999999403953552, 0.038773948669433594], [0.0, 0.0, 0.0, 1.0]], [[0.7319615483283997, -0.6813459396362305, -8.34408185873271e-17, -0.14053787338733673], [-0.6813459396362305, -0.7319615483283997, -8.963943878255857e-17, 0.13249138069152833], [0.0, 1.2246468525851679e-16, -1.0, -0.0009183015823364258], [0.0, 0.0, 0.0, 1.0]], [[-4.9754463858811386e-17, 0.9745720624923706, -0.22407418489456177, -0.00011697716265915978], [-2.1639846858709135e-16, -0.22407418489456177, -0.9745720624923706, -0.0006175670027732482], [-0.9999999403953552, 0.0, 2.220445916901415e-16, 0.20790397393703464], [0.0, 0.0, 0.0, 1.0]], [[0.03579118475317955, -0.9993593096733093, -4.38315603325367e-18, -0.006044287238270045], [-0.9993593096733093, -0.03579118475317955, 1.2238622883177736e-16, 0.18924514949321747], [-1.2246468525851679e-16, 0.0, -1.0, 0.014038742065429708], [0.0, 0.0, 0.0, 1.0]], [[0.1584443747997284, -0.9745720624923706, 0.1584443747997284, -0.02722051200270653], [0.6891264915466309, 0.22407418489456177, 0.6891264915466309, -0.12589562606811525], [-0.7071067094802856, -8.659559941682064e-17, 0.7071067094802856, 0.17937081074714661], [0.0, 0.0, 0.0, 1.0]], [[2.1639827006374434e-16, -0.2240782380104065, 0.974571168422699, -0.005463076591491736], [-4.9755363831317843e-17, -0.974571168422699, -0.2240782380104065, 7.288853079081428e-05], [1.0, 0.0, -2.220446049250313e-16, -0.19534864616394043], [0.0, 0.0, 0.0, 1.0]], [[-0.03579118475317955, -0.9993593096733093, 0.0, 0.006535590253770352], [0.9993593096733093, -0.03579118475317955, 0.0, -0.18718317019939423], [0.0, 0.0, 1.0, -0.015496641159057618], [0.0, 0.0, 0.0, 1.0]], [[4.9754463858811386e-17, 0.9745720624923706, 0.22407418489456177, 0.0003675818741321479], [2.1639846858709135e-16, -0.22407418489456177, 0.9745720624923706, 0.0002957097291946043], [0.9999999403953552, 0.0, -2.220445916901415e-16, -0.19485197389125825], [0.0, 0.0, 0.0, 1.0]], [[-0.6760239601135254, -0.29322877526283264, -0.6760239601135254, 0.13385919094085694], [-0.20734405517578125, 0.9560422897338867, -0.20734405517578125, 0.039857821464538576], [0.7071067690849304, 8.659560603426554e-17, -0.7071067690849304, -0.16869754588603975], [0.0, 0.0, 0.0, 1.0]], [[0.22407418489456177, 0.9745720624923706, -2.7441174190964858e-17, -0.04206815588474274], [0.9745720624923706, -0.22407418489456177, -1.1935066127216496e-16, -0.18996967577934265], [-1.2246467202362698e-16, 0.0, -0.9999999403953552, -0.04456460571289061], [0.0, 0.0, 0.0, 1.0]], [[0.9560422897338867, 0.29322877526283264, -1.1708142030180128e-16, -0.1778781318664551], [0.29322877526283264, -0.9560422897338867, -3.5910170248360426e-17, -0.05530992370843888], [-1.2246468525851679e-16, 0.0, -1.0, 0.02022632408142092], [0.0, 0.0, 0.0, 1.0]], [[0.9560422897338867, 0.29322877526283264, -1.1708142030180128e-16, -0.17596928501129153], [0.29322877526283264, -0.9560422897338867, -3.5910170248360426e-17, -0.05524155670404435], [-1.2246468525851679e-16, 0.0, -1.0, 0.0008033060431480616], [0.0, 0.0, 0.0, 1.0]], [[0.03579118475317955, 0.9993593096733093, 1.2676938610580194e-16, -0.007065059982240201], [-0.9993593096733093, 0.03579118475317955, -1.1800307155775277e-16, 0.1925733679533005], [-1.2246468525851679e-16, -1.2246468525851679e-16, 1.0, -0.015496641159057597], [0.0, 0.0, 0.0, 1.0]], [[0.8475692868232727, -0.530684769153595, 0.0, -0.1627807961702347], [0.530684769153595, 0.8475692868232727, 0.0, -0.10138208210468294], [0.0, 0.0, 1.0, -0.030758918762207033], [0.0, 0.0, 0.0, 1.0]], [[-0.6813464760780334, -0.7319610714912415, -8.963937922555447e-17, 0.130039670586586], [-0.7319610714912415, 0.6813464760780334, 8.34408847617761e-17, 0.13947859871387483], [0.0, 1.2246467202362698e-16, -0.9999999403953552, -0.010675848960876465], [0.0, 0.0, 0.0, 1.0]], [[-2.122840325155832e-16, -0.29322877526283264, 0.9560422897338867, 0.0037699034214020138], [-6.510986755588647e-17, 0.9560422897338867, 0.29322877526283264, 0.0004035438299179188], [-1.0, 2.7192622655495665e-32, -2.220446049250313e-16, 0.21022632598876956], [0.0, 0.0, 0.0, 1.0]], [[1.5128930909780923e-16, -0.7319610714912415, -0.6813464760780334, 9.500645846125891e-05], [1.625280069397753e-16, 0.6813464760780334, -0.7319610714912415, 9.992711991068938e-05], [0.9999999403953552, -2.719261971675979e-32, 2.220445916901415e-16, -0.21728104150295258], [0.0, 0.0, 0.0, 1.0]], [[0.5175749659538269, 0.6813459396362305, -0.5175749659538269, -0.10106540286540985], [-0.48178431391716003, 0.7319615483283997, 0.48178431391716003, 0.0965886761546135], [0.7071067690849304, 0.0, 0.7071067690849304, -0.15345696437358858], [0.0, 0.0, 0.0, 1.0]], [[-0.4817847013473511, -0.7319610714912415, -0.4817847013473511, 0.09351824641227723], [-0.5175746083259583, 0.6813464760780334, -0.5175746083259583, 0.0996188098192215], [0.7071067094802856, 8.659559941682064e-17, -0.7071067094802856, -0.17561395955085757], [0.0, 0.0, 0.0, 1.0]], [[1.5128930909780923e-16, 0.7319610714912415, 0.6813464760780334, 0.000583840370178197], [1.625280069397753e-16, -0.6813464760780334, 0.7319610714912415, 0.00040599533915516953], [0.9999999403953552, 0.0, -2.220445916901415e-16, -0.20067583787441257], [0.0, 0.0, 0.0, 1.0]], [[-0.9560422897338867, 0.29322877526283264, 0.0, 0.18388438415527344], [-0.29322877526283264, -0.9560422897338867, 0.0, 0.056062086164951334], [0.0, 0.0, 1.0, 0.029250049591064455], [0.0, 0.0, 0.0, 1.0]], [[0.5306757092475891, 0.8475749492645264, 1.6878703778950275e-16, -0.09985856354236604], [-0.8475749492645264, 0.5306757092475891, -3.880896514804841e-17, 0.15970910501480104], [-1.2246467202362698e-16, -1.2246467202362698e-16, 0.9999999403953552, 0.009975176811218282], [0.0, 0.0, 0.0, 1.0]], [[-0.9560422897338867, 0.29322877526283264, 0.0, 0.1834801483154297], [-0.29322877526283264, -0.9560422897338867, 0.0, 0.05604760891199113], [0.0, 0.0, 1.0, -0.024889812469482422], [0.0, 0.0, 0.0, 1.0]], [[-1.178336782031917e-16, -0.8475749492645264, -0.5306757092475891, 0.00096982079744341], [1.8819944475379521e-16, -0.5306757092475891, 0.8475749492645264, -0.0013301358222961746], [-0.9999999403953552, 0.0, 2.220445916901415e-16, 0.19997516572475435], [0.0, 0.0, 0.0, 1.0]], [[-0.5993219614028931, 0.530684769153595, -0.5993219614028931, 0.10878515839576722], [-0.37525078654289246, -0.8475692868232727, -0.37525078654289246, 0.06972019118070603], [-0.7071067690849304, -8.659560603426554e-17, 0.7071067690849304, 0.18219506251811982], [0.0, 0.0, 0.0, 1.0]], [[-2.122840325155832e-16, -0.29322877526283264, 0.9560422897338867, 0.002356796503067053], [-6.510986755588647e-17, 0.9560422897338867, 0.29322877526283264, 0.0003529312908649555], [-1.0, 2.7192622655495665e-32, -2.220446049250313e-16, 0.23597339630126954], [0.0, 0.0, 0.0, 1.0]], [[0.025308189913630486, -0.9993593096733093, 0.025308189913630486, -0.0050732909254729746], [-0.7066537141799927, -0.03579118475317955, -0.7066537141799927, 0.1369593040943146], [0.7071067690849304, 0.0, -0.7071067690849304, -0.14984692752361298], [0.0, 0.0, 0.0, 1.0]], [[-0.6813464760780334, -0.7319610714912415, -8.963937922555447e-17, 0.1295508371591568], [-0.7319610714912415, 0.6813464760780334, 8.34408847617761e-17, 0.13917253029346469], [0.0, 1.2246467202362698e-16, -0.9999999403953552, -0.027281053543090822], [0.0, 0.0, 0.0, 1.0]], [[0.9560422897338867, -0.29322877526283264, 8.117124674471841e-17, -0.1782129364013672], [0.29322877526283264, 0.9560422897338867, 1.5299159385888416e-16, -0.0553219137787819], [-1.2246468525851679e-16, -1.2246468525851679e-16, 1.0, -0.043966445922851545], [0.0, 0.0, 0.0, 1.0]], [[-0.5306757092475891, 0.8475749492645264, 1.0379799816005313e-16, 0.10308108913898469], [0.8475749492645264, 0.5306757092475891, 6.498903301200472e-17, -0.16655230474472046], [0.0, 1.2246467202362698e-16, -0.9999999403953552, 0.01692298126220703], [0.0, 0.0, 0.0, 1.0]], [[0.1584443747997284, -0.9745720624923706, 0.1584443747997284, -0.028697122991085056], [0.6891264915466309, 0.22407418489456177, 0.6891264915466309, -0.12867867851257325], [-0.7071067094802856, -8.659559941682064e-17, 0.7071067094802856, 0.17181304478645326], [0.0, 0.0, 0.0, 1.0]], [[1.8819818743926413e-16, -0.530684769153595, 0.8475692868232727, 0.0014876781702041306], [1.1783568990644144e-16, 0.8475692868232727, 0.530684769153595, 0.00043882727622983835], [-1.0, 0.0, 2.220446049250313e-16, 0.19366415596008302], [0.0, 0.0, 0.0, 1.0]], [[0.8475692868232727, 0.530684769153595, 6.499014474274799e-17, -0.16304347240924838], [0.530684769153595, -0.8475692868232727, -1.0379730332833858e-16, -0.10146264755725862], [0.0, 1.2246468525851679e-16, -1.0, -0.0034615731239318846], [0.0, 0.0, 0.0, 1.0]], [[0.5175749659538269, -0.6813459396362305, 0.5175749659538269, -0.09749218451976777], [-0.48178431391716003, -0.7319615483283997, -0.48178431391716003, 0.09088167923688889], [0.7071067690849304, 8.659560603426554e-17, -0.7071067690849304, -0.1772385195493698], [0.0, 0.0, 0.0, 1.0]], [[0.4817847013473511, 0.7319610714912415, 0.4817847013473511, -0.09403672766685486], [0.5175746083259583, -0.6813464760780334, 0.5175746083259583, -0.10344383442401886], [0.7071067094802856, 0.0, -0.7071067094802856, -0.15286447072029113], [0.0, 0.0, 0.0, 1.0]], [[-0.5306757092475891, -0.8475749492645264, 0.0, 0.10297188770771028], [0.8475749492645264, -0.5306757092475891, 0.0, -0.16619627141952514], [0.0, 0.0, 0.9999999403953552, -0.012639851570129396], [0.0, 0.0, 0.0, 1.0]], [[-0.5993219614028931, -0.530684769153595, -0.5993219614028931, 0.11347476124763489], [-0.37525078654289246, 0.8475692868232727, -0.37525078654289246, 0.07115858763456345], [0.7071067690849304, 0.0, -0.7071067690849304, -0.15727579295635224], [0.0, 0.0, 0.0, 1.0]], [[0.22407418489456177, -0.9745720624923706, -9.19094870812001e-17, -0.04225184357166291], [0.9745720624923706, 0.22407418489456177, 1.4679184208057471e-16, -0.18484073138237], [-1.2246467202362698e-16, -1.2246467202362698e-16, 0.9999999403953552, -0.020316980361938457], [0.0, 0.0, 0.0, 1.0]], [[0.5306757092475891, 0.8475749492645264, 1.6878703778950275e-16, -0.0994267693758011], [-0.8475749492645264, 0.5306757092475891, -3.880896514804841e-17, 0.15830122900009155], [-1.2246467202362698e-16, -1.2246467202362698e-16, 0.9999999403953552, 0.0002983665168285578], [0.0, 0.0, 0.0, 1.0]], [[-0.22407418489456177, 0.9745720624923706, 0.0, 0.04245711815357209], [-0.9745720624923706, -0.22407418489456177, 0.0, 0.18455112528800965], [0.0, 0.0, 0.9999999403953552, 0.01790398406982422], [0.0, 0.0, 0.0, 1.0]], [[-0.8475692868232727, 0.530684769153595, -3.880715858559059e-17, 0.15903285706043244], [-0.530684769153595, -0.8475692868232727, -1.6878744807108658e-16, 0.10019756424427034], [-1.2246468525851679e-16, -1.2246468525851679e-16, 1.0, -0.003461573123931864], [0.0, 0.0, 0.0, 1.0]], [[-7.947239478318557e-18, -0.9993593096733093, -0.03579118475317955, 4.817076772451536e-05], [2.21902343094562e-16, -0.03579118475317955, 0.9993593096733093, 0.0016748892068862537], [-1.0, 0.0, 2.220446049250313e-16, 0.22877394866943362], [0.0, 0.0, 0.0, 1.0]], [[-0.974571168422699, -0.2240782380104065, 0.0, 0.17990437352657318], [0.2240782380104065, -0.974571168422699, 0.0, -0.04249485838413239], [0.0, 0.0, 1.0, 0.02479325866699219], [0.0, 0.0, 0.0, 1.0]], [[-0.974571168422699, 0.2240782380104065, 2.744167049933239e-17, 0.17984354913234712], [0.2240782380104065, 0.974571168422699, 1.1935055539304655e-16, -0.04249703562259674], [0.0, 1.2246468525851679e-16, -1.0, 0.04457277297973633], [0.0, 0.0, 0.0, 1.0]], [[1.8819818743926413e-16, -0.530684769153595, 0.8475692868232727, -0.004255360603332552], [1.1783568990644144e-16, 0.8475692868232727, 0.530684769153595, -0.0013226767778396805], [-1.0, 0.0, 2.220446049250313e-16, 0.2033341522216797], [0.0, 0.0, 0.0, 1.0]], [[-4.9754463858811386e-17, -0.9745720624923706, 0.22407418489456177, 0.0003095520436763848], [-2.1639846858709135e-16, 0.22407418489456177, 0.9745720624923706, 0.0006824533343315492], [-0.9999999403953552, 2.719261971675979e-32, -2.220445916901415e-16, 0.1922350152730942], [0.0, 0.0, 0.0, 1.0]], [[0.025308189913630486, -0.9993593096733093, -0.025308189913630486, -0.004157776858657598], [-0.7066537141799927, -0.03579118475317955, 0.7066537141799927, 0.13397427582740784], [-0.7071067690849304, 0.0, -0.7071067690849304, 0.1802162798643112], [0.0, 0.0, 0.0, 1.0]], [[0.5306757092475891, -0.8475749492645264, -6.498903301200472e-17, -0.09938327038288117], [-0.8475749492645264, -0.5306757092475891, 1.0379799816005313e-16, 0.15815940427780154], [-1.2246467202362698e-16, 0.0, -0.9999999403953552, 0.027937578201293965], [0.0, 0.0, 0.0, 1.0]], [[0.8475692868232727, -0.530684769153595, 0.0, -0.16014294064044954], [0.530684769153595, 0.8475692868232727, 0.0, -0.1005729924440384], [0.0, 0.0, 1.0, 0.04446160507202149], [0.0, 0.0, 0.0, 1.0]], [[-0.6813464760780334, 0.7319610714912415, 0.0, 0.13143498384952546], [-0.7319610714912415, -0.6813464760780334, 0.0, 0.1403522378206253], [0.0, 0.0, 0.9999999403953552, -0.0412636833190918], [0.0, 0.0, 0.0, 1.0]], [[-1.6252811281889371e-16, 0.6813459396362305, -0.7319615483283997, -0.0018358472585677825], [1.5128918998380102e-16, 0.7319615483283997, 0.6813459396362305, 0.003627670288085912], [1.0, 0.0, -2.220446049250313e-16, -0.21645408248901368], [0.0, 0.0, 0.0, 1.0]], [[-0.6813464760780334, -0.7319610714912415, -8.963937922555447e-17, 0.13275669443607332], [-0.7319610714912415, 0.6813464760780334, 8.34408847617761e-17, 0.14117978489398958], [0.0, 1.2246467202362698e-16, -0.9999999403953552, 0.009625772476196288], [0.0, 0.0, 0.0, 1.0]], [[1.178336782031917e-16, 0.8475749492645264, -0.5306757092475891, 0.0004033366739749708], [-1.8819944475379521e-16, 0.5306757092475891, 0.8475749492645264, 0.0005168951749801956], [0.9999999403953552, -2.719261971675979e-32, 2.220445916901415e-16, -0.22702541863918307], [0.0, 0.0, 0.0, 1.0]], [[1.8819818743926413e-16, 0.530684769153595, -0.8475692868232727, -0.0029300448894501053], [1.1783568990644144e-16, -0.8475692868232727, -0.530684769153595, -0.0009161786437034807], [-1.0, 2.7192622655495665e-32, -2.220446049250313e-16, 0.2122416648864746], [0.0, 0.0, 0.0, 1.0]], [[0.5175749659538269, -0.6813459396362305, 0.5175749659538269, -0.10006641376018525], [-0.48178431391716003, -0.7319615483283997, -0.48178431391716003, 0.09499311035871506], [0.7071067690849304, 8.659560603426554e-17, -0.7071067690849304, -0.1696580332517624], [0.0, 0.0, 0.0, 1.0]], [[-0.8475692868232727, -0.530684769153595, 1.0379730332833858e-16, 0.15903285706043244], [-0.530684769153595, 0.8475692868232727, 6.499014474274799e-17, 0.10019756424427034], [-1.2246468525851679e-16, 0.0, -1.0, -0.003461573123931864], [0.0, 0.0, 0.0, 1.0]], [[-0.22407418489456177, 0.9745720624923706, 0.0, 0.04293140041828156], [-0.9745720624923706, -0.22407418489456177, 0.0, 0.18451783061027527], [0.0, 0.0, 0.9999999403953552, 0.016730239868164062], [0.0, 0.0, 0.0, 1.0]], [[0.025308189913630486, 0.9993593096733093, -0.025308189913630486, -0.0050732909254729746], [-0.7066537141799927, 0.03579118475317955, 0.7066537141799927, 0.1369593040943146], [0.7071067690849304, -8.659560603426554e-17, 0.7071067690849304, -0.14984692752361298], [0.0, 0.0, 0.0, 1.0]], [[-4.9754463858811386e-17, -0.9745720624923706, 0.22407418489456177, 0.002883919239044198], [-2.1639846858709135e-16, 0.22407418489456177, 0.9745720624923706, 0.005038407325744666], [-0.9999999403953552, 2.719261971675979e-32, -2.220445916901415e-16, 0.23502052056789402], [0.0, 0.0, 0.0, 1.0]], [[2.122840325155832e-16, 0.29322877526283264, 0.9560422897338867, 0.0018775084018706916], [6.510986755588647e-17, -0.9560422897338867, 0.29322877526283264, 0.00033576896786688653], [1.0, 0.0, -2.220446049250313e-16, -0.20655797195434572], [0.0, 0.0, 0.0, 1.0]], [[-7.947239478318557e-18, -0.9993593096733093, -0.03579118475317955, -6.831747293472155e-05], [2.21902343094562e-16, -0.03579118475317955, 0.9993593096733093, 0.002054682254791222], [-1.0, 0.0, 2.220446049250313e-16, 0.22055599975585938], [0.0, 0.0, 0.0, 1.0]], [[-1.5128930909780923e-16, -0.7319610714912415, 0.6813464760780334, 0.0008007810711860914], [-1.625280069397753e-16, 0.6813464760780334, 0.7319610714912415, 0.0011121752262115755], [-0.9999999403953552, 2.719261971675979e-32, -2.220445916901415e-16, 0.2274627584218979], [0.0, 0.0, 0.0, 1.0]], [[0.6813464760780334, 0.7319610714912415, -8.34408847617761e-17, -0.12615496695041659], [0.7319610714912415, -0.6813464760780334, -8.963937922555447e-17, -0.13696542179584503], [-1.2246467202362698e-16, 0.0, -0.9999999403953552, 0.00962577247619631], [0.0, 0.0, 0.0, 1.0]], [[1.5128930909780923e-16, 0.7319610714912415, 0.6813464760780334, 0.0030015797615051015], [1.625280069397753e-16, -0.6813464760780334, 0.7319610714912415, 0.0019197916984557831], [0.9999999403953552, 0.0, -2.220445916901415e-16, -0.21078220117092134], [0.0, 0.0, 0.0, 1.0]], [[0.5306757092475891, 0.8475749492645264, 1.6878703778950275e-16, -0.09979814445972443], [-0.8475749492645264, 0.5306757092475891, -3.880896514804841e-17, 0.1595120997428894], [-1.2246467202362698e-16, -1.2246467202362698e-16, 0.9999999403953552, 0.04586599349975588], [0.0, 0.0, 0.0, 1.0]], [[-0.7319615483283997, 0.6813459396362305, 8.963943878255857e-17, 0.13958805572986605], [0.6813459396362305, 0.7319615483283997, -8.34408185873271e-17, -0.1295832986831665], [-1.2246468525851679e-16, 0.0, -1.0, 0.03073383140563967], [0.0, 0.0, 0.0, 1.0]], [[0.22407418489456177, -0.9745720624923706, -9.19094870812001e-17, -0.042137337327003484], [0.9745720624923706, 0.22407418489456177, 1.4679184208057471e-16, -0.18803802752494814], [-1.2246467202362698e-16, -1.2246467202362698e-16, 0.9999999403953552, 0.046563560485839865], [0.0, 0.0, 0.0, 1.0]], [[-0.974571168422699, -0.2240782380104065, 0.0, 0.18570736825466158], [0.2240782380104065, -0.974571168422699, 0.0, -0.04228704559803009], [0.0, 0.0, 1.0, -0.024889812469482422], [0.0, 0.0, 0.0, 1.0]], [[-2.1639827006374434e-16, -0.2240782380104065, -0.974571168422699, 0.0014648104906082521], [4.9755363831317843e-17, -0.974571168422699, 0.2240782380104065, 0.00032098212838172066], [-1.0, 0.0, 2.220446049250313e-16, 0.19463946342468263], [0.0, 0.0, 0.0, 1.0]], [[-0.03579118475317955, -0.9993593096733093, 0.0, 0.007605802319943906], [0.9993593096733093, -0.03579118475317955, 0.0, -0.1906725996732712], [0.0, 0.0, 1.0, -0.004274720668792724], [0.0, 0.0, 0.0, 1.0]], [[-0.22407418489456177, -0.9745720624923706, -1.1935066127216496e-16, 0.043037984967231754], [-0.9745720624923706, 0.22407418489456177, 2.7441174190964858e-17, 0.1815417468547821], [0.0, 1.2246467202362698e-16, -0.9999999403953552, -0.035974861145019535], [0.0, 0.0, 0.0, 1.0]], [[-0.5175749659538269, -0.6813459396362305, 0.5175749659538269, 0.09650339591503145], [0.48178431391716003, -0.7319615483283997, -0.48178431391716003, -0.08791134947538376], [0.7071067690849304, -8.659560603426554e-17, 0.7071067690849304, -0.16080436885356902], [0.0, 0.0, 0.0, 1.0]], [[0.22407418489456177, -0.9745720624923706, -9.19094870812001e-17, -0.04226454317569733], [0.9745720624923706, 0.22407418489456177, 1.4679184208057471e-16, -0.18448623919487], [-1.2246467202362698e-16, -1.2246467202362698e-16, 0.9999999403953552, 0.0022350268363952844], [0.0, 0.0, 0.0, 1.0]], [[0.1584443747997284, 0.9745720624923706, -0.1584443747997284, -0.02966767352819443], [0.6891264915466309, -0.22407418489456177, -0.6891264915466309, -0.1338033685684204], [-0.7071067094802856, 0.0, -0.7071067094802856, 0.1809138367176056], [0.0, 0.0, 0.0, 1.0]], [[-1.6252811281889371e-16, 0.6813459396362305, -0.7319615483283997, -0.0014651796817779267], [1.5128918998380102e-16, 0.7319615483283997, 0.6813459396362305, 0.0030356519222259266], [1.0, 0.0, -2.220446049250313e-16, -0.1909183006286621], [0.0, 0.0, 0.0, 1.0]], [[-1.178336782031917e-16, 0.8475749492645264, 0.5306757092475891, 0.00024622122943403343], [1.8819944475379521e-16, 0.5306757092475891, -0.8475749492645264, 0.001029162883758513], [-0.9999999403953552, 2.719261971675979e-32, -2.220445916901415e-16, 0.21011119210720064], [0.0, 0.0, 0.0, 1.0]], [[-0.7319615483283997, -0.6813459396362305, -1.7308025075244077e-16, 0.1363465348482132], [0.6813459396362305, -0.7319615483283997, -6.198620195231472e-18, -0.12440607166290285], [-1.2246468525851679e-16, -1.2246468525851679e-16, 1.0, -0.019106678009033182], [0.0, 0.0, 0.0, 1.0]], [[4.9754463858811386e-17, -0.9745720624923706, -0.22407418489456177, 0.00174624276161193], [2.1639846858709135e-16, 0.22407418489456177, -0.9745720624923706, 0.0028941543102264035], [0.9999999403953552, -2.719261971675979e-32, 2.220445916901415e-16, -0.23137542855739596], [0.0, 0.0, 0.0, 1.0]], [[-0.025308189913630486, 0.9993593096733093, 0.025308189913630486, 0.005459335368126631], [0.7066537141799927, 0.03579118475317955, -0.7066537141799927, -0.13455413556098939], [-0.7071067690849304, 8.659560603426554e-17, -0.7071067690849304, 0.1802162798643112], [0.0, 0.0, 0.0, 1.0]], [[4.9754463858811386e-17, 0.9745720624923706, 0.22407418489456177, 0.0010269230604171668], [2.1639846858709135e-16, -0.22407418489456177, 0.9745720624923706, 0.0015384238958358397], [0.9999999403953552, 0.0, -2.220445916901415e-16, -0.20239843499660493], [0.0, 0.0, 0.0, 1.0]], [[-0.8475692868232727, 0.530684769153595, -3.880715858559059e-17, 0.15914838898181916], [-0.530684769153595, -0.8475692868232727, -1.6878744807108658e-16, 0.10023299801349642], [-1.2246468525851679e-16, -1.2246468525851679e-16, 1.0, -0.0433723678588867], [0.0, 0.0, 0.0, 1.0]], [[0.22407418489456177, 0.9745720624923706, -2.7441174190964858e-17, -0.041547172188758856], [0.9745720624923706, -0.22407418489456177, -1.1935066127216496e-16, -0.18363026881217956], [-1.2246467202362698e-16, 0.0, -0.9999999403953552, -0.012398446083068827], [0.0, 0.0, 0.0, 1.0]], [[0.6760239601135254, -0.29322877526283264, -0.6760239601135254, -0.12661243820190432], [0.20734405517578125, 0.9560422897338867, -0.20734405517578125, -0.03906122899055481], [0.7071067690849304, -8.659560603426554e-17, 0.7071067690849304, -0.15924009883403778], [0.0, 0.0, 0.0, 1.0]], [[-0.1584443747997284, 0.9745720624923706, -0.1584443747997284, 0.030222508609294894], [-0.6891264915466309, -0.22407418489456177, -0.6891264915466309, 0.1307594976425171], [-0.7071067094802856, 0.0, 0.7071067094802856, 0.15972822499275208], [0.0, 0.0, 0.0, 1.0]], [[-1.5128930909780923e-16, -0.7319610714912415, 0.6813464760780334, 0.001553832173347499], [-1.625280069397753e-16, 0.6813464760780334, 0.7319610714912415, 0.0010133287906647004], [-0.9999999403953552, 2.719261971675979e-32, -2.220445916901415e-16, 0.22185246026515962], [0.0, 0.0, 0.0, 1.0]], [[-1.5128930909780923e-16, 0.7319610714912415, -0.6813464760780334, 0.003300863981246974], [-1.625280069397753e-16, -0.6813464760780334, -0.7319610714912415, 0.0021071817874908725], [-0.9999999403953552, 0.0, 2.220445916901415e-16, 0.19962576043605806], [0.0, 0.0, 0.0, 1.0]], [[-0.8475692868232727, -0.530684769153595, 1.0379730332833858e-16, 0.15929553329944612], [-0.530684769153595, 0.8475692868232727, 6.499014474274799e-17, 0.10027812969684602], [-1.2246468525851679e-16, 0.0, -1.0, -0.030758918762207012], [0.0, 0.0, 0.0, 1.0]], [[0.9560422897338867, 0.29322877526283264, -1.1708142030180128e-16, -0.17623339653015138], [0.29322877526283264, -0.9560422897338867, -3.5910170248360426e-17, -0.05525101619958878], [-1.2246468525851679e-16, 0.0, -1.0, -0.034347259521484354], [0.0, 0.0, 0.0, 1.0]], [[-1.8819818743926413e-16, -0.530684769153595, -0.8475692868232727, -0.005177615642547575], [-1.1783568990644144e-16, 0.8475692868232727, -0.530684769153595, -0.0016055486202239792], [1.0, 0.0, -2.220446049250313e-16, -0.20802741622924806], [0.0, 0.0, 0.0, 1.0]], [[0.22407418489456177, -0.9745720624923706, -9.19094870812001e-17, -0.03969017589092255], [0.9745720624923706, 0.22407418489456177, 1.4679184208057471e-16, -0.18013028502464296], [-1.2246467202362698e-16, -1.2246467202362698e-16, 0.9999999403953552, 0.04502053451538088], [0.0, 0.0, 0.0, 1.0]], [[0.6813464760780334, -0.7319610714912415, -6.198494463778364e-18, -0.12903543436527254], [0.7319610714912415, 0.6813464760780334, 1.7308026398733057e-16, -0.13867735970020295], [-1.2246467202362698e-16, -1.2246467202362698e-16, 0.9999999403953552, -0.012398446083068827], [0.0, 0.0, 0.0, 1.0]], [[-2.1639827006374434e-16, -0.2240782380104065, -0.974571168422699, 0.0009088320732117067], [4.9755363831317843e-17, -0.974571168422699, 0.2240782380104065, 0.0003010712563991462], [-1.0, 0.0, 2.220446049250313e-16, 0.23043275833129884], [0.0, 0.0, 0.0, 1.0]], [[-0.22407418489456177, -0.9745720624923706, -1.1935066127216496e-16, 0.04360101807117463], [-0.9745720624923706, 0.22407418489456177, 2.7441174190964858e-17, 0.1867071158885956], [0.0, 1.2246467202362698e-16, -0.9999999403953552, -0.012398446083068847], [0.0, 0.0, 0.0, 1.0]], [[-0.974571168422699, -0.2240782380104065, 0.0, 0.1797054456472397], [0.2240782380104065, -0.974571168422699, 0.0, -0.042501976609230045], [0.0, 0.0, 1.0, -0.005348647117614746], [0.0, 0.0, 0.0, 1.0]], [[4.9754463858811386e-17, 0.9745720624923706, 0.22407418489456177, 0.00046388989686965096], [2.1639846858709135e-16, -0.22407418489456177, 0.9745720624923706, -0.0036269452571869266], [0.9999999403953552, 0.0, -2.220445916901415e-16, -0.22597485101222994], [0.0, 0.0, 0.0, 1.0]], [[-0.4817847013473511, 0.7319610714912415, 0.4817847013473511, 0.09061446261405945], [-0.5175746083259583, -0.6813464760780334, 0.5175746083259583, 0.09619936287403108], [0.7071067094802856, 0.0, 0.7071067094802856, -0.1779650948047638], [0.0, 0.0, 0.0, 1.0]], [[0.6891258955001831, -0.2240782380104065, 0.6891258955001831, -0.13289358878135682], [-0.1584472358226776, -0.974571168422699, -0.1584472358226776, 0.03030329889059067], [0.7071067690849304, 0.0, -0.7071067690849304, -0.17740679728984834], [0.0, 0.0, 0.0, 1.0]], [[0.8475692868232727, -0.530684769153595, 0.0, -0.16292794048786163], [0.530684769153595, 0.8475692868232727, 0.0, -0.10142721378803254], [0.0, 0.0, 1.0, -0.04337236785888672], [0.0, 0.0, 0.0, 1.0]], [[-0.22407418489456177, 0.9745720624923706, 0.0, 0.04289992010593415], [-0.9745720624923706, -0.22407418489456177, 0.0, 0.18539681887626647], [0.0, 0.0, 0.9999999403953552, 0.027738155364990236], [0.0, 0.0, 0.0, 1.0]], [[-0.8475692868232727, 0.530684769153595, -3.880715858559059e-17, 0.1581081191301346], [-0.530684769153595, -0.8475692868232727, -1.6878744807108658e-16, 0.09991392719745637], [-1.2246468525851679e-16, -1.2246468525851679e-16, 1.0, 0.02224166488647463], [0.0, 0.0, 0.0, 1.0]], [[-2.1639827006374434e-16, 0.2240782380104065, 0.974571168422699, -0.005264148712158166], [4.9755363831317843e-17, 0.974571168422699, -0.2240782380104065, 8.000695705412973e-05], [-1.0, 2.7192622655495665e-32, -2.220446049250313e-16, 0.2147932586669922], [0.0, 0.0, 0.0, 1.0]], [[4.9754463858811386e-17, 0.9745720624923706, 0.22407418489456177, 0.00174624276161193], [2.1639846858709135e-16, -0.22407418489456177, 0.9745720624923706, 0.0028941543102264035], [0.9999999403953552, 0.0, -2.220445916901415e-16, -0.23137542855739596], [0.0, 0.0, 0.0, 1.0]], [[0.6813464760780334, 0.7319610714912415, -8.34408847617761e-17, -0.12747667753696443], [0.7319610714912415, -0.6813464760780334, -8.963937922555447e-17, -0.1377929688692093], [-1.2246467202362698e-16, 0.0, -0.9999999403953552, -0.041263683319091776], [0.0, 0.0, 0.0, 1.0]], [[0.5993219614028931, 0.530684769153595, 0.5993219614028931, -0.11576094841957094], [0.37525078654289246, -0.8475692868232727, 0.37525078654289246, -0.07189475792646409], [0.7071067690849304, 8.659560603426554e-17, -0.7071067690849304, -0.17772265422344208], [0.0, 0.0, 0.0, 1.0]], [[0.974571168422699, -0.2240782380104065, -1.1935055539304655e-16, -0.18934489572048188], [-0.2240782380104065, -0.974571168422699, 2.744167049933239e-17, 0.042693802475929264], [-1.2246468525851679e-16, 0.0, -1.0, 0.03207390213012697], [0.0, 0.0, 0.0, 1.0]], [[7.947239478318557e-18, -0.9993593096733093, 0.03579118475317955, -0.0002647348642349257], [-2.21902343094562e-16, -0.03579118475317955, -0.9993593096733093, 0.0026950984001160045], [1.0, 0.0, -2.220446049250313e-16, -0.205496639251709], [0.0, 0.0, 0.0, 1.0]], [[-2.1639827006374434e-16, -0.2240782380104065, -0.974571168422699, -0.0049423146247863405], [4.9755363831317843e-17, -0.974571168422699, 0.2240782380104065, 9.149956703185189e-05], [-1.0, 0.0, 2.220446049250313e-16, 0.2006758613586426], [0.0, 0.0, 0.0, 1.0]], [[-1.5128930909780923e-16, 0.7319610714912415, -0.6813464760780334, 0.0008007810711860914], [-1.625280069397753e-16, -0.6813464760780334, -0.7319610714912415, 0.0011121752262115755], [-0.9999999403953552, 0.0, 2.220445916901415e-16, 0.2274627584218979], [0.0, 0.0, 0.0, 1.0]], [[-0.22407418489456177, -0.9745720624923706, -1.1935066127216496e-16, 0.04269217264652253], [-0.9745720624923706, 0.22407418489456177, 2.7441174190964858e-17, 0.1849941565990448], [0.0, 1.2246467202362698e-16, -0.9999999403953552, 0.02537794876098633], [0.0, 0.0, 0.0, 1.0]], [[-0.974571168422699, -0.2240782380104065, 0.0, 0.1860773538351059], [0.2240782380104065, -0.974571168422699, 0.0, -0.04227379381656647], [0.0, 0.0, 1.0, 0.04043275833129883], [0.0, 0.0, 0.0, 1.0]], [[1.178336782031917e-16, -0.8475749492645264, 0.5306757092475891, 0.0016718156337737838], [-1.8819944475379521e-16, -0.5306757092475891, -0.8475749492645264, -0.003619006633758513], [0.9999999403953552, 0.0, -2.220445916901415e-16, -0.2325408071279526], [0.0, 0.0, 0.0, 1.0]], [[0.5306757092475891, -0.8475749492645264, -6.498903301200472e-17, -0.09857567989826203], [-0.8475749492645264, -0.5306757092475891, 1.0379799816005313e-16, 0.15552617597579957], [-1.2246467202362698e-16, 0.0, -0.9999999403953552, 0.01692298126220705], [0.0, 0.0, 0.0, 1.0]], [[0.5993219614028931, -0.530684769153595, 0.5993219614028931, -0.11895718789100648], [0.37525078654289246, 0.8475692868232727, 0.37525078654289246, -0.07287510746717454], [-0.7071067690849304, 0.0, 0.7071067690849304, 0.18219506251811982], [0.0, 0.0, 0.0, 1.0]], [[0.5993219614028931, -0.530684769153595, -0.5993219614028931, -0.11576094841957094], [0.37525078654289246, 0.8475692868232727, -0.37525078654289246, -0.07189475792646409], [0.7071067690849304, 0.0, 0.7071067690849304, -0.17772265422344208], [0.0, 0.0, 0.0, 1.0]], [[-0.5306757092475891, -0.8475749492645264, 0.0, 0.10185862457752229], [0.8475749492645264, -0.5306757092475891, 0.0, -0.16256638097763063], [0.0, 0.0, 0.9999999403953552, 0.04586599349975586], [0.0, 0.0, 0.0, 1.0]], [[2.1639827006374434e-16, -0.2240782380104065, 0.974571168422699, -0.0019596682786941896], [-4.9755363831317843e-17, -0.974571168422699, -0.2240782380104065, 0.00019832408428192984], [1.0, 0.0, -2.220446049250313e-16, -0.23305651473999023], [0.0, 0.0, 0.0, 1.0]], [[-0.5993219614028931, -0.530684769153595, 0.5993219614028931, 0.10878515839576722], [-0.37525078654289246, 0.8475692868232727, 0.37525078654289246, 0.06972019118070603], [-0.7071067690849304, 0.0, -0.7071067690849304, 0.18219506251811982], [0.0, 0.0, 0.0, 1.0]], [[-0.025308189913630486, -0.9993593096733093, -0.025308189913630486, 0.004856726866215468], [0.7066537141799927, -0.03579118475317955, 0.7066537141799927, -0.13258931660652162], [-0.7071067690849304, 0.0, 0.7071067690849304, 0.17312423503398897], [0.0, 0.0, 0.0, 1.0]], [[-0.8475692868232727, -0.530684769153595, 1.0379730332833858e-16, 0.1625258427858353], [-0.530684769153595, 0.8475692868232727, 6.499014474274799e-17, 0.10126893341541292], [-1.2246468525851679e-16, 0.0, -1.0, 0.003664156436920187], [0.0, 0.0, 0.0, 1.0]], [[0.5993219614028931, -0.530684769153595, 0.5993219614028931, -0.11680121731758118], [0.37525078654289246, 0.8475692868232727, 0.37525078654289246, -0.07221382778882982], [-0.7071067690849304, 0.0, 0.7071067690849304, 0.15659195125102998], [0.0, 0.0, 0.0, 1.0]], [[-0.5306757092475891, 0.8475749492645264, 1.0379799816005313e-16, 0.10185862457752229], [0.8475749492645264, 0.5306757092475891, 6.498903301200472e-17, -0.16256638097763063], [0.0, 1.2246467202362698e-16, -0.9999999403953552, 0.04586599349975586], [0.0, 0.0, 0.0, 1.0]], [[1.178336782031917e-16, -0.8475749492645264, 0.5306757092475891, 0.0022071762084960736], [-1.8819944475379521e-16, -0.5306757092475891, -0.8475749492645264, -0.005364647865295378], [0.9999999403953552, 0.0, -2.220445916901415e-16, -0.21145619714260103], [0.0, 0.0, 0.0, 1.0]], [[-1.8819818743926413e-16, -0.530684769153595, -0.8475692868232727, -0.002005307674407927], [-1.1783568990644144e-16, 0.8475692868232727, -0.530684769153595, -0.0006325416564941206], [1.0, 0.0, -2.220446049250313e-16, -0.19346157264709474], [0.0, 0.0, 0.0, 1.0]], [[0.03579118475317955, -0.9993593096733093, -4.38315603325367e-18, -0.0068686425909399995], [-0.9993593096733093, -0.03579118475317955, 1.2238622883177736e-16, 0.19193295085430145], [-1.2246468525851679e-16, 0.0, -1.0, 0.030555999755859396], [0.0, 0.0, 0.0, 1.0]], [[-2.1639827006374434e-16, 0.2240782380104065, 0.974571168422699, -0.005324973106384241], [4.9755363831317843e-17, 0.974571168422699, -0.2240782380104065, 7.782974839209664e-05], [-1.0, 2.7192622655495665e-32, -2.220446049250313e-16, 0.2345727767944336], [0.0, 0.0, 0.0, 1.0]], [[0.025308189913630486, 0.9993593096733093, 0.025308189913630486, -0.004760385315865278], [-0.7066537141799927, 0.03579118475317955, -0.7066537141799927, 0.13593909478187563], [-0.7071067690849304, -8.659560603426554e-17, 0.7071067690849304, 0.17312423503398897], [0.0, 0.0, 0.0, 1.0]], [[-1.6252811281889371e-16, -0.6813459396362305, 0.7319615483283997, -0.0014651796817779267], [1.5128918998380102e-16, -0.7319615483283997, -0.6813459396362305, 0.0030356519222259266], [1.0, -2.7192622655495665e-32, 2.220446049250313e-16, -0.1909183006286621], [0.0, 0.0, 0.0, 1.0]], [[-1.6252811281889371e-16, -0.6813459396362305, 0.7319615483283997, -0.0009808015823363982], [1.5128918998380102e-16, -0.7319615483283997, -0.6813459396362305, 0.002262029170989965], [1.0, -2.7192622655495665e-32, 2.220446049250313e-16, -0.19989560317993166], [0.0, 0.0, 0.0, 1.0]], [[-0.6760239601135254, 0.29322877526283264, 0.6760239601135254, 0.13385919094085694], [-0.20734405517578125, -0.9560422897338867, 0.20734405517578125, 0.039857821464538576], [0.7071067690849304, 0.0, 0.7071067690849304, -0.16869754588603975], [0.0, 0.0, 0.0, 1.0]], [[0.8475692868232727, -0.530684769153595, 0.0, -0.16304347240924838], [0.530684769153595, 0.8475692868232727, 0.0, -0.10146264755725862], [0.0, 0.0, 1.0, -0.0034615731239318846], [0.0, 0.0, 0.0, 1.0]], [[-0.6891258955001831, -0.2240782380104065, 0.6891258955001831, 0.1314727656841278], [0.1584472358226776, -0.974571168422699, -0.1584472358226776, -0.029817155301570895], [0.7071067690849304, 0.0, 0.7071067690849304, -0.15924009883403778], [0.0, 0.0, 0.0, 1.0]], [[-0.5306757092475891, 0.8475749492645264, 1.0379799816005313e-16, 0.10297188770771028], [0.8475749492645264, 0.5306757092475891, 6.498903301200472e-17, -0.16619627141952514], [0.0, 1.2246467202362698e-16, -0.9999999403953552, -0.012639851570129396], [0.0, 0.0, 0.0, 1.0]], [[0.1584443747997284, -0.9745720624923706, -0.1584443747997284, -0.029598492085933688], [0.6891264915466309, 0.22407418489456177, -0.6891264915466309, -0.13573501873016358], [0.7071067094802856, -8.659559941682064e-17, 0.7071067094802856, -0.17891488194465638], [0.0, 0.0, 0.0, 1.0]], [[0.5306757092475891, -0.8475749492645264, -6.498903301200472e-17, -0.10042504799365998], [-0.8475749492645264, -0.5306757092475891, 1.0379799816005313e-16, 0.16155613470077515], [-1.2246467202362698e-16, 0.0, -0.9999999403953552, -0.03702542877197264], [0.0, 0.0, 0.0, 1.0]], [[-0.6891258955001831, -0.2240782380104065, 0.6891258955001831, 0.12900886034965517], [0.1584472358226776, -0.974571168422699, -0.1584472358226776, -0.02990541118383408], [0.7071067690849304, 0.0, 0.7071067690849304, -0.16954281795024873], [0.0, 0.0, 0.0, 1.0]], [[0.6813464760780334, -0.7319610714912415, -6.198494463778364e-18, -0.12865504896640778], [0.7319610714912415, 0.6813464760780334, 1.7308026398733057e-16, -0.13796042835712435], [-1.2246467202362698e-16, -1.2246467202362698e-16, 0.9999999403953552, 0.03746276855468752], [0.0, 0.0, 0.0, 1.0]], [[0.8475692868232727, 0.530684769153595, 6.499014474274799e-17, -0.16396821033954623], [0.530684769153595, -0.8475692868232727, -1.0379730332833858e-16, -0.10174628460407259], [0.0, 1.2246468525851679e-16, -1.0, 0.02224166488647461], [0.0, 0.0, 0.0, 1.0]], [[0.22407418489456177, -0.9745720624923706, -9.19094870812001e-17, -0.042691072106361395], [0.9745720624923706, 0.22407418489456177, 1.4679184208057471e-16, -0.1857862594127655], [-1.2246467202362698e-16, -1.2246467202362698e-16, 0.9999999403953552, 0.01790398406982424], [0.0, 0.0, 0.0, 1.0]], [[-0.7319615483283997, 0.6813459396362305, 8.963943878255857e-17, 0.13885509884357453], [0.6813459396362305, 0.7319615483283997, -8.34408185873271e-17, -0.12841265296936036], [-1.2246468525851679e-16, 0.0, -1.0, 0.043675136566162134], [0.0, 0.0, 0.0, 1.0]], [[-0.7319615483283997, -0.6813459396362305, -1.7308025075244077e-16, 0.13760751450061798], [0.6813459396362305, -0.7319615483283997, -6.198620195231472e-18, -0.12642007637023928], [-1.2246468525851679e-16, -1.2246468525851679e-16, 1.0, -0.000918301582336405], [0.0, 0.0, 0.0, 1.0]], [[0.1584443747997284, 0.9745720624923706, -0.1584443747997284, -0.02977860635519028], [0.6891264915466309, -0.22407418489456177, -0.6891264915466309, -0.13070590591430664], [-0.7071067094802856, 0.0, -0.7071067094802856, 0.16208843159675598], [0.0, 0.0, 0.0, 1.0]], [[0.5306757092475891, -0.8475749492645264, -6.498903301200472e-17, -0.0994267693758011], [-0.8475749492645264, -0.5306757092475891, 1.0379799816005313e-16, 0.15830122900009155], [-1.2246467202362698e-16, 0.0, -0.9999999403953552, 0.0002983665168285578], [0.0, 0.0, 0.0, 1.0]], [[-0.974571168422699, -0.2240782380104065, 0.0, 0.17984354913234712], [0.2240782380104065, -0.974571168422699, 0.0, -0.04249703562259674], [0.0, 0.0, 1.0, 0.04457277297973633], [0.0, 0.0, 0.0, 1.0]], [[1.6252811281889371e-16, -0.6813459396362305, -0.7319615483283997, 0.00022827520966527085], [-1.5128918998380102e-16, -0.7319615483283997, 0.6813459396362305, 0.00033095178008082097], [-1.0, 2.7192622655495665e-32, -2.220446049250313e-16, 0.19661811828613282], [0.0, 0.0, 0.0, 1.0]], [[-0.5306757092475891, -0.8475749492645264, 0.0, 0.10303556072711945], [0.8475749492645264, -0.5306757092475891, 0.0, -0.16640388822555544], [0.0, 0.0, 0.9999999403953552, -0.021456207275390625], [0.0, 0.0, 0.0, 1.0]], [[0.5175749659538269, 0.6813459396362305, 0.5175749659538269, -0.09980856597423554], [-0.48178431391716003, 0.7319615483283997, -0.48178431391716003, 0.09458128899335862], [-0.7071067690849304, 0.0, 0.7071067690849304, 0.17105866420269014], [0.0, 0.0, 0.0, 1.0]], [[-0.9560422897338867, 0.29322877526283264, 0.0, 0.18739731788635255], [-0.29322877526283264, -0.9560422897338867, 0.0, 0.056187905848026284], [0.0, 0.0, 1.0, 0.007876004219055176], [0.0, 0.0, 0.0, 1.0]], [[0.5175749659538269, 0.6813459396362305, -0.5175749659538269, -0.10006641376018525], [-0.48178431391716003, 0.7319615483283997, 0.48178431391716003, 0.09499311035871506], [0.7071067690849304, 0.0, 0.7071067690849304, -0.1696580332517624], [0.0, 0.0, 0.0, 1.0]], [[0.6760239601135254, -0.29322877526283264, -0.6760239601135254, -0.12500945377349854], [0.20734405517578125, 0.9560422897338867, -0.20734405517578125, -0.03900381708145142], [0.7071067690849304, -8.659560603426554e-17, 0.7071067690849304, -0.17831673228740694], [0.0, 0.0, 0.0, 1.0]]], "foliation_name": "slide_table", "similarity_matrix": [[1.0, 0.08554735857160696, 0.0, 0.0, 0.0010542709004412493, 0.0010411384743690454