{"co_parameters": [[[-0.6813459396362305, -8.34408185873271e-17, 0.7319615483283997, -0.11626678824424745], [-0.7319615483283997, -8.963943878255857e-17, -0.6813459396362305, 0.10835800933837891], [1.2246468525851679e-16, -1.0, 0.0, -0.04288823318481445], [0.0, 0.0, 0.0, 1.0]], [[0.9993593096733093, 1.2676938610580194e-16, 0.03579118475317955, -0.005794907048344613], [0.03579118475317955, -1.1800307155775277e-16, -0.9993593096733093, 0.1619521715641022], [-1.2246468525851679e-16, 1.0, -1.2246468525851679e-16, 0.030555999755859393], [0.0, 0.0, 0.0, 1.0]], [[0.29322877526283264, -1.1708142030180128e-16, 0.9560422897338867, -0.14728801631927493], [-0.9560422897338867, -3.5910170248360426e-17, 0.29322877526283264, -0.04644469344615937], [0.0, -1.0, -1.2246468525851679e-16, 0.0008033060431480579], [0.0, 0.0, 0.0, 1.0]], [[0.2240782380104065, 0.6891258955001831, 0.6891258955001831, -0.11558511590957643], [0.974571168422699, -0.1584472358226776, -0.1584472358226776, 0.025429387450218204], [-8.659560603426554e-17, 0.7071067690849304, -0.7071067690849304, 0.15770985627174378], [0.0, 0.0, 0.0, 1.0]], [[-0.2240782380104065, 0.974571168422699, 2.1639827006374434e-16, -0.00546307659149173], [-0.974571168422699, -0.2240782380104065, -4.9755363831317843e-17, 7.288853079081279e-05], [0.0, -2.220446049250313e-16, 1.0, -0.16534864616394043], [0.0, 0.0, 0.0, 1.0]], [[0.7319610714912415, 0.0, -0.6813464760780334, 0.11390240168571472], [-0.6813464760780334, 0.0, -0.7319610714912415, 0.12021404051780701], [0.0, 0.9999999403953552, 0.0, -0.03464617156982422], [0.0, 0.0, 0.0, 1.0]], [[0.8475749492645264, 1.0379799816005313e-16, -0.5306757092475891, 0.08635322833061218], [0.5306757092475891, 6.498903301200472e-17, 0.8475749492645264, -0.13849182796478274], [1.2246467202362698e-16, -0.9999999403953552, 0.0, 0.027937578201293944], [0.0, 0.0, 0.0, 1.0]], [[0.29322877526283264, 0.6760239601135254, -0.6760239601135254, 0.11159893226623536], [-0.9560422897338867, 0.20734405517578125, -0.20734405517578125, 0.033566602230072025], [0.0, 0.7071067690849304, 0.7071067690849304, -0.157103529214859], [0.0, 0.0, 0.0, 1.0]], [[-0.9745720624923706, 0.1584443747997284, -0.1584443747997284, 0.02567692482471466], [0.22407418489456177, 0.6891264915466309, -0.6891264915466309, 0.11048836612701417], [8.659559941682064e-17, -0.7071067094802856, -0.7071067094802856, 0.14087523031234742], [0.0, 0.0, 0.0, 1.0]], [[0.9745720624923706, -2.7441174190964858e-17, 0.22407418489456177, -0.03565208649635315], [-0.22407418489456177, -1.1935066127216496e-16, 0.9745720624923706, -0.15595207071304323], [0.0, -0.9999999403953552, -1.2246467202362698e-16, 0.007799271106719988], [0.0, 0.0, 0.0, 1.0]], [[-0.29322877526283264, -0.9560422897338867, 2.122840325155832e-16, 0.001832113862037629], [0.9560422897338867, -0.29322877526283264, 6.510986755588647e-17, 0.0003341416120529084], [-2.7192622655495665e-32, 2.220446049250313e-16, 1.0, -0.18488981246948244], [0.0, 0.0, 0.0, 1.0]], [[0.530684769153595, -3.880715858559059e-17, -0.8475692868232727, 0.1352146737575531], [-0.8475692868232727, -1.6878744807108658e-16, -0.530684769153595, 0.08477050089836122], [-1.2246468525851679e-16, 1.0, -1.2246468525851679e-16, -0.02292550849914549], [0.0, 0.0, 0.0, 1.0]], [[0.29322877526283264, 0.6760239601135254, -0.6760239601135254, 0.11357847213745119], [-0.9560422897338867, 0.20734405517578125, -0.20734405517578125, 0.033637499809265135], [0.0, 0.7071067690849304, 0.7071067690849304, -0.14748434281349182], [0.0, 0.0, 0.0, 1.0]], [[-0.29322877526283264, 0.6760239601135254, -0.6760239601135254, 0.11193373680114747], [0.9560422897338867, 0.20734405517578125, -0.20734405517578125, 0.0335785927772522], [8.659560603426554e-17, -0.7071067690849304, -0.7071067690849304, 0.13336340546607972], [0.0, 0.0, 0.0, 1.0]], [[-0.9745720624923706, -9.19094870812001e-17, 0.22407418489456177, -0.03444456124305726], [0.22407418489456177, 1.4679184208057471e-16, 0.9745720624923706, -0.15367617464065553], [-1.2246467202362698e-16, 0.9999999403953552, -1.2246467202362698e-16, 0.03746276855468751], [0.0, 0.0, 0.0, 1.0]], [[-0.6813459396362305, -1.7308025075244077e-16, -0.7319615483283997, 0.11613304591178895], [-0.7319615483283997, -6.198620195231472e-18, 0.6813459396362305, -0.10675332164764405], [-1.2246468525851679e-16, 1.0, -1.2246468525851679e-16, -0.009895602226257308], [0.0, 0.0, 0.0, 1.0]], [[0.7319610714912415, 0.4817847013473511, 0.4817847013473511, -0.07510639905929566], [-0.6813464760780334, 0.5175746083259583, 0.5175746083259583, -0.08153230261802674], [0.0, -0.7071067094802856, 0.7071067094802856, -0.154400758266449], [0.0, 0.0, 0.0, 1.0]], [[0.9745720624923706, 0.1584443747997284, 0.1584443747997284, -0.025028848290443422], [-0.22407418489456177, 0.6891264915466309, 0.6891264915466309, -0.10993227767944337], [0.0, -0.7071067094802856, 0.7071067094802856, -0.13345405340194705], [0.0, 0.0, 0.0, 1.0]], [[-0.2240782380104065, 0.974571168422699, 2.1639827006374434e-16, -0.0019250601530075378], [-0.974571168422699, -0.2240782380104065, -4.9755363831317843e-17, 0.00019956372678280575], [0.0, -2.220446049250313e-16, 1.0, -0.19519253158569339], [0.0, 0.0, 0.0, 1.0]], [[-0.29322877526283264, 0.6760239601135254, 0.6760239601135254, -0.1059274835586548], [0.9560422897338867, 0.20734405517578125, 0.20734405517578125, -0.03282642984390259], [-8.659560603426554e-17, 0.7071067690849304, -0.7071067690849304, 0.14238713288307192], [0.0, 0.0, 0.0, 1.0]], [[-0.29322877526283264, -0.9560422897338867, 2.122840325155832e-16, 0.00541463851928708], [0.9560422897338867, -0.29322877526283264, 6.510986755588647e-17, 0.00046245089173316045], [-2.7192622655495665e-32, 2.220446049250313e-16, 1.0, -0.1943472595214844], [0.0, 0.0, 0.0, 1.0]], [[0.7319610714912415, -8.34408847617761e-17, 0.6813464760780334, -0.10925438189506531], [-0.6813464760780334, -8.963937922555447e-17, 0.7319610714912415, -0.11796124148368836], [0.0, -0.9999999403953552, -1.2246467202362698e-16, -0.004851984977722151], [0.0, 0.0, 0.0, 1.0]], [[-0.530684769153595, 1.0379730332833858e-16, -0.8475692868232727, 0.13043347048759463], [0.8475692868232727, 6.499014474274799e-17, -0.530684769153595, 0.08330401492118836], [0.0, -1.0, -1.2246468525851679e-16, -0.018027418136596664], [0.0, 0.0, 0.0, 1.0]], [[0.8475749492645264, 1.6878703778950275e-16, 0.5306757092475891, -0.08393829226493836], [0.5306757092475891, -3.880896514804841e-17, -0.8475749492645264, 0.13428185653686525], [-1.2246467202362698e-16, 0.9999999403953552, -1.2246467202362698e-16, 0.009975176811218279], [0.0, 0.0, 0.0, 1.0]], [[0.530684769153595, 6.499014474274799e-17, 0.8475692868232727, -0.13761639380455018], [-0.8475692868232727, -1.0379730332833858e-16, 0.530684769153595, -0.08554210448265076], [1.2246468525851679e-16, -1.0, 0.0, -0.0034615731239318846], [0.0, 0.0, 0.0, 1.0]], [[-0.9993593096733093, -0.025308189913630486, -0.025308189913630486, 0.004097481168806553], [-0.03579118475317955, 0.7066537141799927, 0.7066537141799927, -0.11138970518112185], [0.0, 0.7071067690849304, -0.7071067690849304, 0.15191103196144104], [0.0, 0.0, 0.0, 1.0]], [[-0.7319610714912415, -6.198494463778364e-18, 0.6813464760780334, -0.10859504008293153], [0.6813464760780334, 1.7308026398733057e-16, 0.7319610714912415, -0.1167185275554657], [-1.2246467202362698e-16, 0.9999999403953552, -1.2246467202362698e-16, -0.01239844608306883], [0.0, 0.0, 0.0, 1.0]], [[-0.9993593096733093, 0.0, -0.03579118475317955, 0.006532066777348519], [-0.03579118475317955, 0.0, 0.9993593096733093, -0.16069182038307192], [0.0, 1.0, 0.0, -0.004274720668792724], [0.0, 0.0, 0.0, 1.0]], [[0.9745720624923706, 0.0, -0.22407418489456177, 0.03615119194984437], [-0.22407418489456177, 0.0, -0.9745720624923706, 0.15689967012405398], [0.0, 0.9999999403953552, 0.0, 0.04019153213500977], [0.0, 0.0, 0.0, 1.0]], [[0.530684769153595, -3.880715858559059e-17, -0.8475692868232727, 0.13268104052543642], [-0.8475692868232727, -1.6878744807108658e-16, -0.530684769153595, 0.08399338412284851], [-1.2246468525851679e-16, 1.0, -1.2246468525851679e-16, 0.022241664886474628], [0.0, 0.0, 0.0, 1.0]], [[0.7319610714912415, 0.4817847013473511, -0.4817847013473511, 0.07616092157363892], [-0.6813464760780334, 0.5175746083259583, -0.5175746083259583, 0.08067212462425233], [0.0, 0.7071067094802856, 0.7071067094802856, -0.15675189352035523], [0.0, 0.0, 0.0, 1.0]], [[-0.7319610714912415, -6.198494463778364e-18, 0.6813464760780334, -0.10703628325462342], [0.6813464760780334, 1.7308026398733057e-16, 0.7319610714912415, -0.11583413672447206], [-1.2246467202362698e-16, 0.9999999403953552, -1.2246467202362698e-16, -0.04126368331909178], [0.0, 0.0, 0.0, 1.0]], [[0.2240782380104065, -0.6891258955001831, -0.6891258955001831, 0.11079898881912233], [0.974571168422699, 0.1584472358226776, 0.1584472358226776, -0.025063738226890567], [8.659560603426554e-17, -0.7071067690849304, 0.7071067690849304, -0.13802689576148988], [0.0, 0.0, 0.0, 1.0]], [[0.7319610714912415, -8.34408847617761e-17, 0.6813464760780334, -0.10859504008293153], [-0.6813464760780334, -8.963937922555447e-17, 0.7319610714912415, -0.1167185275554657], [0.0, -0.9999999403953552, -1.2246467202362698e-16, -0.01239844608306883], [0.0, 0.0, 0.0, 1.0]], [[-0.9993593096733093, 0.0, -0.03579118475317955, 0.005774760320782662], [-0.03579118475317955, 0.0, 0.9993593096733093, -0.15822260117530826], [0.0, 1.0, 0.0, 0.038773948669433594], [0.0, 0.0, 0.0, 1.0]], [[-0.29322877526283264, -3.5910170248360426e-17, -0.9560422897338867, 0.15871604919433596], [0.9560422897338867, 1.1708142030180128e-16, -0.29322877526283264, 0.047391042590141305], [1.2246468525851679e-16, -1.0, 0.0, 0.007876004219055176], [0.0, 0.0, 0.0, 1.0]], [[-0.7319610714912415, -0.4817847013473511, -0.4817847013473511, 0.0790647053718567], [0.6813464760780334, -0.5175746083259583, -0.5175746083259583, 0.08409157156944275], [8.659559941682064e-17, -0.7071067094802856, 0.7071067094802856, -0.154400758266449], [0.0, 0.0, 0.0, 1.0]], [[0.2240782380104065, 2.744167049933239e-17, -0.974571168422699, 0.15098907208442688], [0.974571168422699, 1.1935055539304655e-16, 0.2240782380104065, -0.03576101851463318], [1.2246468525851679e-16, -1.0, 0.0, 0.01067586135864258], [0.0, 0.0, 0.0, 1.0]], [[-0.9993593096733093, 0.0, -0.03579118475317955, 0.005750465348362923], [-0.03579118475317955, 0.0, 0.9993593096733093, -0.15814338326454164], [0.0, 1.0, 0.0, -0.03702542877197266], [0.0, 0.0, 0.0, 1.0]], [[-0.9745720624923706, 0.22407418489456177, -4.9754463858811386e-17, 0.00032582479715347984], [0.22407418489456177, 0.9745720624923706, -2.1639846858709135e-16, 0.00022812712192538432], [2.719261971675979e-32, -2.220445916901415e-16, -0.9999999403953552, 0.18773814702033997], [0.0, 0.0, 0.0, 1.0]], [[0.2240782380104065, 2.744167049933239e-17, -0.974571168422699, 0.1564702332019806], [0.974571168422699, 1.1935055539304655e-16, 0.2240782380104065, -0.0355646984577179], [1.2246468525851679e-16, -1.0, 0.0, -0.024889812469482422], [0.0, 0.0, 0.0, 1.0]], [[0.2240782380104065, -0.974571168422699, 2.1639827006374434e-16, -0.0019250601530075378], [0.974571168422699, 0.2240782380104065, -4.9755363831317843e-17, 0.00019956372678280575], [-2.7192622655495665e-32, 2.220446049250313e-16, 1.0, -0.19519253158569339], [0.0, 0.0, 0.0, 1.0]], [[-0.2240782380104065, 0.6891258955001831, 0.6891258955001831, -0.1097212977409363], [-0.974571168422699, -0.1584472358226776, -0.1584472358226776, 0.025639377236366275], [0.0, -0.7071067690849304, 0.7071067690849304, -0.13802689576148988], [0.0, 0.0, 0.0, 1.0]], [[-0.2240782380104065, -0.6891258955001831, -0.6891258955001831, 0.10493516969680787], [-0.974571168422699, 0.1584472358226776, 0.1584472358226776, -0.02527372801303864], [0.0, 0.7071067690849304, -0.7071067690849304, 0.15770985627174378], [0.0, 0.0, 0.0, 1.0]], [[0.9745720624923706, 0.0, -0.22407418489456177, 0.03759811234474183], [-0.22407418489456177, 0.0, -0.9745720624923706, 0.15882568407058717], [0.0, 0.9999999403953552, 0.0, -0.041375442504882814], [0.0, 0.0, 0.0, 1.0]], [[0.29322877526283264, 0.0, -0.9560422897338867, 0.15668506050109865], [-0.9560422897338867, 0.0, -0.29322877526283264, 0.047318298697471624], [0.0, 1.0, 0.0, -0.008892201423645019], [0.0, 0.0, 0.0, 1.0]], [[-0.7319610714912415, -8.963937922555447e-17, -0.6813464760780334, 0.10651780200004578], [0.6813464760780334, 8.34408847617761e-17, -0.7319610714912415, 0.1120091121196747], [1.2246467202362698e-16, -0.9999999403953552, 0.0, -0.01851419448852539], [0.0, 0.0, 0.0, 1.0]], [[0.6813459396362305, 0.0, 0.7319615483283997, -0.11857902693748476], [0.7319615483283997, 0.0, -0.6813459396362305, 0.1120510025024414], [0.0, 1.0, 0.0, -0.0009183015823364258], [0.0, 0.0, 0.0, 1.0]], [[0.29322877526283264, -0.9560422897338867, -2.122840325155832e-16, 0.006012812614440948], [-0.9560422897338867, -0.29322877526283264, -6.510986755588647e-17, 0.00048384466767312006], [0.0, 2.220446049250313e-16, -1.0, 0.19760914611816408], [0.0, 0.0, 0.0, 1.0]], [[0.530684769153595, -3.880715858559059e-17, -0.8475692868232727, 0.1370987641811371], [-0.8475692868232727, -1.6878744807108658e-16, -0.530684769153595, 0.08534839034080506], [-1.2246468525851679e-16, 1.0, -1.2246468525851679e-16, 0.0036641564369201836], [0.0, 0.0, 0.0, 1.0]], [[0.6813459396362305, 8.963943878255857e-17, -0.7319615483283997, 0.11796090674400331], [0.7319615483283997, -8.34408185873271e-17, 0.6813459396362305, -0.10967269134521485], [0.0, -1.0, -1.2246468525851679e-16, -0.04288823318481444], [0.0, 0.0, 0.0, 1.0]], [[-0.6813459396362305, -8.34408185873271e-17, 0.7319615483283997, -0.1180946490764618], [-0.7319615483283997, -8.963943878255857e-17, -0.6813459396362305, 0.11127737903594971], [1.2246468525851679e-16, -1.0, 0.0, -0.009895602226257325], [0.0, 0.0, 0.0, 1.0]], [[0.9993593096733093, 0.025308189913630486, 0.025308189913630486, -0.004117627836763859], [0.03579118475317955, -0.7066537141799927, -0.7066537141799927, 0.11511927556991579], [-8.659560603426554e-17, 0.7071067690849304, -0.7071067690849304, 0.14369308304786682], [0.0, 0.0, 0.0, 1.0]], [[-0.9745720624923706, -1.1935066127216496e-16, -0.22407418489456177, 0.03605165266990662], [0.22407418489456177, 2.7441174190964858e-17, -0.9745720624923706, 0.15591098833084108], [1.2246467202362698e-16, -0.9999999403953552, 0.0, 0.0077992711067199705], [0.0, 0.0, 0.0, 1.0]], [[-0.7319610714912415, -6.198494463778364e-18, 0.6813464760780334, -0.1060138566493988], [0.6813464760780334, 1.7308026398733057e-16, 0.7319610714912415, -0.11519397997856141], [-1.2246467202362698e-16, 0.9999999403953552, -1.2246467202362698e-16, -0.02078221130371092], [0.0, 0.0, 0.0, 1.0]], [[0.9993593096733093, 0.03579118475317955, -7.947239478318557e-18, 4.817076772451512e-05], [0.03579118475317955, -0.9993593096733093, 2.21902343094562e-16, 0.0016748892068862604], [2.7192622655495665e-32, -2.220446049250313e-16, -1.0, 0.1987739486694336], [0.0, 0.0, 0.0, 1.0]], [[0.9745720624923706, -2.7441174190964858e-17, 0.22407418489456177, -0.034824946641922004], [-0.22407418489456177, -1.1935066127216496e-16, 0.9745720624923706, -0.15439310693740846], [0.0, -0.9999999403953552, -1.2246467202362698e-16, -0.01239844608306883], [0.0, 0.0, 0.0, 1.0]], [[0.9745720624923706, -2.7441174190964858e-17, 0.22407418489456177, -0.03444456124305726], [-0.22407418489456177, -1.1935066127216496e-16, 0.9745720624923706, -0.15367617464065553], [0.0, -0.9999999403953552, -1.2246467202362698e-16, 0.03746276855468751], [0.0, 0.0, 0.0, 1.0]], [[-0.2240782380104065, -1.1935055539304655e-16, 0.974571168422699, -0.1578910553455353], [-0.974571168422699, 2.744167049933239e-17, -0.2240782380104065, 0.03605084204673767], [0.0, -1.0, -1.2246468525851679e-16, -0.04305651473999022], [0.0, 0.0, 0.0, 1.0]], [[-0.9745720624923706, 0.1584443747997284, 0.1584443747997284, -0.024914342284202577], [0.22407418489456177, 0.6891264915466309, 0.6891264915466309, -0.11312957382202149], [-8.659559941682064e-17, 0.7071067094802856, -0.7071067094802856, 0.15970063543319704], [0.0, 0.0, 0.0, 1.0]], [[0.8475749492645264, 0.3752443790435791, -0.3752443790435791, 0.060466732501983644], [0.5306757092475891, -0.599325954914093, 0.599325954914093, -0.09545447516441347], [8.659559941682064e-17, -0.7071067094802856, -0.7071067094802856, 0.1519110198020935], [0.0, 0.0, 0.0, 1.0]], [[-0.8475749492645264, -0.3752443790435791, -0.3752443790435791, 0.06106934070587158], [-0.5306757092475891, 0.599325954914093, 0.599325954914093, -0.09741929411888124], [0.0, 0.7071067094802856, -0.7071067094802856, 0.15900306844711304], [0.0, 0.0, 0.0, 1.0]], [[0.7319610714912415, 0.0, -0.6813464760780334, 0.11056926798820496], [-0.6813464760780334, 0.0, -0.7319610714912415, 0.11812710070610047], [0.0, 0.9999999403953552, 0.0, 0.03185247230529785], [0.0, 0.0, 0.0, 1.0]], [[-0.2240782380104065, 0.6891258955001831, -0.6891258955001831, 0.10833508348464967], [-0.974571168422699, -0.1584472358226776, 0.1584472358226776, -0.025151994109153752], [0.0, 0.7071067690849304, 0.7071067690849304, -0.1483296148777008], [0.0, 0.0, 0.0, 1.0]], [[0.6813459396362305, 8.963943878255857e-17, -0.7319615483283997, 0.11762920928001405], [0.7319615483283997, -8.34408185873271e-17, 0.6813459396362305, -0.10914292049407959], [0.0, -1.0, -1.2246468525851679e-16, 0.030733831405639667], [0.0, 0.0, 0.0, 1.0]], [[-0.8475749492645264, -0.3752443790435791, -0.3752443790435791, 0.06148421573638917], [-0.5306757092475891, 0.599325954914093, 0.599325954914093, -0.09877198958396913], [0.0, 0.7071067094802856, -0.7071067094802856, 0.1410746512413025], [0.0, 0.0, 0.0, 1.0]], [[-0.9745720624923706, -9.19094870812001e-17, 0.22407418489456177, -0.0329679503440857], [0.22407418489456177, 1.4679184208057471e-16, 0.9745720624923706, -0.15089312314987186], [-1.2246467202362698e-16, 0.9999999403953552, -1.2246467202362698e-16, 0.04502053451538087], [0.0, 0.0, 0.0, 1.0]], [[-0.6813459396362305, -8.34408185873271e-17, 0.7319615483283997, -0.11688557219505312], [-0.7319615483283997, -8.963943878255857e-17, -0.6813459396362305, 0.10934630203247071], [1.2246468525851679e-16, -1.0, 0.0, 0.006618118286132813], [0.0, 0.0, 0.0, 1.0]], [[0.29322877526283264, 0.9560422897338867, 2.122840325155832e-16, 0.0034350988864898383], [-0.9560422897338867, 0.29322877526283264, 6.510986755588647e-17, 0.00039155337214469], [0.0, -2.220446049250313e-16, 1.0, -0.20396644592285157], [0.0, 0.0, 0.0, 1.0]], [[0.6813459396362305, -0.7319615483283997, -1.6252811281889371e-16, -0.000980801582336403], [0.7319615483283997, 0.6813459396362305, 1.5128918998380102e-16, 0.002262029170989969], [0.0, -2.220446049250313e-16, 1.0, -0.16989560317993166], [0.0, 0.0, 0.0, 1.0]], [[0.8475749492645264, 1.0379799816005313e-16, -0.5306757092475891, 0.08515433478355408], [0.5306757092475891, 6.498903301200472e-17, 0.8475749492645264, -0.13458282947540284], [1.2246467202362698e-16, -0.9999999403953552, 0.0, 0.020111204147338867], [0.0, 0.0, 0.0, 1.0]], [[-0.9993593096733093, -0.03579118475317955, -7.947239478318557e-18, 0.0006507792472839367], [-0.03579118475317955, 0.9993593096733093, 2.21902343094562e-16, -0.0002899298369884802], [0.0, 2.220446049250313e-16, -1.0, 0.20586599731445315], [0.0, 0.0, 0.0, 1.0]], [[-0.9745720624923706, -9.19094870812001e-17, 0.22407418489456177, -0.03552961802482606], [0.22407418489456177, 1.4679184208057471e-16, 0.9745720624923706, -0.1556035695075989], [-1.2246467202362698e-16, 0.9999999403953552, -1.2246467202362698e-16, -0.02031698036193846], [0.0, 0.0, 0.0, 1.0]], [[-0.6813459396362305, -1.7308025075244077e-16, -0.7319615483283997, 0.11796090674400331], [-0.7319615483283997, -6.198620195231472e-18, 0.6813459396362305, -0.10967269134521485], [-1.2246468525851679e-16, 1.0, -1.2246468525851679e-16, -0.04288823318481444], [0.0, 0.0, 0.0, 1.0]], [[0.8475749492645264, 1.6878703778950275e-16, 0.5306757092475891, -0.08350649809837342], [0.5306757092475891, -3.880896514804841e-17, -0.8475749492645264, 0.13287398052215577], [-1.2246467202362698e-16, 0.9999999403953552, -1.2246467202362698e-16, 0.0002983665168285541], [0.0, 0.0, 0.0, 1.0]], [[-0.9745720624923706, -9.19094870812001e-17, 0.22407418489456177, -0.03555254721641541], [0.22407418489456177, 1.4679184208057471e-16, 0.9745720624923706, -0.15496339082717897], [-1.2246467202362698e-16, 0.9999999403953552, -1.2246467202362698e-16, 0.04019153213500978], [0.0, 0.0, 0.0, 1.0]], [[-0.9745720624923706, -1.1935066127216496e-16, -0.22407418489456177, 0.036878792524337775], [0.22407418489456177, 2.7441174190964858e-17, -0.9745720624923706, 0.1574699540138245], [1.2246467202362698e-16, -0.9999999403953552, 0.0, -0.012398446083068847], [0.0, 0.0, 0.0, 1.0]], [[-0.8475749492645264, 0.5306757092475891, 1.178336782031917e-16, 0.00040333667397497437], [-0.5306757092475891, -0.8475749492645264, -1.8819944475379521e-16, 0.0005168951749801899], [0.0, -2.220445916901415e-16, 0.9999999403953552, -0.1970254204273224], [0.0, 0.0, 0.0, 1.0]], [[-0.29322877526283264, 8.117124674471841e-17, 0.9560422897338867, -0.15108925819396976], [0.9560422897338867, 1.5299159385888416e-16, 0.29322877526283264, -0.04658083522319795], [-1.2246468525851679e-16, 1.0, -1.2246468525851679e-16, -0.01655797386169432], [0.0, 0.0, 0.0, 1.0]], [[0.530684769153595, -0.5993219614028931, -0.5993219614028931, 0.09080549955368042], [-0.8475692868232727, -0.37525078654289246, -0.37525078654289246, 0.05846266758441926], [-8.659560603426554e-17, 0.7071067690849304, -0.7071067690849304, 0.16098185944557192], [0.0, 0.0, 0.0, 1.0]], [[-0.8475749492645264, -6.498903301200472e-17, 0.5306757092475891, -0.08276461005210876], [-0.5306757092475891, 1.0379799816005313e-16, -0.8475749492645264, 0.1304549617767334], [0.0, -0.9999999403953552, -1.2246467202362698e-16, -0.012639851570129378], [0.0, 0.0, 0.0, 1.0]], [[0.9993593096733093, -0.03579118475317955, 7.947239478318557e-18, 2.3875797167419275e-05], [0.03579118475317955, 0.9993593096733093, -2.21902343094562e-16, 0.0017541064023971868], [-2.7192622655495665e-32, 2.220446049250313e-16, 1.0, -0.19702542877197265], [0.0, 0.0, 0.0, 1.0]], [[-0.7319610714912415, -0.6813464760780334, 1.5128930909780923e-16, 9.500645846126345e-05], [0.6813464760780334, -0.7319610714912415, 1.625280069397753e-16, 9.992711991069426e-05], [-2.719261971675979e-32, 2.220445916901415e-16, 0.9999999403953552, -0.1872810432910919], [0.0, 0.0, 0.0, 1.0]], [[0.9745720624923706, -0.22407418489456177, -4.9754463858811386e-17, 0.00032582479715347984], [-0.22407418489456177, -0.9745720624923706, -2.1639846858709135e-16, 0.00022812712192538432], [0.0, 2.220445916901415e-16, -0.9999999403953552, 0.18773814702033997], [0.0, 0.0, 0.0, 1.0]], [[0.6813459396362305, 0.0, 0.7319615483283997, -0.11659848666191103], [0.7319615483283997, 0.0, -0.6813459396362305, 0.10888778018951417], [0.0, 1.0, 0.0, 0.03073383140563965], [0.0, 0.0, 0.0, 1.0]], [[-0.7319610714912415, -6.198494463778364e-18, 0.6813464760780334, -0.10925438189506531], [0.6813464760780334, 1.7308026398733057e-16, 0.7319610714912415, -0.11796124148368836], [-1.2246467202362698e-16, 0.9999999403953552, -1.2246467202362698e-16, -0.004851984977722151], [0.0, 0.0, 0.0, 1.0]], [[0.2240782380104065, 1.4679222589237894e-16, 0.974571168422699, -0.1612563602924347], [0.974571168422699, 9.190888489371416e-17, -0.2240782380104065, 0.035930347681045534], [-1.2246468525851679e-16, 1.0, -1.2246468525851679e-16, 0.044572772979736344], [0.0, 0.0, 0.0, 1.0]], [[0.7319610714912415, -0.4817847013473511, 0.4817847013473511, -0.07553171968460083], [-0.6813464760780334, -0.5175746083259583, 0.5175746083259583, -0.08179860854148865], [0.0, -0.7071067094802856, -0.7071067094802856, 0.14498954534530642], [0.0, 0.0, 0.0, 1.0]], [[0.2240782380104065, 0.974571168422699, -2.1639827006374434e-16, -0.0052641487121581725], [0.974571168422699, -0.2240782380104065, 4.9755363831317843e-17, 8.000695705413122e-05], [2.7192622655495665e-32, -2.220446049250313e-16, -1.0, 0.1847932586669922], [0.0, 0.0, 0.0, 1.0]], [[-0.9745720624923706, -0.1584443747997284, -0.1584443747997284, 0.025814989924430848], [0.22407418489456177, -0.6891264915466309, -0.6891264915466309, 0.10663329315185548], [8.659559941682064e-17, -0.7071067094802856, 0.7071067094802856, -0.14911193609237672], [0.0, 0.0, 0.0, 1.0]], [[-0.7319610714912415, -8.963937922555447e-17, -0.6813464760780334, 0.10943583178520203], [0.6813464760780334, 8.34408847617761e-17, -0.7319610714912415, 0.11750901484489441], [1.2246467202362698e-16, -0.9999999403953552, 0.0, -0.012398446083068847], [0.0, 0.0, 0.0, 1.0]], [[0.9745720624923706, -0.1584443747997284, 0.1584443747997284, -0.025051777482032776], [-0.22407418489456177, -0.6891264915466309, 0.6891264915466309, -0.10929209899902345], [0.0, -0.7071067094802856, -0.7071067094802856, 0.1533286032676697], [0.0, 0.0, 0.0, 1.0]], [[0.9993593096733093, 1.2238622883177736e-16, -0.03579118475317955, 0.005658272102475167], [0.03579118475317955, 4.38315603325367e-18, 0.9993593096733093, -0.157842808008194], [1.2246468525851679e-16, -1.0, 0.0, 0.030555999755859375], [0.0, 0.0, 0.0, 1.0]], [[-0.2240782380104065, -1.1935055539304655e-16, 0.974571168422699, -0.1578564465045929], [-0.974571168422699, 2.744167049933239e-17, -0.2240782380104065, 0.036052081823349], [0.0, -1.0, -1.2246468525851679e-16, -0.03519253158569335], [0.0, 0.0, 0.0, 1.0]], [[0.2240782380104065, 2.744167049933239e-17, -0.974571168422699, 0.15739619755744935], [0.974571168422699, 1.1935055539304655e-16, 0.2240782380104065, -0.03553153586387634], [1.2246468525851679e-16, -1.0, 0.0, 0.004639462947845459], [0.0, 0.0, 0.0, 1.0]], [[-0.6813459396362305, -0.5175749659538269, 0.5175749659538269, -0.08302958989143372], [-0.7319615483283997, 0.48178431391716003, -0.48178431391716003, 0.07812856543064119], [8.659560603426554e-17, -0.7071067690849304, -0.7071067690849304, 0.15681221985816957], [0.0, 0.0, 0.0, 1.0]], [[0.2240782380104065, 0.974571168422699, -2.1639827006374434e-16, -0.0049423146247863465], [0.974571168422699, -0.2240782380104065, 4.9755363831317843e-17, 9.149956703185338e-05], [2.7192622655495665e-32, -2.220446049250313e-16, -1.0, 0.1706758613586426], [0.0, 0.0, 0.0, 1.0]], [[0.9745720624923706, 0.0, -0.22407418489456177, 0.0361614215373993], [-0.22407418489456177, 0.0, -0.9745720624923706, 0.15661398363113405], [0.0, 0.9999999403953552, 0.0, 0.0022350268363952636], [0.0, 0.0, 0.0, 1.0]], [[0.7319610714912415, 0.0, -0.6813464760780334, 0.11231630015373231], [-0.6813464760780334, 0.0, -0.7319610714912415, 0.11922095274925233], [0.0, 0.9999999403953552, 0.0, 0.009625772476196288], [0.0, 0.0, 0.0, 1.0]], [[0.29322877526283264, -1.1708142030180128e-16, 0.9560422897338867, -0.15113465309143068], [-0.9560422897338867, -3.5910170248360426e-17, 0.29322877526283264, -0.046582462668418895], [0.0, -1.0, -1.2246468525851679e-16, -0.024889812469482405], [0.0, 0.0, 0.0, 1.0]]], "foliation_name": "slide_table", "similarity_matrix": [[1.0, 0.3591830992159821, 0.26121958774773213, 0.09460797441452228, 0.1420831302598994, 0.06978648729872063, 0.00452254779805747, 0.029142492666073466, 0.06725953920587341, 0.019103470947553946, 0.10116052332506996, 0.040144884414566, 0.030973043743130813, 0.011613485069092358, 0.016506816725618094, 0.006067681760636839, 0.0811119092185869, 0.04018654319632199, 0.09065444242548912, 0.06577345637867109, 0.08443089134507574, 0.07145131807641811, 0.04459417175657601, 0.7980030314364259, 0.13782316572782605, 0.0062748180944365295, 0.0753844088082206, 0.011480289441565678, 0.19683144387836563, 0.03520098365833083, 0.07881737836440518, 0.08045409233955558, 0.019608815737602384, 0.0753844088082206, 0.00951802432282817, 0.016426307422187647, 0.07718086388058, 0.008400275537583156, 0.013383351342480606, 0.019546593791677395, 0.008247222461533579, 0.09065444242548912, 0.4506323178069474, 0.004517486485100675, 0.26933620459150887, 0.018667274213326923, 0.0808972737075148, 0.9148053558521129, 0.014456048701423791, 0.03505936652756304, 0.005752123058205203, 0.9464552255501553, 0.0931096143929562, 0.2460401210136761, 0.07957415212873112, 0.015299373194508071, 0.02148866267765495, 0.016506816725618094, 0.7059996815315577, 0.007059387026869533, 0.0037177061882613816, 0.003030285462883606, 0.05723942078788176, 0.018663006314169634, 0.00442197990697557, 0.004216069217113659, 0.016452756243033984, 0.8845809000579516, 0.07431998720298737, 0.13062795754068432, 0.005415396837886694, 0.012458768786273795, 0.021376996668969785, 0.005752123058205203, 0.8377704020766528, 0.01573691049734823, 0.2617425401733054, 0.08608822465407252, 0.27357091000002287, 0.012728770405936356, 0.8813397279901732, 0.08762830304260037, 0.09951031935182265, 0.019546593791677395, 0.762540178660356, 0.07145131807641811, 0.47415904384100105, 0.025620170085072752, 0.022280076160878504, 0.20710158249966126, 0.07423225182729327, 0.00878480521989804, 0.010279718474155177, 0.7040202188449383, 0.007277393164358123, 0.12288009507137965, 0.030398036813508722, 0.2514212125271537, 0.06331559517725993, 0.2786229264249981], [0.3591830992159821, 1.0, 0.039869355263043096, 0.09583324725016468, 0.03937353616666405, 0.36188129373308536, 0.0069435943190517225, 0.03763748061574801, 0.45351001139136515, 0.005730515886401147, 0.02630293613890864, 0.2379320361810316, 0.04391312024600025, 0.12912475290677064, 0.006351187247118343, 0.01162928906837456, 0.007112940720830786, 0.006124791403325972, 0.020909458118217667, 0.04841292137210952, 0.021288186466676275, 0.010715840855422324, 0.25772788491507154, 0.6942803616983287, 0.01829018849761501, 0.011144389586902595, 0.010847258678157199, 0.004903014636748055, 0.910360596923178, 0.28176318957187635, 0.08868327268398032, 0.009544834292430934, 0.02107069541905262, 0.010847258678157199, 0.005659223792367327, 0.13046840461696213, 0.09293853587242067, 0.04040990259887619, 0.004485729611418682, 0.0782719286677291, 0.03246654835621103, 0.020909458118217667, 0.05535774497453101, 0.04161425815520964, 0.7022691524971992, 0.12791678133048884, 0.41639020287237827, 0.44471041899745545, 0.0665993136047835, 0.25894493330033935, 0.008652070776635165, 0.43124802384107197, 0.4723390661932631, 0.8910965650723952, 0.011173559176815697, 0.06692745477449699, 0.005644857988128288, 0.006351187247118343, 0.10839102590281444, 0.009476323493768589, 0.01377659917008557, 0.011906537943786533, 0.46143699984668374, 0.018063687739320888, 0.01161703002453814, 0.014244839529848381, 0.006923891492998247, 0.45641858395233403, 0.01703818246583106, 0.03721448186098425, 0.007878182422714021, 0.057350328253219354, 0.005206645408434234, 0.008652070776635165, 0.6769788185557669, 0.006054244055423058, 0.8316392259587438, 0.020129762960939553, 0.03519101280694119, 0.1566340902159903, 0.6445268855447367, 0.020543541338980176, 0.024897901338176997, 0.0782719286677291, 0.4700488811804343, 0.010715840855422324, 0.13348415900646418, 0.0206663168805012, 0.08191104297916224, 0.16232447754207638, 0.42518773245156327, 0.011445797015951347, 0.005752121643894624, 0.11457111808250905, 0.03611186600144753, 0.23519429064476613, 0.1008961277587544, 0.878467367515408, 0.44441524152846784, 0.033686173660922046], [0.26121958774773213, 0.039869355263043096, 1.0, 0.21430470369723278, 0.08235305860102428, 0.007506763707718612, 0.04096171614362623, 0.007090573678084759, 0.024300673488054737, 0.29354882266268895, 0.05237023238776332, 0.0073779433057754515, 0.007821719223564458, 0.010253922304890079, 0.2782064838900248, 0.02558748533227298, 0.21712261391937002, 0.1570236217361588, 0.04546835620363352, 0.333685576791979, 0.0413653584514805, 0.7191065242856931, 0.008728330913521425, 0.15895077948126995, 0.9212386975137009, 0.08200573159889897, 0.7185065597959999, 0.15911470600347763, 0.021543281050083435, 0.008065683522746165, 0.010391077669586654, 0.6634175701347145, 0.013117686926899961, 0.7185065597959999, 0.15420867388223888, 0.0057241973758584705, 0.009647735261289024, 0.01135081210914006, 0.15448610536918805, 0.052354913181677974, 0.00931578218009696, 0.04546835620363352, 0.2739920034107425, 0.011641736371374731, 0.019922405542281914, 0.006094783286999401, 0.01094297247387016, 0.2730768378201555, 0.039667000111853326, 0.007129224626159448, 0.021857452357881665, 0.2745166029323497, 0.03483515330090479, 0.02376075845656384, 0.7082979079824924, 0.0421764948169281, 0.2939648330208971, 0.2782064838900248, 0.6426170394998337, 0.10694867732271787, 0.03249858935055436, 0.028450806009550442, 0.008630488654416374, 0.012032054033033233, 0.023288342202256042, 0.036666153359945955, 0.27327287104876896, 0.28308221807228195, 0.03514579231445724, 0.07073837197775493, 0.044451443220556365, 0.0365431127544911, 0.2884773804076371, 0.021857452357881665, 0.163273334141716, 0.2749347535185781, 0.02251954922945201, 0.0423070596412277, 0.9843264424167874, 0.009172014502594143, 0.16813511301530285, 0.042294738514509794, 0.05144006143226902, 0.052354913181677974, 0.27283363472573563, 0.7191065242856931, 0.640854646276824, 0.25664052286285327, 0.06003056583018848, 0.022294115913432742, 0.00935658354397484, 0.12131038281828796, 0.15952537917359266, 0.6631395114311848, 0.009354646108651917, 0.11067812936682289, 0.07677052082142946, 0.02342921864473172, 0.008464235969110407, 0.9668080266027494], [0.09460797441452228, 0.09583324725016468, 0.21430470369723278, 1.0, 0.002635693030853729, 0.006985020123521097, 0.014410623073490558, 0.0, 0.2530078943120396, 0.045374182954729905, 0.0011497144290332315, 0.0068417014817768775, 0.0, 0.07250672989450986, 0.07001228477280245, 0.006769240889385612, 0.0037630426088626975, 0.003605265986719863, 0.0, 0.8301607942898367, 0.0, 0.09503526452736231, 0.008533652414485086, 0.1764272759021681, 0.14368165293017823, 0.19112964530764417, 0.08526431095085162, 0.022383680891765408, 0.06659696705766435, 0.015217009966117898, 0.0, 0.05053095185670739, 0.0, 0.08526431095085162, 0.04349797650674429, 0.007158633353680241, 0.0, 0.00783325481520815, 0.01311552270015313, 0.4729061309277503, 0.003648139616078863, 0.0, 0.012369097034089373, 0.07709689815999404, 0.017293106029723605, 0.005762167644594002, 0.0121283469628429, 0.19501337176620523, 0.42727976790318234, 0.010255135750256357, 0.0032867515957732767, 0.16956982457040756, 0.35569018759004967, 0.04373841620049485, 0.07508999861914976, 0.4577892602316394, 0.03349916881558833, 0.07001228477280245, 0.12098096550105018, 0.2536374597799266, 0.10187356661467134, 0.09856186087373471, 0.022626850703689392, 0.0, 0.011679100362620164, 0.09489743938057918, 0.07939553667282456, 0.22438302073220007, 0.0, 0.002133593728847458, 0.014161382681024313, 0.43829960077340324, 0.028685462347152746, 0.0032867515957732767, 0.15430544578650887, 0.07130456846163367, 0.030563247788282337, 0.0, 0.15850653311260887, 0.11228350571043262, 0.12772628239932599, 0.0, 0.0010663398551986997, 0.4729061309277503, 0.31507282325803637, 0.09503526452736231, 0.4723390823433306, 0.5150928130338723, 0.5078551122330649, 0.0021654789679215985, 0.012024246835748075, 0.2674334152544293, 0.03962555473798033, 0.1412929901210585, 0.005975698643778812, 0.8253553820328137, 0.5205834214110613, 0.039721166718840954, 0.015809212210444856, 0.13655488323607734], [0.1420831302598994, 0.03937353616666405, 0.08235305860102428, 0.002635693030853729, 1.0, 0.1012406726927341, 0.03857713251035248, 0.4747744970698927, 0.004539591787154971, 0.06296893504351099, 0.9784728722649759, 0.09398860818757314, 0.45790345910337943, 0.005255842981888469, 0.037390470587161044, 0.08040108198641135, 0.5589750430219873, 0.5090147683850653, 0.9558350138838744, 0.004798329311423289, 0.9531520211808654, 0.07999589159699175, 0.09469515843502313, 0.06400909828380892, 0.07786678097150845, 0.003263455535419562, 0.09202181982478425, 0.07431068246789603, 0.0322125055178331, 0.04640045556766767, 0.5159000692486363, 0.14102722424546846, 0.4747300587743255, 0.09202181982478425, 0.03513157253612524, 0.05160385937634168, 0.48849167878501254, 0.05837166315618555, 0.12457712872442912, 0.0017344503235615968, 0.09411657494861653, 0.9558350138838744, 0.5413518852203751, 0.002627064862602819, 0.11967701674170422, 0.07043210746319269, 0.0969475623788661, 0.07269729360331535, 0.0011442862641088418, 0.060110494767235775, 0.12059142291263404, 0.08515225093694605, 0.0041273258416456, 0.0606314059933291, 0.10897270260781368, 0.0010940130402203037, 0.08999006479793997, 0.037390470587161044, 0.1386779330165697, 0.002400778869627925, 0.0031004695540004846, 0.0023636054724049103, 0.036137738284499205, 0.4995619157151009, 0.03754695499878482, 0.0042591604021647795, 0.033486898759592425, 0.06723709451693285, 0.9244566877702801, 0.9977241827303409, 0.047766489209731845, 0.0, 0.09919079409855386, 0.12059142291263404, 0.07722909193556628, 0.03453801273232298, 0.08204082878610683, 0.9494109891560898, 0.10248065311662886, 0.002359301083889053, 0.0985879439029575, 0.9494906801697803, 0.9747229590058527, 0.0017344503235615968, 0.0434148166740451, 0.07999589159699175, 0.030551677007104535, 0.004309925928596899, 0.0019518912368735233, 0.5325646195753573, 0.08030575116987493, 0.0031383146650152366, 0.0417045377315296, 0.1256180831719485, 0.05854535378535344, 0.0028186451162723124, 0.003308446738831305, 0.06592181505749807, 0.052959200795381266, 0.11555567592177785], [0.06978648729872063, 0.36188129373308536, 0.007506763707718612, 0.006985020123521097, 0.1012406726927341, 1.0, 0.02765058508701054, 0.3243560561840808, 0.14433208712677043, 0.006368927232435637, 0.0839394830681677, 0.9117281887580373, 0.3635651033855483, 0.1673011250956221, 0.005805447187672371, 0.07357728318001959, 0.010468154301064281, 0.016324481245727055, 0.06837183861144787, 0.005550184193500277, 0.07551099005396487, 0.0044266508469529555, 0.9088156107304423, 0.12643206251602634, 0.004627242886891831, 0.006347490124085901, 0.004733360505477538, 0.010156350466082787, 0.5221530879457487, 0.7826243114511524, 0.40851955841273935, 0.005135797790522848, 0.20371735452633136, 0.004733360505477538, 0.008599212825084197, 0.6337444317421096, 0.43029637923457964, 0.24943329742170303, 0.01134819167418028, 0.021325885652712973, 0.27000365531957266, 0.06837183861144787, 0.030528305924627387, 0.05413229345235339, 0.6921002159206624, 0.6767332038754041, 0.9810723832314002, 0.06291696790642902, 0.018169769033728456, 0.8512004197137405, 0.07068145003742594, 0.06528628616467268, 0.10126897007540689, 0.6332045403415923, 0.005300206702959684, 0.016771417422702686, 0.00721412981731501, 0.005805447187672371, 0.017178534280095047, 0.003568977880817135, 0.014645370869962733, 0.012268135871816317, 0.8009692730506965, 0.18171353866805776, 0.05794232652712842, 0.016702647060764034, 0.006053319707989469, 0.0634492169523868, 0.06298649523010107, 0.10309348572594908, 0.03193294436235228, 0.013905012405662926, 0.006999052103648087, 0.07068145003742594, 0.1327811307345592, 0.005387142420605599, 0.6764560901649187, 0.06843409966292373, 0.007087112259676687, 0.1185376726866298, 0.1401932322797644, 0.06915315595233758, 0.07914583823180131, 0.021325885652712973, 0.05610919417995053, 0.0044266508469529555, 0.011402500458098479, 0.004079900263456254, 0.021287695462906257, 0.3489830205984632, 0.9742207152577336, 0.004449561993782882, 0.009203793229915613, 0.01725655205166808, 0.2502581671610046, 0.020837268339106325, 0.028924583557508744, 0.6462523654017258, 0.9064688753488472, 0.007163333311658297], [0.00452254779805747, 0.0069435943190517225, 0.04096171614362623, 0.014410623073490558, 0.03857713251035248, 0.02765058508701054, 1.0, 0.03957597054619548, 0.019592886294386186, 0.45838241835276766, 0.027501074369428842, 0.06429327968799405, 0.04680787289841482, 0.1261329426700548, 0.4742979583085237, 0.8467779827475055, 0.04358804027557069, 0.1401805561355142, 0.02125664466009661, 0.04658925681029486, 0.022982490590036025, 0.13678156208683329, 0.06956667590363884, 0.005368302334239124, 0.06715702359492334, 0.31854894522252425, 0.13442566139315032, 0.6735428731946873, 0.010927139774829902, 0.07526938480508912, 0.016147766282270912, 0.11803599229246008, 0.12848887527780675, 0.13442566139315032, 0.7046349696196603, 0.13385201270553096, 0.015666382060573338, 0.4715541904640773, 0.5738849945159622, 0.07339885301050199, 