{"co_parameters": [[[0.9745720624923706, -0.22407418489456177, -4.9754463858811386e-17, 0.00043675762414932946], [-0.22407418489456177, -0.9745720624923706, -2.1639846858709135e-16, -0.002869335889816254], [0.0, 2.220445916901415e-16, -0.9999999403953552, 0.2065635521411896], [0.0, 0.0, 0.0, 1.0]], [[-0.9745720624923706, 0.1584443747997284, -0.1584443747997284, 0.028235019326210024], [0.22407418489456177, 0.6891264915466309, -0.6891264915466309, 0.11529864501953126], [8.659559941682064e-17, -0.7071067094802856, -0.7071067094802856, 0.15815760946273805], [0.0, 0.0, 0.0, 1.0]], [[0.7319610714912415, -8.34408847617761e-17, 0.6813464760780334, -0.10885954451560975], [-0.6813464760780334, -8.963937922555447e-17, 0.7319610714912415, -0.11721706938743592], [0.0, -0.9999999403953552, -1.2246467202362698e-16, -0.03532898712158202], [0.0, 0.0, 0.0, 1.0]], [[0.9745720624923706, 0.22407418489456177, 4.9754463858811386e-17, 0.0010269230604171683], [-0.22407418489456177, 0.9745720624923706, 2.1639846858709135e-16, 0.0015384238958358462], [0.0, -2.220445916901415e-16, 0.9999999403953552, -0.17239843678474426], [0.0, 0.0, 0.0, 1.0]], [[0.2240782380104065, 2.744167049933239e-17, -0.974571168422699, 0.15684021878242493], [0.974571168422699, 1.1935055539304655e-16, 0.2240782380104065, -0.035551446676254275], [1.2246468525851679e-16, -1.0, 0.0, 0.04043275833129883], [0.0, 0.0, 0.0, 1.0]], [[-0.9993593096733093, -0.025308189913630486, -0.025308189913630486, 0.004700089670717717], [-0.03579118475317955, 0.7066537141799927, 0.7066537141799927, -0.11335452413558961], [0.0, 0.7071067690849304, -0.7071067690849304, 0.15900307679176331], [0.0, 0.0, 0.0, 1.0]], [[-0.9745720624923706, -1.1935066127216496e-16, -0.22407418489456177, 0.03628862738609315], [0.22407418489456177, 2.7441174190964858e-17, -0.9745720624923706, 0.1530621933937073], [1.2246467202362698e-16, -0.9999999403953552, 0.0, 0.046563560485839844], [0.0, 0.0, 0.0, 1.0]], [[-0.9745720624923706, -0.1584443747997284, -0.1584443747997284, 0.025673351645469668], [0.22407418489456177, -0.6891264915466309, -0.6891264915466309, 0.11058819961547853], [8.659559941682064e-17, -0.7071067094802856, 0.7071067094802856, -0.13345405340194705], [0.0, 0.0, 0.0, 1.0]], [[-0.7319610714912415, -0.6813464760780334, 1.5128930909780923e-16, 0.0005838403701782015], [0.6813464760780334, -0.7319610714912415, 1.625280069397753e-16, 0.0004059953391551744], [-2.719261971675979e-32, 2.220445916901415e-16, 0.9999999403953552, -0.1706758396625519], [0.0, 0.0, 0.0, 1.0]], [[-0.7319610714912415, -0.4817847013473511, -0.4817847013473511, 0.07724144315719605], [0.6813464760780334, -0.5175746083259583, -0.5175746083259583, 0.0827086398601532], [8.659559941682064e-17, -0.7071067094802856, 0.7071067094802856, -0.14846606206893923], [0.0, 0.0, 0.0, 1.0]], [[0.9993593096733093, 1.2238622883177736e-16, -0.03579118475317955, 0.006482627466320993], [0.03579118475317955, 4.38315603325367e-18, 0.9993593096733093, -0.160530609369278], [1.2246468525851679e-16, -1.0, 0.0, 0.014038742065429688], [0.0, 0.0, 0.0, 1.0]], [[0.2240782380104065, 0.974571168422699, -2.1639827006374434e-16, -0.0052641487121581725], [0.974571168422699, -0.2240782380104065, 4.9755363831317843e-17, 8.000695705413122e-05], [2.7192622655495665e-32, -2.220446049250313e-16, -1.0, 0.1847932586669922], [0.0, 0.0, 0.0, 1.0]], [[-0.2240782380104065, -1.1935055539304655e-16, 0.974571168422699, -0.1612563602924347], [-0.974571168422699, 2.744167049933239e-17, -0.2240782380104065, 0.035930347681045534], [0.0, -1.0, -1.2246468525851679e-16, 0.044572772979736344], [0.0, 0.0, 0.0, 1.0]], [[-0.8475749492645264, 0.0, -0.5306757092475891, 0.08515433478355408], [-0.5306757092475891, 0.0, 0.8475749492645264, -0.13458282947540284], [0.0, 0.9999999403953552, 0.0, 0.020111204147338867], [0.0, 0.0, 0.0, 1.0]], [[0.8475749492645264, 1.0379799816005313e-16, -0.5306757092475891, 0.08630972933769226], [0.5306757092475891, 6.498903301200472e-17, 0.8475749492645264, -0.1383500032424927], [1.2246467202362698e-16, -0.9999999403953552, 0.0, 0.000298366516828537], [0.0, 0.0, 0.0, 1.0]], [[0.8475749492645264, 0.3752443790435791, 0.3752443790435791, -0.05961146879196168], [0.5306757092475891, -0.599325954914093, -0.599325954914093, 0.09632983088493348], [-8.659559941682064e-17, 0.7071067094802856, -0.7071067094802856, 0.1519110198020935], [0.0, 0.0, 0.0, 1.0]], [[0.530684769153595, 6.499014474274799e-17, 0.8475692868232727, -0.13471586203575137], [-0.8475692868232727, -1.0379730332833858e-16, 0.530684769153595, -0.08465244936943055], [1.2246468525851679e-16, -1.0, 0.0, 0.04446160507202149], [0.0, 0.0, 0.0, 1.0]], [[-0.9993593096733093, 0.0, -0.03579118475317955, 0.005658272102475167], [-0.03579118475317955, 0.0, 0.9993593096733093, -0.157842808008194], [0.0, 1.0, 0.0, 0.030555999755859375], [0.0, 0.0, 0.0, 1.0]], [[-0.9745720624923706, -1.1935066127216496e-16, -0.22407418489456177, 0.03605165266990662], [0.22407418489456177, 2.7441174190964858e-17, -0.9745720624923706, 0.15591098833084108], [1.2246467202362698e-16, -0.9999999403953552, 0.0, 0.0077992711067199705], [0.0, 0.0, 0.0, 1.0]], [[-0.9745720624923706, -0.22407418489456177, 4.9754463858811386e-17, 0.000322251707315438], [0.22407418489456177, -0.9745720624923706, 2.1639846858709135e-16, 0.0003279607892036135], [-2.719261971675979e-32, 2.220445916901415e-16, 0.9999999403953552, -0.18031697010993958], [0.0, 0.0, 0.0, 1.0]], [[0.6813459396362305, 0.0, 0.7319615483283997, -0.11858316969871523], [0.7319615483283997, 0.0, -0.6813459396362305, 0.11205761909484864], [0.0, 1.0, 0.0, 0.03670837783813476], [0.0, 0.0, 0.0, 1.0]], [[-0.7319610714912415, -0.4817847013473511, -0.4817847013473511, 0.08008713197708131], [0.6813464760780334, -0.5175746083259583, -0.5175746083259583, 0.08473172926902771], [8.659559941682064e-17, -0.7071067094802856, 0.7071067094802856, -0.13391928625106814], [0.0, 0.0, 0.0, 1.0]], [[-0.6813459396362305, -1.7308025075244077e-16, -0.7319615483283997, 0.11438768839836122], [-0.7319615483283997, -6.198620195231472e-18, 0.6813459396362305, -0.10396569347381593], [-1.2246468525851679e-16, 1.0, -1.2246468525851679e-16, -0.019106678009033186], [0.0, 0.0, 0.0, 1.0]], [[-0.8475749492645264, 0.0, -0.5306757092475891, 0.08635322833061218], [-0.5306757092475891, 0.0, 0.8475749492645264, -0.13849182796478274], [0.0, 0.9999999403953552, 0.0, 0.027937578201293944], [0.0, 0.0, 0.0, 1.0]], [[-0.2240782380104065, -1.1935055539304655e-16, 0.974571168422699, -0.1611955349445343], [-0.974571168422699, 2.744167049933239e-17, -0.2240782380104065, 0.03593252491950989], [0.0, -1.0, -1.2246468525851679e-16, 0.024793258666992207], [0.0, 0.0, 0.0, 1.0]], [[-0.530684769153595, 1.0379730332833858e-16, -0.8475692868232727, 0.1370987641811371], [0.8475692868232727, 6.499014474274799e-17, -0.530684769153595, 0.08534839034080506], [0.0, -1.0, -1.2246468525851679e-16, 0.0036641564369201836], [0.0, 0.0, 0.0, 1.0]], [[-0.530684769153595, 0.0, 0.8475692868232727, -0.13761639380455018], [0.8475692868232727, 0.0, 0.530684769153595, -0.08554210448265076], [0.0, 1.0, 0.0, -0.0034615731239318846], [0.0, 0.0, 0.0, 1.0]], [[-0.7319610714912415, 0.4817847013473511, 0.4817847013473511, -0.07628477144241333], [0.6813464760780334, 0.5175746083259583, 0.5175746083259583, -0.08169976210594178], [-8.659559941682064e-17, 0.7071067094802856, -0.7071067094802856, 0.1505998435020447], [0.0, 0.0, 0.0, 1.0]], [[-0.6813459396362305, -8.34408185873271e-17, 0.7319615483283997, -0.11884101843833925], [-0.7319615483283997, -8.963943878255857e-17, -0.6813459396362305, 0.11246944046020509], [1.2246468525851679e-16, -1.0, 0.0, -0.03530774688720703], [0.0, 0.0, 0.0, 1.0]], [[0.9745720624923706, 0.1584443747997284, -0.1584443747997284, 0.025814989924430848], [-0.22407418489456177, 0.6891264915466309, -0.6891264915466309, 0.10663329315185548], [0.0, 0.7071067094802856, 0.7071067094802856, -0.14911193609237672], [0.0, 0.0, 0.0, 1.0]], [[-0.9745720624923706, 0.22407418489456177, -4.9754463858811386e-17, 0.00019978296756745082], [0.22407418489456177, 0.9745720624923706, -2.1639846858709135e-16, -2.0541621372073395e-05], [2.719261971675979e-32, -2.220445916901415e-16, -0.9999999403953552, 0.16779926228523256], [0.0, 0.0, 0.0, 1.0]], [[-0.9993593096733093, 0.0, -0.03579118475317955, 0.005095902830362321], [-0.03579118475317955, 0.0, 0.9993593096733093, -0.15600918984413148], [0.0, 1.0, 0.0, 0.002337080240249634], [0.0, 0.0, 0.0, 1.0]], [[0.7319610714912415, -0.6813464760780334, -1.5128930909780923e-16, 0.0015538321733474943], [-0.6813464760780334, -0.7319610714912415, -1.625280069397753e-16, 0.0010133287906646956], [0.0, 2.220445916901415e-16, -0.9999999403953552, 0.19185246205329895], [0.0, 0.0, 0.0, 1.0]], [[-0.9745720624923706, 0.1584443747997284, 0.1584443747997284, -0.025051777482032776], [0.22407418489456177, 0.6891264915466309, 0.6891264915466309, -0.10929209899902345], [-8.659559941682064e-17, 0.7071067094802856, -0.7071067094802856, 0.1533286032676697], [0.0, 0.0, 0.0, 1.0]], [[0.9745720624923706, 0.22407418489456177, 4.9754463858811386e-17, 0.0005059391856193473], [-0.22407418489456177, 0.9745720624923706, 2.1639846858709135e-16, -0.004800984859466583], [0.0, -2.220445916901415e-16, 0.9999999403953552, -0.20456459736824037], [0.0, 0.0, 0.0, 1.0]], [[-0.530684769153595, 0.5993219614028931, 0.5993219614028931, -0.10097752904891968], [0.8475692868232727, 0.37525078654289246, 0.37525078654289246, -0.06161758387088777], [0.0, 0.7071067690849304, -0.7071067690849304, 0.16098185944557192], [0.0, 0.0, 0.0, 1.0]], [[-0.9745720624923706, -0.22407418489456177, 4.9754463858811386e-17, 0.00036758187413214944], [0.22407418489456177, -0.9745720624923706, 2.1639846858709135e-16, 0.0002957097291946108], [-2.719261971675979e-32, 2.220445916901415e-16, 0.9999999403953552, -0.16485197567939758], [0.0, 0.0, 0.0, 1.0]], [[-0.2240782380104065, 0.974571168422699, 2.1639827006374434e-16, -0.00546307659149173], [-0.974571168422699, -0.2240782380104065, -4.9755363831317843e-17, 7.288853079081279e-05], [0.0, -2.220446049250313e-16, 1.0, -0.16534864616394043], [0.0, 0.0, 0.0, 1.0]], [[0.9993593096733093, 1.2676938610580194e-16, 0.03579118475317955, -0.005075810328125954], [0.03579118475317955, -1.1800307155775277e-16, -0.9993593096733093, 0.15960755944252017], [-1.2246468525851679e-16, 1.0, -1.2246468525851679e-16, 0.045865993499755876], [0.0, 0.0, 0.0, 1.0]], [[-0.9745720624923706, -9.19094870812001e-17, 0.22407418489456177, -0.03534593033790589], [0.22407418489456177, 1.4679184208057471e-16, 0.9745720624923706, -0.16073251390457155], [-1.2246467202362698e-16, 0.9999999403953552, -1.2246467202362698e-16, -0.044564605712890615], [0.0, 0.0, 0.0, 1.0]], [[-0.9993593096733093, -4.38315603325367e-18, 0.03579118475317955, -0.005991324439644815], [-0.03579118475317955, 1.2238622883177736e-16, -0.9993593096733093, 0.16259258866310122], [0.0, -1.0, -1.2246468525851679e-16, -0.0154966411590576], [0.0, 0.0, 0.0, 1.0]], [[-0.9745720624923706, 0.1584443747997284, -0.1584443747997284, 0.02565042245388031], [0.22407418489456177, 0.6891264915466309, -0.6891264915466309, 0.11122837829589845], [8.659559941682064e-17, -0.7071067094802856, -0.7071067094802856, 0.1533286032676697], [0.0, 0.0, 0.0, 1.0]], [[-0.9993593096733093, -4.38315603325367e-18, 0.03579118475317955, -0.004970551695674659], [-0.03579118475317955, 1.2238622883177736e-16, -0.9993593096733093, 0.1592643702030182], [0.0, -1.0, -1.2246468525851679e-16, 0.014038742065429705], [0.0, 0.0, 0.0, 1.0]], [[-0.530684769153595, 1.0379730332833858e-16, -0.8475692868232727, 0.13268104052543642], [0.8475692868232727, 6.499014474274799e-17, -0.530684769153595, 0.08399338412284851], [0.0, -1.0, -1.2246468525851679e-16, 0.022241664886474628], [0.0, 0.0, 0.0, 1.0]], [[0.7319610714912415, -0.6813464760780334, -1.5128930909780923e-16, -0.0024956347942352085], [-0.6813464760780334, -0.7319610714912415, -1.625280069397753e-16, -0.005100875377655007], [0.0, 2.220445916901415e-16, -0.9999999403953552, 0.18361889958381652], [0.0, 0.0, 0.0, 1.0]], [[-0.6813459396362305, -0.7319615483283997, 1.6252811281889371e-16, 0.00022827520966527573], [-0.7319615483283997, 0.6813459396362305, -1.5128918998380102e-16, 0.00033095178008081647], [2.7192622655495665e-32, -2.220446049250313e-16, -1.0, 0.16661811828613282], [0.0, 0.0, 0.0, 1.0]], [[0.2240782380104065, 2.744167049933239e-17, -0.974571168422699, 0.15046831059455873], [0.974571168422699, 1.1935055539304655e-16, 0.2240782380104065, -0.03577962946891785], [1.2246468525851679e-16, -1.0, 0.0, -0.005348647117614746], [0.0, 0.0, 0.0, 1.0]], [[0.9745720624923706, 0.22407418489456177, 4.9754463858811386e-17, 0.00036758187413214944], [-0.22407418489456177, 0.9745720624923706, 2.1639846858709135e-16, 0.0002957097291946108], [0.0, -2.220445916901415e-16, 0.9999999403953552, -0.16485197567939758], [0.0, 0.0, 0.0, 1.0]], [[0.530684769153595, -0.5993219614028931, 0.5993219614028931, -0.09914816045761109], [-0.8475692868232727, -0.37525078654289246, 0.37525078654289246, -0.061056479096412666], [8.659560603426554e-17, -0.7071067690849304, -0.7071067690849304, 0.1502855818271637], [0.0, 0.0, 0.0, 1.0]], [[-0.7319610714912415, 0.6813464760780334, -1.5128930909780923e-16, -0.0024956347942352085], [0.6813464760780334, 0.7319610714912415, -1.625280069397753e-16, -0.005100875377655007], [2.719261971675979e-32, -2.220445916901415e-16, -0.9999999403953552, 0.18361889958381652], [0.0, 0.0, 0.0, 1.0]], [[0.29322877526283264, -0.6760239601135254, -0.6760239601135254, 0.11040018367767335], [-0.9560422897338867, -0.20734405517578125, -0.20734405517578125, 0.03352366781234741], [0.0, 0.7071067690849304, -0.7071067690849304, 0.14238713288307192], [0.0, 0.0, 0.0, 1.0]], [[0.9745720624923706, 0.1584443747997284, -0.1584443747997284, 0.025673351645469668], [-0.22407418489456177, 0.6891264915466309, -0.6891264915466309, 0.11058819961547853], [0.0, 0.7071067094802856, 0.7071067094802856, -0.13345405340194705], [0.0, 0.0, 0.0, 1.0]], [[-0.9745720624923706, -1.1935066127216496e-16, -0.22407418489456177, 0.036878792524337775], [0.22407418489456177, 2.7441174190964858e-17, -0.9745720624923706, 0.1574699540138245], [1.2246467202362698e-16, -0.9999999403953552, 0.0, -0.012398446083068847], [0.0, 0.0, 0.0, 1.0]], [[-0.9745720624923706, -1.1935066127216496e-16, -0.22407418489456177, 0.03629018950462342], [0.22407418489456177, 2.7441174190964858e-17, -0.9745720624923706, 0.15301862955093387], [1.2246467202362698e-16, -0.9999999403953552, 0.0, -0.01126439094543457], [0.0, 0.0, 0.0, 1.0]], [[-0.7319610714912415, -0.4817847013473511, 0.4817847013473511, -0.07801018285751343], [0.6813464760780334, -0.5175746083259583, 0.5175746083259583, -0.08495175051689148], [-8.659559941682064e-17, 0.7071067094802856, 0.7071067094802856, -0.15675189352035523], [0.0, 0.0, 0.0, 1.0]], [[-0.9993593096733093, 0.025308189913630486, 0.025308189913630486, -0.0043140452280640606], [-0.03579118475317955, -0.7066537141799927, -0.7066537141799927, 0.11575969266891481], [0.0, -0.7071067690849304, 0.7071067690849304, -0.12863372445106508], [0.0, 0.0, 0.0, 1.0]], [[0.7319610714912415, 0.6813464760780334, 1.5128930909780923e-16, 0.0030894019603729035], [-0.6813464760780334, 0.7319610714912415, 1.625280069397753e-16, 0.0019747794866561666], [0.0, -2.220445916901415e-16, 0.9999999403953552, -0.1626076958179474], [0.0, 0.0, 0.0, 1.0]], [[0.8475749492645264, -0.5306757092475891, 1.178336782031917e-16, 0.00040333667397497437], [0.5306757092475891, 0.8475749492645264, -1.8819944475379521e-16, 0.0005168951749801899], [-2.719261971675979e-32, 2.220445916901415e-16, 0.9999999403953552, -0.1970254204273224], [0.0, 0.0, 0.0, 1.0]], [[-0.530684769153595, 1.0379730332833858e-16, -0.8475692868232727, 0.1352146737575531], [0.8475692868232727, 6.499014474274799e-17, -0.530684769153595, 0.08477050089836122], [0.0, -1.0, -1.2246468525851679e-16, -0.02292550849914549], [0.0, 0.0, 0.0, 1.0]], [[0.29322877526283264, -0.6760239601135254, 0.6760239601135254, -0.10580703735351564], [-0.9560422897338867, -0.20734405517578125, 0.20734405517578125, -0.03282211756706238], [0.0, -0.7071067690849304, -0.7071067690849304, 0.15911047959327698], [0.0, 0.0, 0.0, 1.0]], [[0.530684769153595, -3.880715858559059e-17, -0.8475692868232727, 0.13043347048759463], [-0.8475692868232727, -1.6878744807108658e-16, -0.530684769153595, 0.08330401492118836], [-1.2246468525851679e-16, 1.0, -1.2246468525851679e-16, -0.018027418136596664], [0.0, 0.0, 0.0, 1.0]], [[0.8475749492645264, -0.3752443790435791, -0.3752443790435791, 0.06218260383605957], [0.5306757092475891, 0.599325954914093, 0.599325954914093, -0.10104918265342713], [8.659559941682064e-17, -0.7071067094802856, 0.7071067094802856, -0.12577692556381226], [0.0, 0.0, 0.0, 1.0]], [[-0.2240782380104065, 0.0, -0.974571168422699, 0.15397171902656556], [-0.974571168422699, 0.0, 0.2240782380104065, -0.03565419411659241], [0.0, 1.0, 0.0, -0.04305651473999023], [0.0, 0.0, 0.0, 1.0]], [[0.2240782380104065, 0.6891258955001831, -0.6891258955001831, 0.10608377027511598], [0.974571168422699, -0.1584472358226776, 0.1584472358226776, -0.025232620358467104], [8.659560603426554e-17, -0.7071067690849304, -0.7071067690849304, 0.1452109854221344], [0.0, 0.0, 0.0, 1.0]], [[-0.7319610714912415, -6.198494463778364e-18, 0.6813464760780334, -0.10746160387992859], [0.6813464760780334, 1.7308026398733057e-16, 0.7319610714912415, -0.11610044264793397], [-1.2246467202362698e-16, 0.9999999403953552, -1.2246467202362698e-16, 0.03185247230529786], [0.0, 0.0, 0.0, 1.0]], [[0.6813459396362305, 8.963943878255857e-17, -0.7319615483283997, 0.11689625239372255], [0.7319615483283997, -8.34408185873271e-17, 0.6813459396362305, -0.10797227478027344], [0.0, -1.0, -1.2246468525851679e-16, 0.04367513656616213], [0.0, 0.0, 0.0, 1.0]], [[0.9745720624923706, -2.7441174190964858e-17, 0.22407418489456177, -0.0357337920665741], [-0.22407418489456177, -1.1935066127216496e-16, 0.9745720624923706, -0.15610606622695924], [0.0, -0.9999999403953552, -1.2246467202362698e-16, 0.025377948760986348], [0.0, 0.0, 0.0, 1.0]], [[-0.9745720624923706, -0.1584443747997284, 0.1584443747997284, -0.025028848290443422], [0.22407418489456177, -0.6891264915466309, 0.6891264915466309, -0.10993227767944337], [-8.659559941682064e-17, 0.7071067094802856, 0.7071067094802856, -0.13345405340194705], [0.0, 0.0, 0.0, 1.0]], [[0.9745720624923706, -2.7441174190964858e-17, 0.22407418489456177, -0.03555254721641541], [-0.22407418489456177, -1.1935066127216496e-16, 0.9745720624923706, -0.15496339082717897], [0.0, -0.9999999403953552, -1.2246467202362698e-16, 0.04019153213500978], [0.0, 0.0, 0.0, 1.0]], [[-0.8475749492645264, 0.0, -0.5306757092475891, 0.0870516164302826], [-0.5306757092475891, 0.0, 0.8475749492645264, -0.14076902294158938], [0.0, 0.9999999403953552, 0.0, -0.012639851570129396], [0.0, 0.0, 0.0, 1.0]], [[0.9745720624923706, 0.0, -0.22407418489456177, 0.036878792524337775], [-0.22407418489456177, 0.0, -0.9745720624923706, 0.1574699540138245], [0.0, 0.9999999403953552, 0.0, -0.012398446083068847], [0.0, 0.0, 0.0, 1.0]], [[-0.7319610714912415, -8.963937922555447e-17, -0.6813464760780334, 0.11210483813285828], [0.6813464760780334, 8.34408847617761e-17, -0.7319610714912415, 0.11908855032920838], [1.2246467202362698e-16, -0.9999999403953552, 0.0, -0.0026077048778533935], [0.0, 0.0, 0.0, 1.0]], [[0.530684769153595, 0.8475692868232727, -1.8819818743926413e-16, -0.0003964113593101238], [-0.8475692868232727, 0.530684769153595, -1.1783568990644144e-16, -0.00013906176388262052], [-2.7192622655495665e-32, 2.220446049250313e-16, 1.0, -0.18292551040649416], [0.0, 0.0, 0.0, 1.0]], [[0.29322877526283264, -0.6760239601135254, 0.6760239601135254, -0.10215102100372316], [-0.9560422897338867, -0.20734405517578125, 0.20734405517578125, -0.03269120407104492], [0.0, -0.7071067690849304, -0.7071067690849304, 0.15074622941017152], [0.0, 0.0, 0.0, 1.0]], [[-0.29322877526283264, 0.9560422897338867, -2.122840325155832e-16, 0.006012812614440948], [0.9560422897338867, 0.29322877526283264, -6.510986755588647e-17, 0.00048384466767312006], [2.7192622655495665e-32, -2.220446049250313e-16, -1.0, 0.19760914611816408], [0.0, 0.0, 0.0, 1.0]], [[0.9745720624923706, -0.1584443747997284, 0.1584443747997284, -0.022467180758714678], [-0.22407418489456177, -0.6891264915466309, 0.6891264915466309, -0.10522183132171631], [0.0, -0.7071067094802856, -0.7071067094802856, 0.15815760946273805], [0.0, 0.0, 0.0, 1.0]], [[0.9745720624923706, -2.7441174190964858e-17, 0.22407418489456177, -0.03549456429481507], [-0.22407418489456177, -1.1935066127216496e-16, 0.9745720624923706, -0.15658239030838014], [0.0, -0.9999999403953552, -1.2246467202362698e-16, 0.01673023986816408], [0.0, 0.0, 0.0, 1.0]], [[0.530684769153595, -3.880715858559059e-17, -0.8475692868232727, 0.13386845469474792], [-0.8475692868232727, -1.6878744807108658e-16, -0.530684769153595, 0.08435758662223816], [-1.2246468525851679e-16, 1.0, -1.2246468525851679e-16, -0.030758918762207016], [0.0, 0.0, 0.0, 1.0]], [[0.9745720624923706, -2.7441174190964858e-17, 0.22407418489456177, -0.03552961802482606], [-0.22407418489456177, -1.1935066127216496e-16, 0.9745720624923706, -0.1556035695075989], [0.0, -0.9999999403953552, -1.2246467202362698e-16, -0.02031698036193846], [0.0, 0.0, 0.0, 1.0]], [[0.9745720624923706, -2.7441174190964858e-17, 0.22407418489456177, -0.035484287500381476], [-0.22407418489456177, -1.1935066127216496e-16, 0.9745720624923706, -0.15563582086563113], [0.0, -0.9999999403953552, -1.2246467202362698e-16, -0.004851984977722151], [0.0, 0.0, 0.0, 1.0]], [[-0.9745720624923706, -9.19094870812001e-17, 0.22407418489456177, -0.03541354966163636], [0.22407418489456177, 1.4679184208057471e-16, 0.9745720624923706, -0.15884443140029908], [-1.2246467202362698e-16, 0.9999999403953552, -1.2246467202362698e-16, -0.011264390945434553], [0.0, 0.0, 0.0, 1.0]], [[-0.7319610714912415, -8.963937922555447e-17, -0.6813464760780334, 0.11056926798820496], [0.6813464760780334, 8.34408847617761e-17, -0.7319610714912415, 0.11812710070610047], [1.2246467202362698e-16, -0.9999999403953552, 0.0, 0.03185247230529785], [0.0, 0.0, 0.0, 1.0]], [[0.7319610714912415, 0.4817847013473511, 0.4817847013473511, -0.07958318662643434], [-0.6813464760780334, 0.5175746083259583, 0.5175746083259583, -0.08791659617424011], [0.0, -0.7071067094802856, 0.7071067094802856, -0.13165126943588257], [0.0, 0.0, 0.0, 1.0]], [[0.9993593096733093, 0.025308189913630486, -0.025308189913630486, 0.004700089670717717], [0.03579118475317955, -0.7066537141799927, 0.7066537141799927, -0.11335452413558961], [8.659560603426554e-17, -0.7071067690849304, -0.7071067690849304, 0.15900307679176331], [0.0, 0.0, 0.0, 1.0]], [[0.7319610714912415, 0.4817847013473511, 0.4817847013473511, -0.07801018285751343], [-0.6813464760780334, 0.5175746083259583, 0.5175746083259583, -0.08495175051689148], [0.0, -0.7071067094802856, 0.7071067094802856, -0.15675189352035523], [0.0, 0.0, 0.0, 1.0]], [[-0.9993593096733093, 0.03579118475317955, 7.947239478318557e-18, 2.3875797167419275e-05], [-0.03579118475317955, -0.9993593096733093, -2.21902343094562e-16, 0.0017541064023971868], [0.0, -2.220446049250313e-16, 1.0, -0.19702542877197265], [0.0, 0.0, 0.0, 1.0]], [[-0.2240782380104065, 0.6891258955001831, -0.6891258955001831, 0.11079898881912233], [-0.974571168422699, -0.1584472358226776, 0.1584472358226776, -0.025063738226890567], [0.0, 0.7071067690849304, 0.7071067690849304, -0.13802689576148988], [0.0, 0.0, 0.0, 1.0]], [[-0.530684769153595, 0.8475692868232727, 1.8819818743926413e-16, -0.005086014270782497], [0.8475692868232727, 0.530684769153595, 1.1783568990644144e-16, -0.0015774583816528485], [0.0, 2.220446049250313e-16, -1.0, 0.20784477996826173], [0.0, 0.0, 0.0, 1.0]], [[0.29322877526283264, -1.1708142030180128e-16, 0.9560422897338867, -0.15060997009277347], [-0.9560422897338867, -3.5910170248360426e-17, 0.29322877526283264, -0.046563672900199894], [0.0, -1.0, -1.2246468525851679e-16, 0.045973396301269544], [0.0, 0.0, 0.0, 1.0]], [[-0.29322877526283264, 8.117124674471841e-17, 0.9560422897338867, -0.14728801631927493], [0.9560422897338867, 1.5299159385888416e-16, 0.29322877526283264, -0.04644469344615937], [-1.2246468525851679e-16, 1.0, -1.2246468525851679e-16, 0.0008033060431480579], [0.0, 0.0, 0.0, 1.0]], [[0.2240782380104065, 2.744167049933239e-17, -0.974571168422699, 0.1540063259601593], [0.974571168422699, 1.1935055539304655e-16, 0.2240782380104065, -0.03565295433998108], [1.2246468525851679e-16, -1.0, 0.0, -0.03519253158569336], [0.0, 0.0, 0.0, 1.0]], [[0.7319610714912415, 0.0, -0.6813464760780334, 0.10809080576896668], [-0.6813464760780334, 0.0, -0.7319610714912415, 0.11497395873069764], [0.0, 0.9999999403953552, 0.0, -0.043614818572998044], [0.0, 0.0, 0.0, 1.0]], [[0.7319610714912415, -8.34408847617761e-17, 0.6813464760780334, -0.10703628325462342], [-0.6813464760780334, -8.963937922555447e-17, 0.7319610714912415, -0.11583413672447206], [0.0, -0.9999999403953552, -1.2246467202362698e-16, -0.04126368331909178], [0.0, 0.0, 0.0, 1.0]], [[-0.530684769153595, 1.0379730332833858e-16, -0.8475692868232727, 0.13043347048759463], [0.8475692868232727, 6.499014474274799e-17, -0.530684769153595, 0.08330401492118836], [0.0, -1.0, -1.2246468525851679e-16, -0.018027418136596664], [0.0, 0.0, 0.0, 1.0]], [[0.29322877526283264, -0.9560422897338867, -2.122840325155832e-16, 0.0037699034214020077], [-0.9560422897338867, -0.29322877526283264, -6.510986755588647e-17, 0.00040354382991791686], [0.0, 2.220446049250313e-16, -1.0, 0.18022632598876953], [0.0, 0.0, 0.0, 1.0]], [[-0.7319610714912415, -8.963937922555447e-17, -0.6813464760780334, 0.11390240168571472], [0.6813464760780334, 8.34408847617761e-17, -0.7319610714912415, 0.12021404051780701], [1.2246467202362698e-16, -0.9999999403953552, 0.0, -0.03464617156982422], [0.0, 0.0, 0.0, 1.0]], [[0.530684769153595, -0.5993219614028931, 0.5993219614028931, -0.09499628973007203], [-0.8475692868232727, -0.37525078654289246, 0.37525078654289246, -0.05978301203250886], [8.659560603426554e-17, -0.7071067690849304, -0.7071067690849304, 0.15759868836402893], [0.0, 0.0, 0.0, 1.0]], [[0.29322877526283264, -1.1708142030180128e-16, 0.9560422897338867, -0.14924847221374515], [-0.9560422897338867, -3.5910170248360426e-17, 0.29322877526283264, -0.04651490962505341], [0.0, -1.0, -1.2246468525851679e-16, -0.008892201423645002], [0.0, 0.0, 0.0, 1.0]], [[0.8475749492645264, 0.5306757092475891, -1.178336782031917e-16, 0.0014451147317886518], [0.5306757092475891, -0.8475749492645264, 1.8819944475379521e-16, -0.0028798363208771016], [2.719261971675979e-32, -2.220445916901415e-16, -0.9999999403953552, 0.18793756794929506], [0.0, 0.0, 0.0, 1.0]], [[0.2240782380104065, -0.6891258955001831, -0.6891258955001831, 0.10833508348464967], [0.974571168422699, 0.1584472358226776, 0.1584472358226776, -0.025151994109153752], [8.659560603426554e-17, -0.7071067690849304, 0.7071067690849304, -0.1483296148777008], [0.0, 0.0, 0.0, 1.0]]], "foliation_name": "slide_table", "similarity_matrix": [[1.0, 0.4256021036934808, 0.015150621662557994, 0.0, 0.07000679784331117, 0.48453157013570664, 0.07711813245690279, 0.0013690094843953325, 0.0, 0.0, 0.04494754245574801, 0.9745665128427042, 0.0673838776504332, 0.05139445447537965, 0.03272273999821058, 0.43958862144262617, 0.07699546914017112, 0.06366600016689745, 0.036712627942530045, 0.0, 0.05994050179866127, 0.001305496496873797, 0.02436317723290299, 0.05571318125516051, 0.047951846241395604, 0.03380607735697909, 0.029995171933849724, 0.4668023962033646, 0.013347382716706583, 0.0, 0.9272259787085884, 0.038228523686977676, 0.9884281518283063, 0.47678321168585863, 0.0, 0.45341884255511783, 0.0, 0.0, 0.07315311290498766, 0.011324032509685706, 0.021371388670337624, 0.43838494595114785, 0.041846862022040895, 0.05212646650993002, 0.9733541121247272, 0.9228274005392441, 0.032354687513523106, 0.0, 0.43877694544150714, 0.9733541121247272, 0.4160146694653219, 0.0013690094843953325, 0.023342521108706427, 0.02574797210724972, 0.0, 0.0015933160054241674, 0.0, 0.0, 0.019532956454887937, 0.4857557196452185, 0.023596958078325743, 0.0018375489872541424, 0.012734295301799384, 0.46231332673106024, 0.06377914197534824, 0.07734236951936449, 0.0558932717820865, 0.0014828153195897912, 0.07368818205466905, 0.02383314682286572, 0.023342521108706427, 0.028390469224845925, 0.0, 0.4835142612284209, 0.9938916098957037, 0.5130510824883474, 0.047271875278670085, 0.01659527344642027, 0.022065778365510498, 0.03103885527732596, 0.02571302952570594, 0.05681158133795465, 0.001457516109887852, 0.48453157013570664, 0.0, 0.0, 0.0011987702427951454, 0.9983105114876909, 0.07981818435678394, 0.03658025286213157, 0.01548326647760965, 0.012037318433319292, 0.013553608523600569, 0.023596958078325743, 0.9648516492866406, 0.013229908525004302, 0.47834164927369316, 0.02891608003833971, 0.9827497602606764, 0.0], [0.4256021036934808, 1.0, 0.0038253794928220512, 0.0019371049146267823, 0.06992054853439532, 0.07104194917875983, 0.4978717201650933, 0.014017775010467462, 0.002030280401808369, 0.007441325458283388, 0.007501418087739745, 0.46973922504975607, 0.06339473895173282, 0.014253443102148156, 0.009539921179464875, 0.6663812679946233, 0.018618244546421407, 0.01015876131982705, 0.2962994284657248, 0.001413549870468965, 0.16253833322251396, 0.011518515540984249, 0.01275776339396797, 0.014248227595132494, 0.049672208369162196, 0.16011096072405015, 0.00891103733177124, 0.08276645187114028, 0.05196979701073237, 0.008672236230045467, 0.49209611237798123, 0.007089811233957087, 0.47442956635456707, 0.06939793019934497, 0.0, 0.09051947476119429, 0.0024918943698113848, 0.0023951524461954385, 0.4564136618876175, 0.0021172494297706963, 0.18654564281318792, 0.9976739124165978, 0.30399165434184483, 0.21896841914109919, 0.4472289354981088, 0.49466080978408, 0.039561724504632925, 0.0024918943698113848, 0.09334613171782079, 0.4472289354981088, 0.504318538668029, 0.014017775010467462, 0.2126998340587544, 0.22084635544284278, 0.0, 0.015323667006942397, 0.0027711468030066446, 0.0, 0.10433797632878371, 0.1357848981264359, 0.11919906890495607, 0.001412320757763839, 0.01897600208014724, 0.2726972236495364, 0.012131652128896947, 0.028792345276379708, 0.00828706314826807, 0.0, 0.010353130168686423, 0.007171049993118762, 0.2126998340587544, 0.19290730236268328, 0.0012655793603508433, 0.14241083616636185, 0.4667948590173754, 0.07711814073256389, 0.007252364570764461, 0.09142201033111864, 0.004029430542739233, 0.005305011687169308, 0.004335749264962513, 0.3206438824640808, 0.0, 0.07104194917875983, 0.0, 0.0, 0.0031038557640240554, 0.42221814194934404, 0.0288601508952402, 0.016599379773487567, 0.02218525217612534, 0.09476187350995484, 0.003591966080461037, 0.11919906890495607, 0.48942029442399554, 0.10769069110985248, 0.1008830474604744, 0.013650364734381573, 0.45896869877013846, 0.0022674886528997167], [0.015150621662557994, 0.0038253794928220512, 1.0, 0.10539798255269457, 0.015561024884548677, 0.07917202698277052, 0.006264624318608764, 0.018465799947165813, 0.10989531297682077, 0.012449094372945843, 0.4143109794434011, 0.025866478784602707, 0.19592526225276335, 0.12845204840641078, 0.13647327830848835, 0.015497319319104214, 0.6670581614464395, 0.3845797227559614, 0.007450341150729436, 0.09634250808651296, 0.05524414254478705, 0.013231177806771126, 0.08076566205109366, 0.11887737856022045, 0.22511976233118738, 0.005584204401266543, 0.8673432101592956, 0.15791727011309306, 0.07097556774875638, 0.017056481714551302, 0.03508263878536755, 0.45125795757284115, 0.02026670682866534, 0.11819503168182273, 0.06962424550483338, 0.12418361703542069, 0.11915920008626045, 0.1263067764304309, 0.008896874705715919, 0.6912543606237804, 0.01132282116663971, 0.004822413456380826, 0.011092663792176959, 0.0058526132570516885, 0.027371994904702195, 0.03577695315158193, 0.023578261421057643, 0.11915920008626045, 0.15164922380598878, 0.027371994904702195, 0.005780766872223093, 0.018465799947165813, 0.007542649749583544, 0.00859300353986187, 0.4329740001601613, 0.024633192187023412, 0.11666057070118355, 0.07428942496176995, 0.006362428410649489, 0.10554278080127225, 0.0073322791035997075, 0.15167537826645033, 0.02240639934100763, 0.012542689129644135, 0.797814850761529, 0.05681292488569404, 0.5901411555682174, 0.43356078062186126, 0.5351125721639292, 0.138929834037316, 0.007542649749583544, 0.004856610044109995, 0.09397184746242895, 0.12342572026355851, 0.01695618771980143, 0.1049835127667359, 0.6174013982119819, 0.006683476066809453, 0.7019494035006796, 0.6773716879671176, 0.6801731419731234, 0.004304127977487217, 0.577048792641836, 0.07917202698277052, 0.4329740001601613, 0.07351106323314434, 0.034385819697233824, 0.015350065772177467, 0.5130172340302321, 0.6772957096264616, 0.022453135656745785, 0.006192752150129304, 0.9979787657237207, 0.0073322791035997075, 0.02581480842423894, 0.004791121493403147, 0.1304265878967653, 0.6931299700511216, 0.023216882498146598, 0.03248633344873432], [0.0, 0.0019371049146267823, 0.10539798255269457, 1.0, 0.028599299924087024, 0.0019272995595564985, 0.026926588255131566, 0.49608716125443497, 0.9997776768718373, 0.5227325127026915, 0.04703625798427798, 0.0014908664727236451, 0.023801219354290564, 0.043379493727871477, 0.05862773047752075, 0.002559877929971987, 0.025946325732075913, 0.035572443000434766, 0.056143996309203525, 0.9967713207815441, 0.029630919371559858, 0.48054569581000767, 0.0929234458339256, 0.03484786141285669, 0.035987466201360604, 0.05900669856664098, 0.06264610582947473, 0.002644775584209268, 0.102780743715859, 0.5432139202476775, 0.002865899904165259, 0.06256553417817702, 0.0011129466857164431, 0.0023960910619815427, 0.9476526554860513, 0.0016775239215308883, 0.9970573341082197, 0.9953117001594971, 0.026236594411703233, 0.11064364710996345, 0.07944947773656558, 0.002438698893926915, 0.050417612668866144, 0.04481912952634133, 0.0015619725440645335, 0.0029916358209830245, 0.07546969633380197, 0.9970573341082197, 0.002527053705963401, 0.0015619725440645335, 0.0034824116635097887, 0.49608716125443497, 0.0771181327132443, 0.08126986575706012, 0.497173642575872, 0.47248727883881547, 0.9949964012973925, 0.9700552236281621, 0.0938784610237886, 0.0019865154828300046, 0.09394438567235824, 0.43948668661845997, 0.1253498391119484, 0.0033817730247937762, 0.03431994187213632, 0.026982413110033885, 0.037966821658432265, 0.48129148569167735, 0.028491767050930653, 0.06984949833177843, 0.0771181327132443, 0.06378577491132673, 0.9942325669145572, 0.0027898113497234612, 0.0, 0.0021306261553912017, 0.04461862219957954, 0.10752207942732721, 0.08542637152011104, 0.06665275064865656, 0.07041114952864798, 0.03434794815446186, 0.44562493240075685, 0.0019272995595564985, 0.497173642575872, 0.9700736270230498, 0.49800107862468473, 0.0, 0.02580216413197441, 0.06602090260484092, 0.11279795026965526, 0.12910374459642776, 0.11836052024573565, 0.09394438567235824, 0.0017920650145442976, 0.10108234297034453, 0.002054688099094643, 0.07548820551216816, 0.0013119150537790247, 0.5270194296711674], [0.07000679784331117, 0.06992054853439532, 0.015561024884548677, 0.028599299924087024, 1.0, 0.11480722561130322, 0.08130471578359301, 0.03187185071448536, 0.029587533442764116, 0.06060739893892802, 0.14264350673036424, 0.08879347890530068, 0.004713008906565116, 0.46385372528007124, 0.4240441275899623, 0.021434357822956943, 0.012431253515060274, 0.15008102752247812, 0.07293392165439001, 0.02389685420786152, 0.007373396239982551, 0.07884704772160453, 0.6056123222493643, 0.45552483105418107, 0.00466676073945988, 0.4412351454486864, 0.010298354236698655, 0.0321690253559009, 0.005413685129262817, 0.025392621999471003, 0.122151024330986, 0.14218823059005517, 0.08883179607822858, 0.07685623589311702, 0.013775568490734335, 0.01663983634747364, 0.03332742532386455, 0.03006557334111984, 0.03989426225569723, 0.05001903523416586, 0.0317037411355633, 0.07596486520566573, 0.038905812804779935, 0.46742901012133753, 0.09606096707511988, 0.12389652408482922, 0.8986583749897794, 0.03332742532386455, 0.019794045223893955, 0.09606096707511988, 0.4204558353314794, 0.03187185071448536, 0.06555699764912176, 0.0713035420044879, 0.007835199802219011, 0.020609034494295575, 0.03618830893341903, 0.016241844186216523, 0.3874048626461569, 0.015505987764742192, 0.4015682485030989, 0.1293615747142658, 0.7053794902156791, 0.5049697133698008, 0.02171110518665948, 0.7099057092985004, 0.07466501311234151, 0.031796049350799035, 0.07683160773179463, 0.3913280973119185, 0.06555699764912176, 0.24933151991331978, 0.022323103831900313, 0.018813578727281115, 0.08718628751769089, 0.07842710153252822, 0.07333624465948292, 0.3682277874990828, 0.06339037504421836, 0.06885758757713659, 0.06426736452079787, 0.2746879033613461, 0.011924384975925495, 0.11480722561130322, 0.007835199802219011, 0.01607036892077103, 0.18181031287189356, 0.062468903178949625, 0.008591814773665746, 0.008811934583545537, 0.7509408794669196, 0.20074402055767313, 0.015763335797692846, 0.4015682485030989, 0.10916168875062686, 0.2043427553216244, 0.020312096573393636, 0.007929567612176726, 0.09531628806920835, 0.14870906613532311], [0.48453157013570664, 0.07104194917875983, 0.07917202698277052, 0.0019272995595564985, 0.11480722561130322, 1.0, 0.014339726828734757, 0.0, 0.0020810543864584097, 0.0, 0.31266736743306983, 0.505711843896907, 0.04282642475139544, 0.2694770678229302, 0.1970242571431483, 0.08983894403874927, 0.18826781597640593, 0.3968304469223149, 0.007886586320122674, 0.0014529188019234396, 0.017253820130083454, 0.0012479572041009925, 0.11149892405561294, 0.29394876242176793, 0.03347910390187161, 0.01709997417595292, 0.09319329799184313, 0.6827317366653587, 0.005311127648287876, 0.0, 0.5234598545283388, 0.26747096730389264, 0.49230449524648107, 0.9543703305882144, 0.0, 0.500263024631717, 0.002562891372739954, 0.0025141252355048082, 0.012449092886839546, 0.10371027826307368, 0.004615909710256085, 0.07825293583906365, 0.008267442927041064, 0.024490430959714125, 0.5384816902552132, 0.521887145205052, 0.06608986635739182, 0.002562891372739954, 0.5066302296975529, 0.5384816902552132, 0.19167720355796977, 0.0, 0.005382073207355368, 0.006226472445873757, 0.004464719498704935, 0.0, 0.002716359894448049, 0.0, 0.011255622066174056, 0.39251592176948114, 0.0134895041503476, 0.014385633528053951, 0.03131658291954583, 0.40171264941645174, 0.2373064813241884, 0.27351165394999644, 0.3442805252294623, 0.013082569923603717, 0.4174168232115797, 0.15710899196251507, 0.005382073207355368, 0.010011921706362783, 0.0013197223820614723, 0.40661422582717294, 0.48540064217714385, 0.9605453233105423, 0.30521123528250615, 0.009960697450472098, 0.1688153332929124, 0.2201899745758545, 0.1950876559728981, 0.017259134543917545, 0.009736299660578507, 1.0, 0.004464719498704935, 0.0, 0.004481050731495751, 0.47284150322940127, 0.12627473828457444, 0.0718746434421331, 0.03661130864131386, 0.0053493062341641, 0.07189820401285804, 0.0134895041503476, 0.5118097282542932, 0.005321092123053539, 0.5269003071990372, 0.05954549424342119, 0.5205813939268451, 0.003320671231969356], [0.07711813245690279, 0.4978717201650933, 0.006264624318608764, 0.026926588255131566, 0.08130471578359301, 0.014339726828734757, 1.0, 0.1795903896983898, 0.027440734472909505, 0.10700801065540208, 0.00644112829158864, 0.10931431585478743, 0.07135978117934391, 0.013486777346595676, 0.011154068237062347, 0.3084711179960088, 0.013536173272800376, 0.0072995060272921875, 0.927225980244889, 0.02206577967137688, 0.2756233600017244, 0.14095668886442322, 0.02164747077958578, 0.012165592419754763, 0.06978355182624951, 0.43619258208409367, 0.011089614912647445, 0.019436060899326504, 0.19757927024683208, 0.13146072662324892, 0.13904014361140718, 0.007078630036982807, 0.10295412208874158, 0.014802954689609802, 0.011324032456470214, 0.02002254716175273, 0.031038856489567817, 0.02991720788133997, 0.916002853205034, 0.003514338692453365, 0.7508407714815148, 0.5151531740605995, 0.8693904782133871, 0.48051529879390026, 0.10362831167590829, 0.14181429235043447, 0.07637513625507694, 0.03103885648