{"co_parameters": [[[1.5128930909780923e-16, 0.7319610714912415, 0.6813464760780334, -0.000924630522727992], [1.625280069397753e-16, -0.6813464760780334, 0.7319610714912415, -0.002139812946319608], [0.9999999403953552, 0.0, -2.220445916901415e-16, -0.23361480844020843], [0.0, 0.0, 0.0, 1.0]], [[0.5175749659538269, 0.6813459396362305, 0.5175749659538269, -0.09980856597423554], [-0.48178431391716003, 0.7319615483283997, -0.48178431391716003, 0.09458128899335862], [-0.7071067690849304, 0.0, 0.7071067690849304, 0.17105866420269014], [0.0, 0.0, 0.0, 1.0]], [[0.025308189913630486, 0.9993593096733093, 0.025308189913630486, -0.004876873534172773], [-0.7066537141799927, 0.03579118475317955, -0.7066537141799927, 0.13631888699531555], [-0.7071067690849304, -8.659560603426554e-17, 0.7071067690849304, 0.16490628612041475], [0.0, 0.0, 0.0, 1.0]], [[0.6813464760780334, 0.7319610714912415, -8.34408847617761e-17, -0.12645425093173981], [0.7319610714912415, -0.6813464760780334, -8.963937922555447e-17, -0.13715281212329866], [-1.2246467202362698e-16, 0.0, -0.9999999403953552, -0.020782211303710916], [0.0, 0.0, 0.0, 1.0]], [[1.8819818743926413e-16, -0.530684769153595, 0.8475692868232727, 0.0008952243328094163], [1.1783568990644144e-16, 0.8475692868232727, 0.530684769153595, 0.00025711372494695566], [-1.0, 0.0, 2.220446049250313e-16, 0.23446160888671877], [0.0, 0.0, 0.0, 1.0]], [[7.947239478318557e-18, -0.9993593096733093, 0.03579118475317955, 0.0008054772019386279], [-2.21902343094562e-16, -0.03579118475317955, -0.9993593096733093, -0.0007943305373191457], [1.0, 0.0, -2.220446049250313e-16, -0.19427472114562988], [0.0, 0.0, 0.0, 1.0]], [[0.6813464760780334, 0.7319610714912415, -8.34408847617761e-17, -0.12747667753696443], [0.7319610714912415, -0.6813464760780334, -8.963937922555447e-17, -0.1377929688692093], [-1.2246467202362698e-16, 0.0, -0.9999999403953552, -0.041263683319091776], [0.0, 0.0, 0.0, 1.0]], [[-1.6252811281889371e-16, -0.6813459396362305, 0.7319615483283997, -0.0027261593341827116], [1.5128918998380102e-16, -0.7319615483283997, -0.6813459396362305, 0.005049656391143773], [1.0, -2.7192622655495665e-32, 2.220446049250313e-16, -0.2091066780090332], [0.0, 0.0, 0.0, 1.0]], [[1.5128930909780923e-16, 0.7319610714912415, 0.6813464760780334, -0.00023894529044630715], [1.625280069397753e-16, -0.6813464760780334, 0.7319610714912415, -0.0008474702835083285], [0.9999999403953552, 0.0, -2.220445916901415e-16, -0.19485197389125825], [0.0, 0.0, 0.0, 1.0]], [[-0.8475692868232727, 0.530684769153595, -3.880715858559059e-17, 0.15678280365467073], [-0.530684769153595, -0.8475692868232727, -1.6878744807108658e-16, 0.0995074292421341], [-1.2246468525851679e-16, -1.2246468525851679e-16, 1.0, 0.013334154129028341], [0.0, 0.0, 0.0, 1.0]], [[-0.7319615483283997, -0.6813459396362305, -1.7308025075244077e-16, 0.1399197531938553], [0.6813459396362305, -0.7319615483283997, -6.198620195231472e-18, -0.13011306953430177], [-1.2246468525851679e-16, -1.2246468525851679e-16, 1.0, -0.04288823318481443], [0.0, 0.0, 0.0, 1.0]], [[0.22407418489456177, 0.9745720624923706, -2.7441174190964858e-17, -0.042374312043190004], [0.9745720624923706, -0.22407418489456177, -1.1935066127216496e-16, -0.18518923258781433], [-1.2246467202362698e-16, 0.0, -0.9999999403953552, 0.007799271106719991], [0.0, 0.0, 0.0, 1.0]], [[0.4817847013473511, -0.7319610714912415, -0.4817847013473511, -0.08955994009971618], [0.5175746083259583, 0.6813464760780334, -0.5175746083259583, -0.0970595408678055], [0.7071067094802856, -8.659559941682064e-17, 0.7071067094802856, -0.17561395955085757], [0.0, 0.0, 0.0, 1.0]], [[1.6252811281889371e-16, 0.6813459396362305, 0.7319615483283997, -0.00021759541332724472], [-1.5128918998380102e-16, 0.7319615483283997, -0.6813459396362305, 0.0010430755615234632], [-1.0, 0.0, 2.220446049250313e-16, 0.23367513656616212], [0.0, 0.0, 0.0, 1.0]], [[-0.5306757092475891, 0.8475749492645264, 1.0379799816005313e-16, 0.10179820549488068], [0.8475749492645264, 0.5306757092475891, 6.498903301200472e-17, -0.16236937665939333], [0.0, 1.2246467202362698e-16, -0.9999999403953552, 0.009975176811218261], [0.0, 0.0, 0.0, 1.0]], [[2.122840325155832e-16, 0.29322877526283264, 0.9560422897338867, 0.005414638519287073], [6.510986755588647e-17, -0.9560422897338867, 0.29322877526283264, 0.0004624508917331585], [1.0, 0.0, -2.220446049250313e-16, -0.22434725952148438], [0.0, 0.0, 0.0, 1.0]], [[1.5128930909780923e-16, 0.7319610714912415, 0.6813464760780334, 0.0030015797615051015], [1.625280069397753e-16, -0.6813464760780334, 0.7319610714912415, 0.0019197916984557831], [0.9999999403953552, 0.0, -2.220445916901415e-16, -0.21078220117092134], [0.0, 0.0, 0.0, 1.0]], [[0.025308189913630486, -0.9993593096733093, 0.025308189913630486, -0.004784680288285017], [-0.7066537141799927, -0.03579118475317955, -0.7066537141799927, 0.13601831173896792], [0.7071067690849304, 0.0, -0.7071067690849304, -0.17137571513652802], [0.0, 0.0, 0.0, 1.0]], [[0.6813464760780334, 0.7319610714912415, -8.34408847617761e-17, -0.12969477617740632], [0.7319610714912415, -0.6813464760780334, -8.963937922555447e-17, -0.13992007362842562], [-1.2246467202362698e-16, 0.0, -0.9999999403953552, -0.004851984977722147], [0.0, 0.0, 0.0, 1.0]], [[0.03579118475317955, 0.9993593096733093, 1.2676938610580194e-16, -0.007431011818349362], [-0.9993593096733093, 0.03579118475317955, -1.1800307155775277e-16, 0.19376656901836395], [-1.2246468525851679e-16, -1.2246468525851679e-16, 1.0, 0.002337080240249655], [0.0, 0.0, 0.0, 1.0]], [[-0.8475692868232727, 0.530684769153595, -3.880715858559059e-17, 0.15595215046405794], [-0.530684769153595, -0.8475692868232727, -1.6878744807108658e-16, 0.09925264751911164], [-1.2246468525851679e-16, -1.2246468525851679e-16, 1.0, 0.04784477615356447], [0.0, 0.0, 0.0, 1.0]], [[-1.178336782031917e-16, -0.8475749492645264, -0.5306757092475891, 0.00042763164639474967], [1.8819944475379521e-16, -0.5306757092475891, 0.8475749492645264, 0.00043767797946926733], [-0.9999999403953552, 0.0, 2.220445916901415e-16, 0.22877393853664402], [0.0, 0.0, 0.0, 1.0]], [[-0.6760239601135254, 0.29322877526283264, -0.6760239601135254, 0.1308013486862183], [-0.20734405517578125, -0.9560422897338867, -0.20734405517578125, 0.03974830198287964], [-0.7071067690849304, 0.0, 0.7071067690849304, 0.18032368266582488], [0.0, 0.0, 0.0, 1.0]], [[-0.5306757092475891, -0.8475749492645264, 0.0, 0.10223000061511994], [0.8475749492645264, -0.5306757092475891, 0.0, -0.16377725172042848], [0.0, 0.0, 0.9999999403953552, 0.000298366516828537], [0.0, 0.0, 0.0, 1.0]], [[1.6252811281889371e-16, 0.6813459396362305, 0.7319615483283997, -0.0014693226814270295], [-1.5128918998380102e-16, 0.7319615483283997, -0.6813459396362305, 0.0030422689914703627], [-1.0, 0.0, 2.220446049250313e-16, 0.22670837783813477], [0.0, 0.0, 0.0, 1.0]], [[-0.974571168422699, -0.2240782380104065, 0.0, 0.18663333261013032], [0.2240782380104065, -0.974571168422699, 0.0, -0.04225388300418854], [0.0, 0.0, 1.0, 0.004639462947845459], [0.0, 0.0, 0.0, 1.0]], [[0.4817847013473511, 0.7319610714912415, 0.4817847013473511, -0.08955994009971618], [0.5175746083259583, -0.6813464760780334, 0.5175746083259583, -0.0970595408678055], [0.7071067094802856, 0.0, -0.7071067094802856, -0.17561395955085757], [0.0, 0.0, 0.0, 1.0]], [[0.5175749659538269, -0.6813459396362305, 0.5175749659538269, -0.10017509067058564], [-0.48178431391716003, -0.7319615483283997, -0.48178431391716003, 0.09516668957471848], [0.7071067690849304, 8.659560603426554e-17, -0.7071067690849304, -0.16080436885356902], [0.0, 0.0, 0.0, 1.0]], [[-0.025308189913630486, -0.9993593096733093, -0.025308189913630486, 0.00474023861810565], [0.7066537141799927, -0.03579118475317955, 0.7066537141799927, -0.13220952343940737], [-0.7071067690849304, 0.0, 0.7071067690849304, 0.16490628612041475], [0.0, 0.0, 0.0, 1.0]], [[-0.8475692868232727, -0.530684769153595, 1.0379730332833858e-16, 0.1581081191301346], [-0.530684769153595, 0.8475692868232727, 6.499014474274799e-17, 0.09991392719745637], [-1.2246468525851679e-16, 0.0, -1.0, 0.02224166488647463], [0.0, 0.0, 0.0, 1.0]], [[0.1584443747997284, -0.9745720624923706, 0.1584443747997284, -0.02966767352819443], [0.6891264915466309, 0.22407418489456177, 0.6891264915466309, -0.1338033685684204], [-0.7071067094802856, -8.659559941682064e-17, 0.7071067094802856, 0.1809138367176056], [0.0, 0.0, 0.0, 1.0]], [[0.5306757092475891, -0.8475749492645264, -6.498903301200472e-17, -0.10042504799365998], [-0.8475749492645264, -0.5306757092475891, 1.0379799816005313e-16, 0.16155613470077515], [-1.2246467202362698e-16, 0.0, -0.9999999403953552, -0.03702542877197264], [0.0, 0.0, 0.0, 1.0]], [[-0.6760239601135254, 0.29322877526283264, 0.6760239601135254, 0.13027666664123536], [-0.20734405517578125, -0.9560422897338867, 0.20734405517578125, 0.039729512214660645], [0.7071067690849304, 0.0, 0.7071067690849304, -0.15924009883403778], [0.0, 0.0, 0.0, 1.0]], [[-0.5993219614028931, -0.530684769153595, 0.5993219614028931, 0.10878515839576722], [-0.37525078654289246, 0.8475692868232727, 0.37525078654289246, 0.06972019118070603], [-0.7071067690849304, 0.0, -0.7071067690849304, 0.18219506251811982], [0.0, 0.0, 0.0, 1.0]], [[-0.5993219614028931, 0.530684769153595, 0.5993219614028931, 0.1121285412311554], [-0.37525078654289246, -0.8475692868232727, 0.37525078654289246, 0.07074567335844041], [0.7071067690849304, -8.659560603426554e-17, 0.7071067690849304, -0.1651092051267624], [0.0, 0.0, 0.0, 1.0]], [[0.22407418489456177, -0.9745720624923706, -9.19094870812001e-17, -0.04221678984165192], [0.9745720624923706, 0.22407418489456177, 1.4679184208057471e-16, -0.18581955218315124], [-1.2246467202362698e-16, -1.2246467202362698e-16, 0.9999999403953552, 0.016730239868164083], [0.0, 0.0, 0.0, 1.0]], [[2.122840325155832e-16, 0.29322877526283264, 0.9560422897338867, 0.0018775084018706916], [6.510986755588647e-17, -0.9560422897338867, 0.29322877526283264, 0.00033576896786688653], [1.0, 0.0, -2.220446049250313e-16, -0.20655797195434572], [0.0, 0.0, 0.0, 1.0]], [[-7.947239478318557e-18, 0.9993593096733093, 0.03579118475317955, 0.0006507792472839369], [2.21902343094562e-16, 0.03579118475317955, -0.9993593096733093, -0.00028992983698848684], [-1.0, 2.7192622655495665e-32, -2.220446049250313e-16, 0.23586599731445312], [0.0, 0.0, 0.0, 1.0]], [[-0.7319615483283997, 0.6813459396362305, 8.963943878255857e-17, 0.13723684704303743], [0.6813459396362305, 0.7319615483283997, -8.34408185873271e-17, -0.12582805824279786], [-1.2246468525851679e-16, 0.0, -1.0, -0.02645408058166502], [0.0, 0.0, 0.0, 1.0]], [[0.7319615483283997, 0.6813459396362305, 0.0, -0.1392902899980545], [-0.6813459396362305, 0.7319615483283997, 0.0, 0.13049880409240724], [0.0, 0.0, 1.0, 0.043675136566162114], [0.0, 0.0, 0.0, 1.0]], [[-1.5128930909780923e-16, 0.7319610714912415, -0.6813464760780334, 0.003300863981246974], [-1.625280069397753e-16, -0.6813464760780334, -0.7319610714912415, 0.0021071817874908725], [-0.9999999403953552, 0.0, 2.220445916901415e-16, 0.19962576043605806], [0.0, 0.0, 0.0, 1.0]], [[0.8475692868232727, 0.530684769153595, 6.499014474274799e-17, -0.16014294064044954], [0.530684769153595, -0.8475692868232727, -1.0379730332833858e-16, -0.1005729924440384], [0.0, 1.2246468525851679e-16, -1.0, 0.04446160507202149], [0.0, 0.0, 0.0, 1.0]], [[0.4817847013473511, -0.7319610714912415, 0.4817847013473511, -0.09403472781181335], [0.5175746083259583, 0.6813464760780334, 0.5175746083259583, -0.10344005119800569], [-0.7071067094802856, -8.659559941682064e-17, 0.7071067094802856, 0.15796918416023256], [0.0, 0.0, 0.0, 1.0]], [[0.22407418489456177, 0.9745720624923706, -2.7441174190964858e-17, -0.04221678984165192], [0.9745720624923706, -0.22407418489456177, -1.1935066127216496e-16, -0.18581955218315124], [-1.2246467202362698e-16, 0.0, -0.9999999403953552, 0.016730239868164083], [0.0, 0.0, 0.0, 1.0]], [[0.5175749659538269, 0.6813459396362305, 0.5175749659538269, -0.09855683887004853], [-0.48178431391716003, 0.7319615483283997, -0.48178431391716003, 0.09258209484815598], [-0.7071067690849304, 0.0, 0.7071067690849304, 0.1780254229307175], [0.0, 0.0, 0.0, 1.0]], [[2.122840325155832e-16, -0.29322877526283264, -0.9560422897338867, 0.0018775084018706916], [6.510986755588647e-17, 0.9560422897338867, -0.29322877526283264, 0.00033576896786688653], [1.0, -2.7192622655495665e-32, 2.220446049250313e-16, -0.20655797195434572], [0.0, 0.0, 0.0, 1.0]], [[-2.1639827006374434e-16, -0.2240782380104065, -0.974571168422699, 0.0009088320732117067], [4.9755363831317843e-17, -0.974571168422699, 0.2240782380104065, 0.0003010712563991462], [-1.0, 0.0, 2.220446049250313e-16, 0.23043275833129884], [0.0, 0.0, 0.0, 1.0]], [[-0.22407418489456177, 0.9745720624923706, 0.0, 0.04301241505146027], [-0.9745720624923706, -0.22407418489456177, 0.0, 0.18225579142570497], [0.0, 0.0, 0.9999999403953552, -0.01126439094543457], [0.0, 0.0, 0.0, 1.0]], [[0.7319615483283997, -0.6813459396362305, -8.34408185873271e-17, -0.1405420161485672], [-0.6813459396362305, -0.7319615483283997, -8.963943878255857e-17, 0.13249799728393555], [0.0, 1.2246468525851679e-16, -1.0, 0.03670837783813476], [0.0, 0.0, 0.0, 1.0]], [[4.9754463858811386e-17, 0.9745720624923706, 0.22407418489456177, 0.0003675818741321479], [2.1639846858709135e-16, -0.22407418489456177, 0.9745720624923706, 0.0002957097291946043], [0.9999999403953552, 0.0, -2.220445916901415e-16, -0.19485197389125825], [0.0, 0.0, 0.0, 1.0]], [[1.5128930909780923e-16, 0.7319610714912415, 0.6813464760780334, 0.001979153394699071], [1.625280069397753e-16, -0.6813464760780334, 0.7319610714912415, 0.0012796344757079804], [0.9999999403953552, 0.0, -2.220445916901415e-16, -0.2312636731863022], [0.0, 0.0, 0.0, 1.0]], [[-0.8475692868232727, -0.530684769153595, 1.0379730332833858e-16, 0.1558605490922928], [-0.530684769153595, 0.8475692868232727, 6.499014474274799e-17, 0.09922455799579621], [-1.2246468525851679e-16, 0.0, -1.0, -0.01802741813659666], [0.0, 0.0, 0.0, 1.0]], [[0.4817847013473511, -0.7319610714912415, 0.4817847013473511, -0.08998526072502136], [0.5175746083259583, 0.6813464760780334, 0.5175746083259583, -0.0973258467912674], [-0.7071067094802856, -8.659559941682064e-17, 0.7071067094802856, 0.166202746629715], [0.0, 0.0, 0.0, 1.0]], [[0.6813464760780334, 0.7319610714912415, -8.34408847617761e-17, -0.12936082422733308], [0.7319610714912415, -0.6813464760780334, -8.963937922555447e-17, -0.13897267639636995], [-1.2246467202362698e-16, 0.0, -0.9999999403953552, -0.0272810535430908], [0.0, 0.0, 0.0, 1.0]], [[-2.1639827006374434e-16, -0.2240782380104065, -0.974571168422699, -0.0049423146247863405], [4.9755363831317843e-17, -0.974571168422699, 0.2240782380104065, 9.149956703185189e-05], [-1.0, 0.0, 2.220446049250313e-16, 0.2006758613586426], [0.0, 0.0, 0.0, 1.0]], [[-0.22407418489456177, 0.9745720624923706, 0.0, 0.04301085293293], [-0.9745720624923706, -0.22407418489456177, 0.0, 0.1822993552684784], [0.0, 0.0, 0.9999999403953552, 0.046563560485839844], [0.0, 0.0, 0.0, 1.0]], [[-0.8475692868232727, -0.530684769153595, 1.0379730332833858e-16, 0.15929553329944612], [-0.530684769153595, 0.8475692868232727, 6.499014474274799e-17, 0.10027812969684602], [-1.2246468525851679e-16, 0.0, -1.0, -0.030758918762207012], [0.0, 0.0, 0.0, 1.0]], [[0.6813464760780334, 0.7319610714912415, -8.34408847617761e-17, -0.1279019981622696], [0.7319610714912415, -0.6813464760780334, -8.963937922555447e-17, -0.13805927479267122], [-1.2246467202362698e-16, 0.0, -0.9999999403953552, 0.03185247230529787], [0.0, 0.0, 0.0, 1.0]], [[0.5306757092475891, 0.8475749492645264, 1.6878703778950275e-16, -0.0994267693758011], [-0.8475749492645264, 0.5306757092475891, -3.880896514804841e-17, 0.15830122900009155], [-1.2246467202362698e-16, -1.2246467202362698e-16, 0.9999999403953552, 0.0002983665168285578], [0.0, 0.0, 0.0, 1.0]], [[0.974571168422699, 0.2240782380104065, 1.4679222589237894e-16, -0.18709358155727387], [-0.2240782380104065, 0.974571168422699, 9.190888489371416e-17, 0.042774428963661196], [-1.2246468525851679e-16, -1.2246468525851679e-16, 1.0, -0.03519253158569334], [0.0, 0.0, 0.0, 1.0]], [[0.03579118475317955, 0.9993593096733093, 1.2676938610580194e-16, -0.006153277806937695], [-0.9993593096733093, 0.03579118475317955, -1.1800307155775277e-16, 0.18960049998760226], [-1.2246468525851679e-16, -1.2246468525851679e-16, 1.0, -0.025987724304199197], [0.0, 0.0, 0.0, 1.0]], [[-0.5306757092475891, -0.8475749492645264, 0.0, 0.10297188770771028], [0.8475749492645264, -0.5306757092475891, 0.0, -0.16619627141952514], [0.0, 0.0, 0.9999999403953552, -0.012639851570129396], [0.0, 0.0, 0.0, 1.0]], [[-0.6813464760780334, 0.7319610714912415, 0.0, 0.13245741045475007], [-0.7319610714912415, -0.6813464760780334, 0.0, 0.14099239552021028], [0.0, 0.0, 0.9999999403953552, -0.020782211303710937], [0.0, 0.0, 0.0, 1.0]], [[-0.1584443747997284, 0.9745720624923706, 0.1584443747997284, 0.030568321168422702], [-0.6891264915466309, -0.22407418489456177, 0.6891264915466309, 0.1273070878982544], [0.7071067094802856, 0.0, 0.7071067094802856, -0.17032513737678528], [0.0, 0.0, 0.0, 1.0]], [[-0.3752443790435791, 0.8475749492645264, -0.3752443790435791, 0.07343993520736694], [0.599325954914093, 0.5306757092475891, 0.599325954914093, -0.11902896130084992], [0.7071067094802856, 8.659559941682064e-17, -0.7071067094802856, -0.14699012684822083], [0.0, 0.0, 0.0, 1.0]], [[0.5175749659538269, -0.6813459396362305, -0.5175749659538269, -0.09782388198375702], [-0.48178431391716003, -0.7319615483283997, 0.48178431391716003, 0.09141145008802415], [-0.7071067690849304, 8.659560603426554e-17, -0.7071067690849304, 0.16508411586284638], [0.0, 0.0, 0.0, 1.0]], [[-1.178336782031917e-16, -0.8475749492645264, -0.5306757092475891, 0.0010302400588989458], [1.8819944475379521e-16, -0.5306757092475891, 0.8475749492645264, -0.0015271410942077957], [-0.9999999403953552, 0.0, 2.220445916901415e-16, 0.235865979552269], [0.0, 0.0, 0.0, 1.0]], [[-0.3752443790435791, 0.8475749492645264, -0.3752443790435791, 0.07296824789047242], [0.599325954914093, 0.5306757092475891, 0.599325954914093, -0.1174909383058548], [0.7071067094802856, 8.659559941682064e-17, -0.7071067094802856, -0.17689109349250795], [0.0, 0.0, 0.0, 1.0]], [[-0.8475692868232727, -0.530684769153595, 1.0379730332833858e-16, 0.16193338787555697], [-0.530684769153595, 0.8475692868232727, 6.499014474274799e-17, 0.10108722031116486], [-1.2246468525851679e-16, 0.0, -1.0, 0.04446160507202151], [0.0, 0.0, 0.0, 1.0]], [[0.22407418489456177, -0.9745720624923706, -9.19094870812001e-17, -0.04213577520847321], [0.9745720624923706, 0.22407418489456177, 1.4679184208057471e-16, -0.18808159327507018], [-1.2246467202362698e-16, -1.2246467202362698e-16, 0.9999999403953552, -0.01126439094543455], [0.0, 0.0, 0.0, 1.0]], [[0.025308189913630486, -0.9993593096733093, -0.025308189913630486, -0.004760385315865278], [-0.7066537141799927, -0.03579118475317955, 0.7066537141799927, 0.13593909478187563], [-0.7071067690849304, 0.0, -0.7071067690849304, 0.17312423503398897], [0.0, 0.0, 0.0, 1.0]], [[0.1584443747997284, 0.9745720624923706, 0.1584443747997284, -0.029598492085933688], [0.6891264915466309, -0.22407418489456177, 0.6891264915466309, -0.13573501873016358], [0.7071067094802856, 0.0, -0.7071067094802856, -0.17891488194465638], [0.0, 0.0, 0.0, 1.0]], [[0.6891258955001831, 0.2240782380104065, -0.6891258955001831, -0.13039507460594177], [-0.1584472358226776, 0.974571168422699, 0.1584472358226776, 0.030392794311046602], [0.7071067690849304, -8.659560603426554e-17, 0.7071067690849304, -0.15924009883403778], [0.0, 0.0, 0.0, 1.0]], [[-0.6813464760780334, -0.7319610714912415, -8.963937922555447e-17, 0.1302566114664078], [-0.7319610714912415, 0.6813464760780334, 8.34408847617761e-17, 0.14018477833271029], [0.0, 1.2246467202362698e-16, -0.9999999403953552, 0.0374627685546875], [0.0, 0.0, 0.0, 1.0]], [[-4.9754463858811386e-17, 0.9745720624923706, -0.22407418489456177, 0.0003095520436763848], [-2.1639846858709135e-16, -0.22407418489456177, -0.9745720624923706, 0.0006824533343315492], [-0.9999999403953552, 0.0, 2.220445916901415e-16, 0.1922350152730942], [0.0, 0.0, 0.0, 1.0]], [[-0.22407418489456177, 0.9745720624923706, 0.0, 0.04245711815357209], [-0.9745720624923706, -0.22407418489456177, 0.0, 0.18455112528800965], [0.0, 0.0, 0.9999999403953552, 0.01790398406982422], [0.0, 0.0, 0.0, 1.0]], [[0.025308189913630486, 0.9993593096733093, -0.025308189913630486, -0.004161508779972792], [-0.7066537141799927, 0.03579118475317955, 0.7066537141799927, 0.13398643708229066], [0.7071067690849304, -8.659560603426554e-17, 0.7071067690849304, -0.16033801066875458], [0.0, 0.0, 0.0, 1.0]], [[0.03579118475317955, 0.9993593096733093, 1.2676938610580194e-16, -0.006149545870721341], [-0.9993593096733093, 0.03579118475317955, -1.1800307155775277e-16, 0.18958833873271944], [-1.2246468525851679e-16, -1.2246468525851679e-16, 1.0, 0.04586599349975588], [0.0, 0.0, 0.0, 1.0]], [[2.1639827006374434e-16, -0.2240782380104065, 0.974571168422699, 0.0005842404961585631], [-4.9755363831317843e-17, -0.974571168422699, -0.2240782380104065, 0.0002894468009471978], [1.0, 0.0, -2.220446049250313e-16, -0.20655797195434572], [0.0, 0.0, 0.0, 1.0]], [[0.6760239601135254, -0.29322877526283264, -0.6760239601135254, -0.12302991390228273], [0.20734405517578125, 0.9560422897338867, -0.20734405517578125, -0.0389329195022583], [0.7071067690849304, -8.659560603426554e-17, 0.7071067690849304, -0.16869754588603975], [0.0, 0.0, 0.0, 1.0]], [[-2.122840325155832e-16, -0.29322877526283264, 0.9560422897338867, 0.002236349582672155], [-6.510986755588647e-17, 0.9560422897338867, 0.29322877526283264, 0.00034861901402474555], [-1.0, 2.7192622655495665e-32, -2.220446049250313e-16, 0.21925004959106448], [0.0, 0.0, 0.0, 1.0]], [[0.22407418489456177, 0.9745720624923706, -2.7441174190964858e-17, -0.041547172188758856], [0.9745720624923706, -0.22407418489456177, -1.1935066127216496e-16, -0.18363026881217956], [-1.2246467202362698e-16, 0.0, -0.9999999403953552, -0.012398446083068827], [0.0, 0.0, 0.0, 1.0]], [[7.947239478318557e-18, 0.9993593096733093, -0.03579118475317955, 0.0008054772019386279], [-2.21902343094562e-16, 0.03579118475317955, 0.9993593096733093, -0.0007943305373191457], [1.0, -2.7192622655495665e-32, 2.220446049250313e-16, -0.19427472114562988], [0.0, 0.0, 0.0, 1.0]], [[-0.6813464760780334, 0.7319610714912415, 0.0, 0.1296117216348648], [-0.7319610714912415, -0.6813464760780334, 0.0, 0.13896930611133576], [0.0, 0.0, 0.9999999403953552, -0.035328987121582035], [0.0, 0.0, 0.0, 1.0]], [[-1.6252811281889371e-16, 0.6813459396362305, -0.7319615483283997, -0.0018358472585677825], [1.5128918998380102e-16, 0.7319615483283997, 0.6813459396362305, 0.003627670288085912], [1.0, 0.0, -2.220446049250313e-16, -0.21645408248901368], [0.0, 0.0, 0.0, 1.0]], [[-0.5306757092475891, -0.8475749492645264, 0.0, 0.10227349960803986], [0.8475749492645264, -0.5306757092475891, 0.0, -0.16391907644271853], [0.0, 0.0, 0.9999999403953552, 0.027937578201293944], [0.0, 0.0, 0.0, 1.0]], [[0.5993219614028931, 0.530684769153595, -0.5993219614028931, -0.11895718789100648], [0.37525078654289246, -0.8475692868232727, -0.37525078654289246, -0.07287510746717454], [-0.7071067690849304, 8.659560603426554e-17, -0.7071067690849304, 0.18219506251811982], [0.0, 0.0, 0.0, 1.0]], [[-0.03579118475317955, 0.9993593096733093, 1.2238622883177736e-16, 0.006169638372957707], [0.9993593096733093, 0.03579118475317955, 4.38315603325367e-18, -0.18598996913433075], [0.0, 1.2246468525851679e-16, -1.0, 0.002337080240249634], [0.0, 0.0, 0.0, 1.0]], [[-0.22407418489456177, -0.9745720624923706, -1.1935066127216496e-16, 0.042896346688270574], [-0.9745720624923706, 0.22407418489456177, 2.7441174190964858e-17, 0.18549665331840515], [0.0, 1.2246467202362698e-16, -0.9999999403953552, -0.020316980361938478], [0.0, 0.0, 0.0, 1.0]], [[0.4817847013473511, 0.7319610714912415, 0.4817847013473511, -0.09403672766685486], [0.5175746083259583, -0.6813464760780334, 0.5175746083259583, -0.10344383442401886], [0.7071067094802856, 0.0, -0.7071067094802856, -0.15286447072029113], [0.0, 0.0, 0.0, 1.0]], [[-0.3752443790435791, -0.8475749492645264, 0.3752443790435791, 0.0716997685432434], [0.599325954914093, -0.5306757092475891, -0.599325954914093, -0.11335503590106964], [0.7071067094802856, 0.0, 0.7071067094802856, -0.17137570500373842], [0.0, 0.0, 0.0, 1.0]], [[-2.122840325155832e-16, -0.29322877526283264, 0.9560422897338867, 0.0037699034214020138], [-6.510986755588647e-17, 0.9560422897338867, 0.29322877526283264, 0.0004035438299179188], [-1.0, 2.7192622655495665e-32, -2.220446049250313e-16, 0.21022632598876956], [0.0, 0.0, 0.0, 1.0]], [[-0.5306757092475891, -0.8475749492645264, 0.0, 0.10123172104358674], [0.8475749492645264, -0.5306757092475891, 0.0, -0.16052234601974488], [0.0, 0.0, 0.9999999403953552, -0.03702542877197266], [0.0, 0.0, 0.0, 1.0]], [[-0.1584443747997284, -0.9745720624923706, 0.1584443747997284, 0.03298835057020188], [-0.6891264915466309, 0.22407418489456177, 0.6891264915466309, 0.13597243976593018], [-0.7071067094802856, 8.659559941682064e-17, -0.7071067094802856, 0.17937081074714661], [0.0, 0.0, 0.0, 1.0]], [[-0.7319615483283997, 0.6813459396362305, 8.963943878255857e-17, 0.1399197531938553], [0.6813459396362305, 0.7319615483283997, -8.34408185873271e-17, -0.13011306953430177], [-1.2246468525851679e-16, 0.0, -1.0, -0.04288823318481443], [0.0, 0.0, 0.0, 1.0]], [[1.5128930909780923e-16, -0.7319610714912415, -0.6813464760780334, -0.00249763441085818], [1.625280069397753e-16, 0.6813464760780334, -0.7319610714912415, -0.005104659080505399], [0.9999999403953552, -2.719261971675979e-32, 2.220445916901415e-16, -0.2085141843557358], [0.0, 0.0, 0.0, 1.0]], [[-0.9560422897338867, -0.29322877526283264, -3.5910170248360426e-17, 0.18388438415527344], [-0.29322877526283264, 0.9560422897338867, 1.1708142030180128e-16, 0.056062086164951334], [0.0, 1.2246468525851679e-16, -1.0, 0.029250049591064455], [0.0, 0.0, 0.0, 1.0]], [[-0.5993219614028931, -0.530684769153595, 0.5993219614028931, 0.1106145260334015], [-0.37525078654289246, 0.8475692868232727, 0.37525078654289246, 0.07028129595518114], [-0.7071067690849304, 0.0, -0.7071067690849304, 0.17149878489971163], [0.0, 0.0, 0.0, 1.0]], [[-7.947239478318557e-18, 0.9993593096733093, 0.03579118475317955, 4.817076772451536e-05], [2.21902343094562e-16, 0.03579118475317955, -0.9993593096733093, 0.0016748892068862537], [-1.0, 2.7192622655495665e-32, -2.220446049250313e-16, 0.22877394866943362], [0.0, 0.0, 0.0, 1.0]], [[-1.6252811281889371e-16, 0.6813459396362305, -0.7319615483283997, -0.0014651796817779267], [1.5128918998380102e-16, 0.7319615483283997, 0.6813459396362305, 0.0030356519222259266], [1.0, 0.0, -2.220446049250313e-16, -0.1909183006286621], [0.0, 0.0, 0.0, 1.0]]], "foliation_name": "slide_table", "similarity_matrix": [[1.0, 0.0, 0.0, 0.01896725666531627, 0.0, 0.9253126270334281, 0.02811722420260926, 0.9677517640733507, 0.9275244155059726, 0.008136695271383852, 0.02651230120771212, 0.009306559426471737, 0.3636613556575051, 0.0, 0.00839592644288016, 0.9933796242853664, 0.9727174472470778, 0.31700147678805424, 0.01232421881925661, 0.009035997017761258, 0.0033112690422787156, 0.0, 0.0, 0.010298920449338052, 0.0, 0.009285000884005147, 0.3636613556575051, 0.2919805378093937, 0.0, 0.006339176893556895, 0.0, 0.023100628095831188, 0.2937693833840797, 0.0, 0.3200265480037819, 0.007387307659369204, 0.9633839293465033, 0.0, 0.020943824301566192, 0.0033925209944897987, 0.0, 0.003614501612924987, 0.0, 0.007387307659369204, 0.0, 0.9633839293465033, 0.0, 0.01398530622777929, 0.003930907530423471, 0.9272711725636135, 0.9987181803063669, 0.017117545689753284, 0.0, 0.020436781131006356, 0.0, 0.003255537642476617, 0.020935960707147944, 0.00521285338755409, 0.01100464860368955, 0.022301637714779856, 0.0183907537858995, 0.013191669299233025, 0.015301297549012194, 0.3369817141019883, 0.26318563885757973, 0.0, 0.0, 0.33313291874473766, 0.00324622693145333, 0.013748944801359995, 0.0, 0.3385344148454319, 0.3110926776244436, 0.003881312344225205, 0.0, 0.006722649061796826, 0.3025363548144718, 0.003182989883777431, 0.963663476100458, 0.35918655455054205, 0.0, 0.01533937617959617, 0.9253126270334281, 0.02205613614080935, 0.9837047225797558, 0.005170718192255059, 0.0, 0.011360105963506577, 0.016047750292321753, 0.28007684586139087, 0.34099980747604974, 0.0, 0.024500357309925284, 0.0, 0.02651230120771212, 0.9684428253208565, 0.004818170638778179, 0.0, 0.0, 0.9116446019690609], [0.0, 1.0, 0.5829773444683759, 0.010438757743490741, 0.31570492211862544, 0.0, 0.006774429400812374, 0.0, 0.0, 0.01068906930716716, 0.0, 0.004450023639565689, 0.0, 0.32320666871529835, 0.0013027181364184985, 0.0, 0.0, 0.0016445743390801357, 0.013001735538398815, 0.09612853855804157, 0.017743137502218263, 0.3288670335943607, 0.05996898044261069, 0.0010576347519401187, 0.3473663790503013, 0.0016067840446538553, 0.0, 0.004043282966267962, 0.04413628661830576, 0.011841302686287579, 0.05732089840388263, 0.09168357647299691, 0.0, 0.10939337791894262, 0.0, 0.005035906708852551, 0.0, 0.31202655151453956, 0.0, 0.38527497706437364, 0.36788576686107877, 0.05569362607342259, 0.13932343490086083, 0.005035906708852551, 0.9972986446836408, 0.0, 0.32370068209496533, 0.04657682754016298, 0.34736636871705073, 0.0, 0.0, 0.006347798743004046, 0.1576293788835177, 0.00874017541973827, 0.39051818486240125, 0.11307860297079259, 0.004523454589246395, 0.02435259403637159, 0.18994085539645866, 0.07119573394593834, 0.05891713247390623, 0.0, 0.009591218379226371, 0.001177478929286801, 0.0, 0.9975189383974944, 0.3071862458987641, 0.0, 0.014552294005779422, 0.002941497633906313, 0.5842325308199331, 0.0, 0.003304169316161557, 0.026161012690809404, 0.3811814046388846, 0.07504073304175807, 0.0023982289138626376, 0.18756146709487542, 0.0, 0.0012269742197789312, 0.33932383199931887, 0.0032547982248954358, 0.0, 0.007734321267068012, 0.0, 0.001633369830664701, 0.24010752075107514, 0.0026663937656418485, 0.03826737314036238, 0.0, 0.0, 0.3476241778657323, 0.0, 0.3787443506679757, 0.0, 0.0, 0.006057638496437326, 0.10607956292168445, 0.33396012731416447, 0.0], [0.0, 0.5829773444683759, 1.0, 0.0020082377826506456, 0.3106030303891612, 0.0, 0.0012989474889599465, 0.0, 0.0, 0.08019132935873265, 0.0011469205489451602, 0.0015285517713669223, 0.0, 0.31582851951194435, 0.0019533345020511335, 0.0, 0.0, 0.003486180271852574, 0.0023765399353685023, 0.22608792400003525, 0.12908628088573804, 0.32349225951305766, 0.2469282227780686, 0.0015940789015592377, 0.33969057951066517, 0.008966152588026906, 0.0, 0.0028834309703611688, 0.027035938253238852, 0.0896091976607607, 0.02491007431427605, 0.0798721622024583, 0.0012994218825619485, 0.4136684540378975, 0.0017391453793815866, 0.0017196588892419132, 0.0, 0.3053100580009392, 0.0018630680844883658, 0.19398789233827954, 0.3812570348348129, 0.008752091975443547, 0.03783594928687656, 0.0017196588892419132, 0.5809680417623044, 0.0, 0.31935983066910595, 0.16998171712388804, 0.17503071983886273, 0.0, 0.0, 0.04811381350348537, 0.045406827557112873, 0.0016272420338494186, 0.3708727974120591, 0.398261426672041, 0.035891361190785044, 0.004472858875583903, 0.1610534686871652, 0.016562365771212336, 0.1402744560302431, 0.0011740577252397201, 0.06936605304605545, 0.003377230848824464, 0.0, 0.5869566544131597, 0.30010492312787507, 0.0, 0.11317489666248673, 0.001008724336706426, 0.9966210413201969, 0.0, 0.0013409062069716688, 0.17800062243857642, 0.3834383876060542, 0.27012490587726207, 0.005028057126135033, 0.42719521021943135, 0.0, 0.0, 0.3414276896168221, 0.0011458433683195109, 0.0, 0.05449194747912479, 0.0, 0.002415241036535334, 0.05761139652853992, 0.0014548504931242608, 0.1422003576187624, 0.0, 0.0, 0.3569669327419581, 0.0, 0.9211270675903405, 0.0011469205489451602, 0.0, 0.0486040139078113, 0.4118245984867048, 0.32901551155064745, 0.0], [0.01896725666531627, 0.010438757743490741, 0.0020082377826506456, 1.0, 0.006638403790304896, 0.03897560047883704, 0.9791723151567523, 0.028714085716539554, 0.03912912674896479, 0.0010223855854638773, 0.028008852471380498, 0.600674180135024, 0.25998714382962823, 0.006795432070810674, 0.0682705362200165, 0.02046401552893394, 0.027035936458275452, 0.003662323974074504, 0.9864952520508704, 0.0019920430894150285, 0.0, 0.007692349157407049, 0.0, 0.06906498785411502, 0.007999305733102924, 0.004574086305527244, 0.25998714382962823, 0.024377081256333574, 0.07531822077809597, 0.0, 0.08182345595335103, 0.010999677205365911, 0.0029559441922551544, 0.0, 0.0023446338327807233, 0.5806593077065418, 0.030355987469066037, 0.006471937539576057, 0.030647997509428024, 0.02240304172083451, 0.014384693968516297, 0.7142695457527647, 0.18139910716579177, 0.5806593077065418, 0.009506817706888538, 0.030355987469066037, 0.007347452672832354, 0.0014258899053832261, 0.02211536717921204, 0.038226770324338535, 0.018335216061495022, 0.0011208751047528166, 0.15045822713559934, 0.9973038457149149, 0.016030775711200734, 0.0011369045481258008, 0.0, 0.8705162860257398, 0.011977245551847208, 0.1631616621873574, 0.0023102580930946526, 0.06873269598468902, 0.0, 0.0028696132633642363, 0.06014569370583987, 0.012504441025597338, 0.006550439550409501, 0.03968861340934266, 0.0, 0.6128058682348703, 0.0017314417592785433, 0.1791513278725456, 0.09413364667574534, 0.0, 0.017897483375204117, 0.001244406277758845, 0.004512095840294642, 0.0018500640139080967, 0.03088136160760001, 0.20660349855246887, 0.009505612156491287, 0.623758165042596, 0.03897560047883704, 0.0, 0.025161201489352632, 0.06262651572197693, 0.10336157265172159, 0.35863055011633305, 0.001291835135538948, 0.37468372497774505, 0.04389988162015726, 0.011520194642265953, 0.07188015057843657, 0.0, 0.028008852471380498, 0.033282034495280804, 0.0010893749762103146, 0.0010862169243467284, 0.007598172473677354, 0.0402978337995934], [0.0, 0.31570492211862544, 0.3106030303891612, 0.006638403790304896, 1.0, 0.0, 0.003763519837431893, 0.0, 0.0, 0.015709809546488197, 0.0034580188191055184, 0.012485171370430845, 0.0, 0.999876273505467, 0.01287586807103264, 0.0, 0.0, 0.0, 0.00909072437850421, 0.010343309825838845, 0.032260201951474735, 0.9983712591379322, 0.3435801861772186, 0.010031405699482167, 0.9963336391792126, 0.011590189144396511, 0.0, 0.0, 0.32626653957558877, 0.018590640076036356, 0.3366486056980462, 0.0040728563194524, 0.0, 0.3829373809466924, 0.0, 0.015062079141215335, 0.0, 0.9998834390413233, 0.0059111069032141625, 0.025956549571027054, 0.9406930945854513, 0.0270359297576836, 0.2778046909398186, 0.015062079141215335, 0.3395905293238795, 0.0, 0.9991886283467896, 0.00851577721996609, 0.021695259254512118, 0.0, 0.0, 0.007596175696835015, 0.32560107990733234, 0.005267900124330866, 0.9429141483393426, 0.029852985835782515, 0.005117885207252413, 0.02150920498032874, 0.011162544909527923, 0.004099011338105827, 0.0055740327987709466, 0.007001770177343924, 0.0060004091268083815, 0.0, 0.0, 0.31872534420277204, 0.9997413266561138, 0.0, 0.027035930267070952, 0.007541227199430765, 0.329484406231893, 0.0, 0.0, 0.023357975424008935, 0.9146791029336098, 0.016075731316715126, 0.0, 0.02804965400193554, 0.0, 0.0, 0.9884075975821534, 0.007987960207308941, 0.0, 0.0043676933457156095, 0.0, 0.018406536414410563, 0.32554010825535756, 0.011899762678063282, 0.006396315967558651, 0.0, 0.0, 0.9706569172873923, 0.00414832045876839, 0.32490751385571376, 0.0034580188191055184, 0.0, 0.019518903892436296, 0.35157522149171566, 0.9982476551499874, 0.0], [0.9253126270334281, 0.0, 0.0, 0.03897560047883704, 0.0, 1.0, 0.05328201863859234, 0.9867576628606617, 0.999928658232607, 0.020747855241846764, 0.052339944758285205, 0.021585473141829768, 0.41103389197936324, 0.0, 0.020201561959853755, 0.9546983543464075, 0.9858662865196255, 0.3814817793342215, 0.026945106854530453, 0.021717525980621193, 0.009689065446993652, 0.0, 0.0, 0.023846401220492572, 0.0, 0.022559582438454646, 0.41103389197936324, 0.3583224006197428, 0.0, 0.016751951100243963, 0.0, 0.04656218721057413, 0.374693444037394, 0.0, 0.39927861956180694, 0.017750852296631498, 0.9923639467591939, 0.0, 0.0441178738652233, 0.00931639000786461, 0.0, 0.009614876375580575, 0.0, 0.017750852296631498, 0.0, 0.9923639467591939, 0.0, 0.0320784412183328, 0.010498762388168574, 0.999914344225893, 0.9336121032308334, 0.03854780464283754, 0.0, 0.040902922520933846, 0.0, 0.009399434494579206, 0.04487134060613893, 0.013190449513067894, 0.025695244746052663, 0.043896179219634734, 0.039503971954799794, 0.029016305487328673, 0.03414187950315456, 0.40922393488381803, 0.341440171106127, 0.0, 0.0, 0.3842684353141095, 0.009385594971800363, 0.029563958103716363, 0.0, 0.37965493976224157, 0.3788143118571663, 0.010908309529399907, 0.0, 0.017312820855153392, 0.38016952923018, 0.009096596859788366, 0.9924236331231443, 0.41802243792222354, 0.0, 0.032857782645350164, 1.0, 0.04643186528118663, 0.9744099532443018, 0.013361277760547494, 0.0, 0.025998081125258844, 0.03553250962913071, 0.34563580985766756, 0.4021065347857681, 0.0, 0.04896702905133189, 0.0, 0.052339944758285205, 0.9884543874854861, 0.013076654420309931, 0.0, 0.0, 0.998446671868374], [0.02811722420260926, 0.006774429400812374, 0.0012989474889599465, 0.9791723151567523, 0.003763519837431893, 0.05328201863859234, 1.0, 0.040466262633791765, 0.05356107805071579, 0.0, 0.027912154844383558, 0.5516657791535107, 0.34736640899178917, 0.003859194559471184, 0.0614169418631584, 0.029740473796644323, 0.038217969098793866, 0.004742547703674621, 0.9354159849952456, 0.001797737011304843, 0.0, 0.004413621381160699, 0.0, 0.06337860521589635, 0.00460967554008398, 0.004090984839717293, 0.34736640899178917, 0.031248476125662717, 0.04972538416094445, 0.0, 0.05246737301457361, 0.010894842350002393, 0.0037057844990773543, 0.0, 0.002975621451355059, 0.5236301346063189, 0.04254977332902654, 0.003658603017239824, 0.02953072464877193, 0.018919165699432656, 0.008765120028055752, 0.6125821842901767, 0.12248970544624518, 0.5236301346063189, 0.006081483987977278, 0.04254977332902654, 0.004200895303900918, 0.0013172498801702949, 0.01894482955809722, 0.0523189696741275, 0.02703593655417663, 0.0010432640896848506, 0.09981635928841942, 0.9900271148771189, 0.009757338989320472, 0.0, 0.0, 0.7654309932923439, 0.010989998963809164, 0.16367630777070633, 0.0022109909367597795, 0.06477297862285546, 0.0, 0.003697666387633936, 0.07463949677304556, 0.0082162546469023, 0.00370321684929448, 0.05236312229552101, 0.0, 0.585312004441741, 0.0011001852435290763, 0.2401088051204935, 0.12114237374943754, 0.0, 0.011078164459361292, 0.0010817315913878589, 0.005711280533682731, 0.0015259098446056033, 0.04329192745836118, 0.27207775802940487, 0.005562439669196227, 0.5969523186596268, 0.05328201863859234, 0.0, 0.03599797904729621, 0.05430649830652185, 0.06645263597170593, 0.33144322524006564, 0.0012156894032950985, 0.47823200571964947, 0.05726019206328611, 0.006867736248436221, 0.07119595287740799, 0.0, 0.027912154844383558, 0.04687520310119345, 0.0, 0.0, 0.004359323782676263, 0.05471115368187412], [0.9677517640733507, 0.0, 0.0, 0.028714085716539554, 0.0, 0.9867576628606617, 0.040466262633791765, 1.0, 0.9878660698922137, 0.015095905152697623, 0.03641763333084105, 0.014383547763653234, 0.38503004239938116, 0.0, 0.012922111797748187, 0.9841472174328492, 0.9977320172878292, 0.3949256945367762, 0.01937660214945343, 0.017986637137510014, 0.006695789229781765, 0.0, 0.0, 0.015460286531616428, 0.0, 0.015143772668571956, 0.38503004239938116, 0.3687809866366532, 0.0, 0.012024723102028777, 0.0, 0.041463432243750195, 0.34335606795313184, 0.0, 0.3782521621076825, 0.01166656102698961, 0.9975075507629876, 0.0, 0.03006008237300383, 0.0073246564359271925, 0.0, 0.00664363753653281, 0.0, 0.01166656102698961, 0.0, 0.9975075507629876, 0.0, 0.026453101414690077, 0.008354071864110886, 0.9883003936631423, 0.9739798042798592, 0.029391875974621607, 0.0, 0.030425095054838668, 0.0, 0.007111008507753527, 0.03484576603331213, 0.008983856086759586, 0.021598813455388412, 0.03749860696046102, 0.034026020358208044, 0.019146018058507245, 0.027007366427018228, 0.4156160125259673, 0.28