{"co_parameters": [[[0.3752443790435791, 0.8475749492645264, -0.3752443790435791, -0.06962461614608764], [-0.599325954914093, 0.5306757092475891, 0.599325954914093, 0.11025292503833771], [0.7071067094802856, -8.659559941682064e-17, 0.7071067094802856, -0.17689109349250795], [0.0, 0.0, 0.0, 1.0]], [[0.8475692868232727, -0.530684769153595, 0.0, -0.16304347240924838], [0.530684769153595, 0.8475692868232727, 0.0, -0.10146264755725862], [0.0, 0.0, 1.0, -0.0034615731239318846], [0.0, 0.0, 0.0, 1.0]], [[4.9754463858811386e-17, 0.9745720624923706, 0.22407418489456177, 0.0005059391856193458], [2.1639846858709135e-16, -0.22407418489456177, 0.9745720624923706, -0.004800984859466589], [0.9999999403953552, 0.0, -2.220445916901415e-16, -0.23456459558010104], [0.0, 0.0, 0.0, 1.0]], [[-0.025308189913630486, 0.9993593096733093, 0.025308189913630486, 0.00474023861810565], [0.7066537141799927, 0.03579118475317955, -0.7066537141799927, -0.13220952343940737], [-0.7071067690849304, 8.659560603426554e-17, -0.7071067690849304, 0.16490628612041475], [0.0, 0.0, 0.0, 1.0]], [[0.22407418489456177, -0.9745720624923706, -9.19094870812001e-17, -0.04226454317569733], [0.9745720624923706, 0.22407418489456177, 1.4679184208057471e-16, -0.18448623919487], [-1.2246467202362698e-16, -1.2246467202362698e-16, 0.9999999403953552, 0.0022350268363952844], [0.0, 0.0, 0.0, 1.0]], [[-2.122840325155832e-16, 0.29322877526283264, -0.9560422897338867, 0.006012812614440955], [-6.510986755588647e-17, -0.9560422897338867, -0.29322877526283264, 0.000483844667673122], [-1.0, 0.0, 2.220446049250313e-16, 0.22760914611816407], [0.0, 0.0, 0.0, 1.0]], [[-0.5175749659538269, -0.6813459396362305, 0.5175749659538269, 0.09661207282543183], [0.48178431391716003, -0.7319615483283997, -0.48178431391716003, -0.08808492869138718], [0.7071067690849304, -8.659560603426554e-17, 0.7071067690849304, -0.1696580332517624], [0.0, 0.0, 0.0, 1.0]], [[0.974571168422699, -0.2240782380104065, -1.1935055539304655e-16, -0.19049349534511567], [-0.2240782380104065, -0.974571168422699, 2.744167049933239e-17, 0.04265269482135773], [-1.2246468525851679e-16, 0.0, -1.0, 0.04457277297973635], [0.0, 0.0, 0.0, 1.0]], [[-0.4817847013473511, 0.7319610714912415, 0.4817847013473511, 0.09454067301750183], [-0.5175746083259583, -0.6813464760780334, 0.5175746083259583, 0.10025896751880646], [0.7071067094802856, 0.0, 0.7071067094802856, -0.1551324875354767], [0.0, 0.0, 0.0, 1.0]], [[-0.025308189913630486, 0.9993593096733093, -0.025308189913630486, 0.005455603402107954], [0.7066537141799927, 0.03579118475317955, 0.7066537141799927, -0.13454197430610657], [0.7071067690849304, 8.659560603426554e-17, -0.7071067690849304, -0.16033801066875458], [0.0, 0.0, 0.0, 1.0]], [[0.8475692868232727, -0.530684769153595, 0.0, -0.16292794048786163], [0.530684769153595, 0.8475692868232727, 0.0, -0.10142721378803254], [0.0, 0.0, 1.0, -0.04337236785888672], [0.0, 0.0, 0.0, 1.0]], [[4.9754463858811386e-17, 0.9745720624923706, 0.22407418489456177, 0.00174624276161193], [2.1639846858709135e-16, -0.22407418489456177, 0.9745720624923706, 0.0028941543102264035], [0.9999999403953552, 0.0, -2.220445916901415e-16, -0.23137542855739596], [0.0, 0.0, 0.0, 1.0]], [[0.5175749659538269, 0.6813459396362305, -0.5175749659538269, -0.10006641376018525], [-0.48178431391716003, 0.7319615483283997, 0.48178431391716003, 0.09499311035871506], [0.7071067690849304, 0.0, 0.7071067690849304, -0.1696580332517624], [0.0, 0.0, 0.0, 1.0]], [[0.974571168422699, 0.2240782380104065, 1.4679222589237894e-16, -0.18934489572048188], [-0.2240782380104065, 0.974571168422699, 9.190888489371416e-17, 0.042693802475929264], [-1.2246468525851679e-16, -1.2246468525851679e-16, 1.0, 0.03207390213012697], [0.0, 0.0, 0.0, 1.0]], [[-0.9560422897338867, -0.29322877526283264, -3.5910170248360426e-17, 0.18536632919311524], [-0.29322877526283264, 0.9560422897338867, 1.1708142030180128e-16, 0.0561151619553566], [0.0, 1.2246468525851679e-16, -1.0, -0.008892201423645019], [0.0, 0.0, 0.0, 1.0]], [[-2.1639827006374434e-16, 0.2240782380104065, 0.974571168422699, 0.0009088320732117067], [4.9755363831317843e-17, 0.974571168422699, -0.2240782380104065, 0.0003010712563991462], [-1.0, 2.7192622655495665e-32, -2.220446049250313e-16, 0.23043275833129884], [0.0, 0.0, 0.0, 1.0]], [[0.1584443747997284, 0.9745720624923706, 0.1584443747997284, -0.029640541255474093], [0.6891264915466309, -0.22407418489456177, 0.6891264915466309, -0.13456097888946533], [0.7071067094802856, 0.0, -0.7071067094802856, -0.17032513737678528], [0.0, 0.0, 0.0, 1.0]], [[-0.22407418489456177, -0.9745720624923706, -1.1935066127216496e-16, 0.042941677212715156], [-0.9745720624923706, 0.22407418489456177, 2.7441174190964858e-17, 0.18546440196037292], [0.0, 1.2246467202362698e-16, -0.9999999403953552, -0.004851984977722168], [0.0, 0.0, 0.0, 1.0]], [[-4.9754463858811386e-17, -0.9745720624923706, 0.22407418489456177, 0.000436757624149331], [-2.1639846858709135e-16, 0.22407418489456177, 0.9745720624923706, -0.0028693358898162474], [-0.9999999403953552, 2.719261971675979e-32, -2.220445916901415e-16, 0.23656355035305027], [0.0, 0.0, 0.0, 1.0]], [[-0.025308189913630486, -0.9993593096733093, -0.025308189913630486, 0.004856726866215468], [0.7066537141799927, -0.03579118475317955, 0.7066537141799927, -0.13258931660652162], [-0.7071067690849304, 0.0, 0.7071067690849304, 0.17312423503398897], [0.0, 0.0, 0.0, 1.0]], [[2.1639827006374434e-16, 0.2240782380104065, -0.974571168422699, -0.005463076591491736], [-4.9755363831317843e-17, 0.974571168422699, 0.2240782380104065, 7.288853079081428e-05], [1.0, -2.7192622655495665e-32, 2.220446049250313e-16, -0.19534864616394043], [0.0, 0.0, 0.0, 1.0]], [[7.947239478318557e-18, 0.9993593096733093, -0.03579118475317955, 0.0006470472812652575], [-2.21902343094562e-16, 0.03579118475317955, 0.9993593096733093, -0.00027776867151256605], [1.0, -2.7192622655495665e-32, 2.220446049250313e-16, -0.21598772430419924], [0.0, 0.0, 0.0, 1.0]], [[-0.9560422897338867, 0.29322877526283264, 0.0, 0.18508313369750978], [-0.29322877526283264, -0.9560422897338867, 0.0, 0.05610502058267594], [0.0, 0.0, 1.0, -0.043966445922851566], [0.0, 0.0, 0.0, 1.0]], [[-0.974571168422699, 0.2240782380104065, 2.744167049933239e-17, 0.18324346101284028], [0.2240782380104065, 0.974571168422699, 1.1935055539304655e-16, -0.042375301480293275], [0.0, 1.2246468525851679e-16, -1.0, -0.03519253158569336], [0.0, 0.0, 0.0, 1.0]], [[-2.1639827006374434e-16, -0.2240782380104065, -0.974571168422699, -0.005264148712158166], [4.9755363831317843e-17, -0.974571168422699, 0.2240782380104065, 8.000695705412973e-05], [-1.0, 0.0, 2.220446049250313e-16, 0.2147932586669922], [0.0, 0.0, 0.0, 1.0]], [[0.6891258955001831, -0.2240782380104065, -0.6891258955001831, -0.13625889277458192], [-0.1584472358226776, -0.974571168422699, 0.1584472358226776, 0.03018280452489853], [-0.7071067690849304, 0.0, -0.7071067690849304, 0.1789230593442917], [0.0, 0.0, 0.0, 1.0]], [[-0.5175749659538269, 0.6813459396362305, 0.5175749659538269, 0.09686992061138154], [0.48178431391716003, 0.7319615483283997, -0.48178431391716003, -0.08849675053358078], [-0.7071067690849304, 0.0, -0.7071067690849304, 0.17105866420269014], [0.0, 0.0, 0.0, 1.0]], [[0.5175749659538269, -0.6813459396362305, 0.5175749659538269, -0.10017509067058564], [-0.48178431391716003, -0.7319615483283997, -0.48178431391716003, 0.09516668957471848], [0.7071067690849304, 8.659560603426554e-17, -0.7071067690849304, -0.16080436885356902], [0.0, 0.0, 0.0, 1.0]], [[0.974571168422699, -0.2240782380104065, -1.1935055539304655e-16, -0.19011083734035494], [-0.2240782380104065, -0.974571168422699, 2.744167049933239e-17, 0.04266636478900909], [-1.2246468525851679e-16, 0.0, -1.0, 0.0106758613586426], [0.0, 0.0, 0.0, 1.0]], [[0.5175749659538269, -0.6813459396362305, 0.5175749659538269, -0.10006641376018525], [-0.48178431391716003, -0.7319615483283997, -0.48178431391716003, 0.09499311035871506], [0.7071067690849304, 8.659560603426554e-17, -0.7071067690849304, -0.1696580332517624], [0.0, 0.0, 0.0, 1.0]], [[-0.5993219614028931, -0.530684769153595, 0.5993219614028931, 0.10878515839576722], [-0.37525078654289246, 0.8475692868232727, 0.37525078654289246, 0.06972019118070603], [-0.7071067690849304, 0.0, -0.7071067690849304, 0.18219506251811982], [0.0, 0.0, 0.0, 1.0]], [[-0.9560422897338867, -0.29322877526283264, -3.5910170248360426e-17, 0.18352554321289063], [-0.29322877526283264, 0.9560422897338867, 1.1708142030180128e-16, 0.056049236357212075], [0.0, 1.2246468525851679e-16, -1.0, -0.016557973861694338], [0.0, 0.0, 0.0, 1.0]], [[-0.7319615483283997, -0.6813459396362305, -1.7308025075244077e-16, 0.13958805572986605], [0.6813459396362305, -0.7319615483283997, -6.198620195231472e-18, -0.1295832986831665], [-1.2246468525851679e-16, -1.2246468525851679e-16, 1.0, 0.03073383140563967], [0.0, 0.0, 0.0, 1.0]], [[2.122840325155832e-16, 0.29322877526283264, 0.9560422897338867, 0.005414638519287073], [6.510986755588647e-17, -0.9560422897338867, 0.29322877526283264, 0.0004624508917331585], [1.0, 0.0, -2.220446049250313e-16, -0.22434725952148438], [0.0, 0.0, 0.0, 1.0]], [[-0.974571168422699, 0.2240782380104065, 2.744167049933239e-17, 0.1860773538351059], [0.2240782380104065, 0.974571168422699, 1.1935055539304655e-16, -0.04227379381656647], [0.0, 1.2246468525851679e-16, -1.0, 0.04043275833129883], [0.0, 0.0, 0.0, 1.0]], [[-7.947239478318557e-18, -0.9993593096733093, -0.03579118475317955, -0.0006306867003440844], [2.21902343094562e-16, -0.03579118475317955, 0.9993593096733093, 0.003888299703597985], [-1.0, 0.0, 2.220446049250313e-16, 0.19233708000183106], [0.0, 0.0, 0.0, 1.0]], [[-0.974571168422699, 0.2240782380104065, 2.744167049933239e-17, 0.17990437352657318], [0.2240782380104065, 0.974571168422699, 1.1935055539304655e-16, -0.04249485838413239], [0.0, 1.2246468525851679e-16, -1.0, 0.02479325866699219], [0.0, 0.0, 0.0, 1.0]], [[0.5993219614028931, -0.530684769153595, -0.5993219614028931, -0.11426758408546449], [0.37525078654289246, 0.8475692868232727, -0.37525078654289246, -0.07143671101331711], [0.7071067690849304, 0.0, 0.7071067690849304, -0.15727579295635224], [0.0, 0.0, 0.0, 1.0]], [[-0.5993219614028931, -0.530684769153595, 0.5993219614028931, 0.11476639676094057], [-0.37525078654289246, 0.8475692868232727, 0.37525078654289246, 0.07155476301908494], [-0.7071067690849304, 0.0, -0.7071067690849304, 0.17881189143657686], [0.0, 0.0, 0.0, 1.0]], [[-1.8819818743926413e-16, 0.530684769153595, 0.8475692868232727, -0.0018897756338119185], [-1.1783568990644144e-16, -0.8475692868232727, 0.530684769153595, -0.0005971081256866254], [1.0, -2.7192622655495665e-32, 2.220446049250313e-16, -0.23337236785888674], [0.0, 0.0, 0.0, 1.0]], [[-0.22407418489456177, -0.9745720624923706, -1.1935066127216496e-16, 0.04277387821674347], [-0.9745720624923706, 0.22407418489456177, 2.7441174190964858e-17, 0.18514815020561218], [0.0, 1.2246467202362698e-16, -0.9999999403953552, 0.0077992711067199705], [0.0, 0.0, 0.0, 1.0]], [[-0.6760239601135254, -0.29322877526283264, -0.6760239601135254, 0.13027666664123536], [-0.20734405517578125, 0.9560422897338867, -0.20734405517578125, 0.039729512214660645], [0.7071067690849304, 8.659560603426554e-17, -0.7071067690849304, -0.15924009883403778], [0.0, 0.0, 0.0, 1.0]], [[0.9560422897338867, 0.29322877526283264, -1.1708142030180128e-16, -0.1782129364013672], [0.29322877526283264, -0.9560422897338867, -3.5910170248360426e-17, -0.0553219137787819], [-1.2246468525851679e-16, 0.0, -1.0, -0.043966445922851545], [0.0, 0.0, 0.0, 1.0]], [[0.22407418489456177, -0.9745720624923706, -9.19094870812001e-17, -0.04211020529270173], [0.9745720624923706, 0.22407418489456177, 1.4679184208057471e-16, -0.18879563784599304], [-1.2246467202362698e-16, -1.2246467202362698e-16, 0.9999999403953552, -0.035974861145019514], [0.0, 0.0, 0.0, 1.0]], [[0.4817847013473511, 0.7319610714912415, 0.4817847013473511, -0.09138320231437683], [0.5175746083259583, -0.6813464760780334, 0.5175746083259583, -0.09844247353076935], [0.7071067094802856, 0.0, -0.7071067094802856, -0.1696792633533478], [0.0, 0.0, 0.0, 1.0]], [[0.6760239601135254, 0.29322877526283264, 0.6760239601135254, -0.12661243820190432], [0.20734405517578125, -0.9560422897338867, 0.20734405517578125, -0.03906122899055481], [0.7071067690849304, 0.0, -0.7071067690849304, -0.15924009883403778], [0.0, 0.0, 0.0, 1.0]], [[-0.9560422897338867, -0.29322877526283264, -3.5910170248360426e-17, 0.18508313369750978], [-0.29322877526283264, 0.9560422897338867, 1.1708142030180128e-16, 0.05610502058267594], [0.0, 1.2246468525851679e-16, -1.0, -0.043966445922851566], [0.0, 0.0, 0.0, 1.0]], [[0.9560422897338867, 0.29322877526283264, -1.1708142030180128e-16, -0.1778781318664551], [0.29322877526283264, -0.9560422897338867, -3.5910170248360426e-17, -0.05530992370843888], [-1.2246468525851679e-16, 0.0, -1.0, 0.02022632408142092], [0.0, 0.0, 0.0, 1.0]], [[0.03579118475317955, 0.9993593096733093, 1.2676938610580194e-16, -0.006149545870721341], [-0.9993593096733093, 0.03579118475317955, -1.1800307155775277e-16, 0.18958833873271944], [-1.2246468525851679e-16, -1.2246468525851679e-16, 1.0, 0.04586599349975588], [0.0, 0.0, 0.0, 1.0]], [[-0.6760239601135254, 0.29322877526283264, 0.6760239601135254, 0.13027666664123536], [-0.20734405517578125, -0.9560422897338867, 0.20734405517578125, 0.039729512214660645], [0.7071067690849304, 0.0, 0.7071067690849304, -0.15924009883403778], [0.0, 0.0, 0.0, 1.0]], [[-0.4817847013473511, 0.7319610714912415, 0.4817847013473511, 0.09169498419761658], [-0.5175746083259583, -0.6813464760780334, 0.5175746083259583, 0.09823587810993195], [0.7071067094802856, 0.0, 0.7071067094802856, -0.1696792633533478], [0.0, 0.0, 0.0, 1.0]], [[0.5306757092475891, 0.8475749492645264, 1.6878703778950275e-16, -0.10058216392993928], [-0.8475749492645264, 0.5306757092475891, -3.880896514804841e-17, 0.1620684027671814], [-1.2246467202362698e-16, -1.2246467202362698e-16, 0.9999999403953552, 0.020111204147338888], [0.0, 0.0, 0.0, 1.0]], [[-2.122840325155832e-16, 0.29322877526283264, -0.9560422897338867, 0.002236349582672155], [-6.510986755588647e-17, -0.9560422897338867, -0.29322877526283264, 0.00034861901402474555], [-1.0, 0.0, 2.220446049250313e-16, 0.21925004959106448], [0.0, 0.0, 0.0, 1.0]], [[0.4817847013473511, -0.7319610714912415, -0.4817847013473511, -0.09144408679008484], [0.5175746083259583, 0.6813464760780334, -0.5175746083259583, -0.09823924839496613], [0.7071067094802856, -8.659559941682064e-17, 0.7071067094802856, -0.16163132786750795], [0.0, 0.0, 0.0, 1.0]], [[-0.6813464760780334, -0.7319610714912415, -8.963937922555447e-17, 0.1295508371591568], [-0.7319610714912415, 0.6813464760780334, 8.34408847617761e-17, 0.13917253029346469], [0.0, 1.2246467202362698e-16, -0.9999999403953552, -0.027281053543090822], [0.0, 0.0, 0.0, 1.0]], [[-0.6813464760780334, 0.7319610714912415, 0.0, 0.1325452324151993], [-0.7319610714912415, -0.6813464760780334, 0.0, 0.14104738247394563], [0.0, 0.0, 0.9999999403953552, -0.0026077048778533935], [0.0, 0.0, 0.0, 1.0]], [[0.6813464760780334, 0.7319610714912415, -8.34408847617761e-17, -0.12615496695041659], [0.7319610714912415, -0.6813464760780334, -8.963937922555447e-17, -0.13696542179584503], [-1.2246467202362698e-16, 0.0, -0.9999999403953552, 0.00962577247619631], [0.0, 0.0, 0.0, 1.0]], [[0.03579118475317955, -0.9993593096733093, -4.38315603325367e-18, -0.007065059982240201], [-0.9993593096733093, -0.03579118475317955, 1.2238622883177736e-16, 0.1925733679533005], [-1.2246468525851679e-16, 0.0, -1.0, -0.015496641159057597], [0.0, 0.0, 0.0, 1.0]], [[-4.9754463858811386e-17, 0.9745720624923706, -0.22407418489456177, 0.0014073082208633507], [-2.1639846858709135e-16, -0.22407418489456177, -0.9745720624923706, 0.0022553553581238163], [-0.9999999403953552, 0.0, 2.220445916901415e-16, 0.2274627584218979], [0.0, 0.0, 0.0, 1.0]], [[1.5128930909780923e-16, -0.7319610714912415, -0.6813464760780334, -0.00023894529044630715], [1.625280069397753e-16, 0.6813464760780334, -0.7319610714912415, -0.0008474702835083285], [0.9999999403953552, -2.719261971675979e-32, 2.220445916901415e-16, -0.19485197389125825], [0.0, 0.0, 0.0, 1.0]], [[-0.6891258955001831, 0.2240782380104065, 0.6891258955001831, 0.12560894656181337], [0.1584472358226776, 0.974571168422699, -0.1584472358226776, -0.030027145087718966], [-0.7071067690849304, 8.659560603426554e-17, -0.7071067690849304, 0.1789230593442917], [0.0, 0.0, 0.0, 1.0]], [[0.5306757092475891, -0.8475749492645264, -6.498903301200472e-17, -0.09862120831012726], [-0.8475749492645264, -0.5306757092475891, 1.0379799816005313e-16, 0.1556745924949646], [-1.2246467202362698e-16, 0.0, -0.9999999403953552, -0.021456207275390604], [0.0, 0.0, 0.0, 1.0]], [[0.3752443790435791, 0.8475749492645264, -0.3752443790435791, -0.07089309549331665], [-0.599325954914093, 0.5306757092475891, 0.599325954914093, 0.11438882648944855], [0.7071067094802856, -8.659559941682064e-17, 0.7071067094802856, -0.17137570500373842], [0.0, 0.0, 0.0, 1.0]], [[-0.22407418489456177, 0.9745720624923706, 0.0, 0.043037984967231754], [-0.9745720624923706, -0.22407418489456177, 0.0, 0.1815417468547821], [0.0, 0.0, 0.9999999403953552, -0.035974861145019535], [0.0, 0.0, 0.0, 1.0]], [[-1.178336782031917e-16, -0.8475749492645264, -0.5306757092475891, 0.00096982079744341], [1.8819944475379521e-16, -0.5306757092475891, 0.8475749492645264, -0.0013301358222961746], [-0.9999999403953552, 0.0, 2.220445916901415e-16, 0.19997516572475435], [0.0, 0.0, 0.0, 1.0]], [[-0.5306757092475891, 0.8475749492645264, 1.0379799816005313e-16, 0.10223000061511994], [0.8475749492645264, 0.5306757092475891, 6.498903301200472e-17, -0.16377725172042848], [0.0, 1.2246467202362698e-16, -0.9999999403953552, 0.000298366516828537], [0.0, 0.0, 0.0, 1.0]], [[-0.9560422897338867, -0.29322877526283264, -3.5910170248360426e-17, 0.18739731788635255], [-0.29322877526283264, 0.9560422897338867, 1.1708142030180128e-16, 0.056187905848026284], [0.0, 1.2246468525851679e-16, -1.0, 0.007876004219055176], [0.0, 0.0, 0.0, 1.0]], [[-0.22407418489456177, -0.9745720624923706, -1.1935066127216496e-16, 0.04245711815357209], [-0.9745720624923706, 0.22407418489456177, 2.7441174190964858e-17, 0.18455112528800965], [0.0, 1.2246467202362698e-16, -0.9999999403953552, 0.01790398406982422], [0.0, 0.0, 0.0, 1.0]], [[-0.22407418489456177, -0.9745720624923706, -1.1935066127216496e-16, 0.04432033789157868], [-0.9745720624923706, 0.22407418489456177, 2.7441174190964858e-17, 0.18806284594535827], [0.0, 1.2246467202362698e-16, -0.9999999403953552, -0.041375442504882814], [0.0, 0.0, 0.0, 1.0]], [[-0.6813464760780334, -0.7319610714912415, -8.963937922555447e-17, 0.1296117216348648], [-0.7319610714912415, 0.6813464760780334, 8.34408847617761e-17, 0.13896930611133576], [0.0, 1.2246467202362698e-16, -0.9999999403953552, -0.035328987121582035], [0.0, 0.0, 0.0, 1.0]], [[0.1584443747997284, -0.9745720624923706, 0.1584443747997284, -0.028697122991085056], [0.6891264915466309, 0.22407418489456177, 0.6891264915466309, -0.12867867851257325], [-0.7071067094802856, -8.659559941682064e-17, 0.7071067094802856, 0.17181304478645326], [0.0, 0.0, 0.0, 1.0]], [[-1.6252811281889371e-16, -0.6813459396362305, 0.7319615483283997, -0.0017271707057952607], [1.5128918998380102e-16, -0.7319615483283997, -0.6813459396362305, 0.0034540908336639147], [1.0, -2.7192622655495665e-32, 2.220446049250313e-16, -0.22530774688720706], [0.0, 0.0, 0.0, 1.0]], [[-0.6760239601135254, 0.29322877526283264, -0.6760239601135254, 0.13221445560455325], [-0.20734405517578125, -0.9560422897338867, -0.20734405517578125, 0.03979891443252564], [-0.7071067690849304, 0.0, 0.7071067690849304, 0.15457660853862765], [0.0, 0.0, 0.0, 1.0]], [[0.22407418489456177, -0.9745720624923706, -9.19094870812001e-17, -0.04224827015399933], [0.9745720624923706, 0.22407418489456177, 1.4679184208057471e-16, -0.18494056391716004], [-1.2246467202362698e-16, -1.2246467202362698e-16, 0.9999999403953552, 0.027738155364990257], [0.0, 0.0, 0.0, 1.0]], [[-0.6891258955001831, 0.2240782380104065, 0.6891258955001831, 0.12675754714012147], [0.1584472358226776, 0.974571168422699, -0.1584472358226776, -0.02998603743314743], [-0.7071067690849304, 8.659560603426554e-17, -0.7071067690849304, 0.16642418849468232], [0.0, 0.0, 0.0, 1.0]], [[-0.5175749659538269, 0.6813459396362305, 0.5175749659538269, 0.09812164771556856], [0.48178431391716003, 0.7319615483283997, -0.48178431391716003, -0.09049594372510911], [-0.7071067690849304, 0.0, -0.7071067690849304, 0.1780254229307175], [0.0, 0.0, 0.0, 1.0]], [[-0.5306757092475891, 0.8475749492645264, 1.0379799816005313e-16, 0.10179820549488068], [0.8475749492645264, 0.5306757092475891, 6.498903301200472e-17, -0.16236937665939333], [0.0, 1.2246467202362698e-16, -0.9999999403953552, 0.009975176811218261], [0.0, 0.0, 0.0, 1.0]], [[-0.3752443790435791, 0.8475749492645264, -0.3752443790435791, 0.07343993520736694], [0.599325954914093, 0.5306757092475891, 0.599325954914093, -0.11902896130084992], [0.7071067094802856, 8.659559941682064e-17, -0.7071067094802856, -0.14699012684822083], [0.0, 0.0, 0.0, 1.0]], [[-0.1584443747997284, -0.9745720624923706, 0.1584443747997284, 0.030430256068706515], [-0.6891264915466309, 0.22407418489456177, 0.6891264915466309, 0.1311621608734131], [-0.7071067094802856, 8.659559941682064e-17, -0.7071067094802856, 0.16208843159675598], [0.0, 0.0, 0.0, 1.0]], [[-0.1584443747997284, -0.9745720624923706, -0.1584443747997284, 0.03180486649274827], [-0.6891264915466309, 0.22407418489456177, -0.6891264915466309, 0.13374186420440676], [0.7071067094802856, 8.659559941682064e-17, -0.7071067094802856, -0.16219035649299623], [0.0, 0.0, 0.0, 1.0]], [[-1.6252811281889371e-16, -0.6813459396362305, 0.7319615483283997, 0.0008470592498779574], [1.5128918998380102e-16, -0.7319615483283997, -0.6813459396362305, -0.0006573407649994153], [1.0, -2.7192622655495665e-32, 2.220446049250313e-16, -0.23288823318481447], [0.0, 0.0, 0.0, 1.0]], [[-0.5175749659538269, 0.6813459396362305, -0.5175749659538269, 0.09918630301952364], [0.48178431391716003, 0.7319615483283997, 0.48178431391716003, -0.09219636029005052], [0.7071067690849304, 0.0, -0.7071067690849304, -0.1772385195493698], [0.0, 0.0, 0.0, 1.0]], [[-4.9754463858811386e-17, 0.9745720624923706, -0.22407418489456177, 0.002883919239044198], [-2.1639846858709135e-16, -0.22407418489456177, -0.9745720624923706, 0.005038407325744666], [-0.9999999403953552, 0.0, 2.220445916901415e-16, 0.23502052056789402], [0.0, 0.0, 0.0, 1.0]], [[-4.9754463858811386e-17, 0.9745720624923706, -0.22407418489456177, 0.00011807743459940803], [-2.1639846858709135e-16, -0.22407418489456177, -0.9745720624923706, -0.00017453561723228592], [-0.9999999403953552, 0.0, 2.220445916901415e-16, 0.21537793862819674], [0.0, 0.0, 0.0, 1.0]], [[-0.6760239601135254, -0.29322877526283264, 0.6760239601135254, 0.1306809024810791], [-0.20734405517578125, 0.9560422897338867, 0.20734405517578125, 0.03974398946762085], [-0.7071067690849304, 8.659560603426554e-17, -0.7071067690849304, 0.16360033595561982], [0.0, 0.0, 0.0, 1.0]], [[0.9560422897338867, -0.29322877526283264, 8.117124674471841e-17, -0.17941168594360352], [0.29322877526283264, 0.9560422897338867, 1.5299159385888416e-16, -0.05536484819650651], [-1.2246468525851679e-16, -1.2246468525851679e-16, 1.0, 0.029250049591064475], [0.0, 0.0, 0.0, 1.0]], [[0.5175749659538269, -0.6813459396362305, 0.5175749659538269, -0.10106540286540985], [-0.48178431391716003, -0.7319615483283997, -0.48178431391716003, 0.0965886761546135], [0.7071067690849304, 8.659560603426554e-17, -0.7071067690849304, -0.15345696437358858], [0.0, 0.0, 0.0, 1.0]], [[0.974571168422699, 0.2240782380104065, 1.4679222589237894e-16, -0.18370371186733248], [-0.2240782380104065, 0.974571168422699, 9.190888489371416e-17, 0.04289584743976593], [-1.2246468525851679e-16, -1.2246468525851679e-16, 1.0, 0.00463946294784548], [0.0, 0.0, 0.0, 1.0]], [[2.122840325155832e-16, -0.29322877526283264, -0.9560422897338867, 0.005414638519287073], [6.510986755588647e-17, 0.9560422897338867, -0.29322877526283264, 0.0004624508917331585], [1.0, -2.7192622655495665e-32, 2.220446049250313e-16, -0.22434725952148438], [0.0, 0.0, 0.0, 1.0]], [[0.1584443747997284, -0.9745720624923706, -0.1584443747997284, -0.029640541255474093], [0.6891264915466309, 0.22407418489456177, -0.6891264915466309, -0.13456097888946533], [0.7071067094802856, -8.659559941682064e-17, 0.7071067094802856, -0.17032513737678528], [0.0, 0.0, 0.0, 1.0]], [[-0.7319615483283997, 0.6813459396362305, 8.963943878255857e-17, 0.13930096924304963], [0.6813459396362305, 0.7319615483283997, -8.34408185873271e-17, -0.12912477684020998], [-1.2246468525851679e-16, 0.0, -1.0, 0.006618118286132834], [0.0, 0.0, 0.0, 1.0]], [[-2.122840325155832e-16, -0.29322877526283264, 0.9560422897338867, 0.002356796503067053], [-6.510986755588647e-17, 0.9560422897338867, 0.29322877526283264, 0.0003529312908649555], [-1.0, 2.7192622655495665e-32, -2.220446049250313e-16, 0.23597339630126954], [0.0, 0.0, 0.0, 1.0]], [[0.5993219614028931, 0.530684769153595, 0.5993219614028931, -0.11576094841957094], [0.37525078654289246, -0.8475692868232727, 0.37525078654289246, -0.07189475792646409], [0.7071067690849304, 8.659560603426554e-17, -0.7071067690849304, -0.17772265422344208], [0.0, 0.0, 0.0, 1.0]], [[0.974571168422699, -0.2240782380104065, -1.1935055539304655e-16, -0.1842596906423569], [-0.2240782380104065, -0.974571168422699, 2.744167049933239e-17, 0.042875936627388006], [-1.2246468525851679e-16, 0.0, -1.0, 0.04043275833129885], [0.0, 0.0, 0.0, 1.0]], [[-1.6252811281889371e-16, -0.6813459396362305, 0.7319615483283997, -0.0027261593341827116], [1.5128918998380102e-16, -0.7319615483283997, -0.6813459396362305, 0.005049656391143773], [1.0, -2.7192622655495665e-32, 2.220446049250313e-16, -0.2091066780090332], [0.0, 0.0, 0.0, 1.0]], [[1.5128930909780923e-16, 0.7319610714912415, 0.6813464760780334, 0.001979153394699071], [1.625280069397753e-16, -0.6813464760780334, 0.7319610714912415, 0.0012796344757079804], [0.9999999403953552, 0.0, -2.220445916901415e-16, -0.2312636731863022], [0.0, 0.0, 0.0, 1.0]], [[1.8819818743926413e-16, 0.530684769153595, -0.8475692868232727, 0.0008952243328094163], [1.1783568990644144e-16, -0.8475692868232727, -0.530684769153595, 0.00025711372494695566], [-1.0, 2.7192622655495665e-32, -2.220446049250313e-16, 0.23446160888671877], [0.0, 0.0, 0.0, 1.0]], [[-0.5306757092475891, -0.8475749492645264, 0.0, 0.10123172104358674], [0.8475749492645264, -0.5306757092475891, 0.0, -0.16052234601974488], [0.0, 0.0, 0.9999999403953552, -0.03702542877197266], [0.0, 0.0, 0.0, 1.0]], [[-0.6760239601135254, -0.29322877526283264, 0.6760239601135254, 0.1308013486862183], [-0.20734405517578125, 0.9560422897338867, 0.20734405517578125, 0.03974830198287964], [-0.7071067690849304, 8.659560603426554e-17, -0.7071067690849304, 0.18032368266582488], [0.0, 0.0, 0.0, 1.0]], [[-0.7319615483283997, 0.6813459396362305, 8.963943878255857e-17, 0.13958805572986605], [0.6813459396362305, 0.7319615483283997, -8.34408185873271e-17, -0.1295832986831665], [-1.2246468525851679e-16, 0.0, -1.0, 0.03073383140563967], [0.0, 0.0, 0.0, 1.0]], [[0.03579118475317955, -0.9993593096733093, -4.38315603325367e-18, -0.0068686425909399995], [-0.9993593096733093, -0.03579118475317955, 1.2238622883177736e-16, 0.19193295085430145], [-1.2246468525851679e-16, 0.0, -1.0, 0.030555999755859396], [0.0, 0.0, 0.0, 1.0]], [[0.03579118475317955, 0.9993593096733093, 1.2676938610580194e-16, -0.007065059982240201], [-0.9993593096733093, 0.03579118475317955, -1.1800307155775277e-16, 0.1925733679533005], [-1.2246468525851679e-16, -1.2246468525851679e-16, 1.0, -0.015496641159057597], [0.0, 0.0, 0.0, 1.0]], [[-0.1584443747997284, 0.9745720624923706, 0.1584443747997284, 0.031850673854351044], [-0.6891264915466309, -0.22407418489456177, 0.6891264915466309, 0.13382818698883056], [0.7071067094802856, 0.0, 0.7071067094802856, -0.1757257149219513], [0.0, 0.0, 0.0, 1.0]], [[-1.8819818743926413e-16, 0.530684769153595, 0.8475692868232727, -0.00039641135931011817], [-1.1783568990644144e-16, -0.8475692868232727, 0.530684769153595, -0.000139061763882617], [1.0, -2.7192622655495665e-32, 2.220446049250313e-16, -0.21292551040649416], [0.0, 0.0, 0.0, 1.0]], [[-0.974571168422699, -0.2240782380104065, 0.0, 0.17984354913234712], [0.2240782380104065, -0.974571168422699, 0.0, -0.04249703562259674], [0.0, 0.0, 1.0, 0.04457277297973633], [0.0, 0.0, 0.0, 1.0]], [[0.03579118475317955, -0.9993593096733093, -4.38315603325367e-18, -0.006149545870721341], [-0.9993593096733093, -0.03579118475317955, 1.2238622883177736e-16, 0.18958833873271944], [-1.2246468525851679e-16, 0.0, -1.0, 0.04586599349975588], [0.0, 0.0, 0.0, 1.0]], [[-0.6891258955001831, -0.2240782380104065, 0.6891258955001831, 0.12900886034965517], [0.1584472358226776, -0.974571168422699, -0.1584472358226776, -0.02990541118383408], [0.7071067690849304, 0.0, 0.7071067690849304, -0.16954281795024873], [0.0, 0.0, 0.0, 1.0]], [[0.22407418489456177, 0.9745720624923706, -2.7441174190964858e-17, -0.03969017589092255], [0.9745720624923706, -0.22407418489456177, -1.1935066127216496e-16, -0.18013028502464296], [-1.2246467202362698e-16, 0.0, -0.9999999403953552, 0.04502053451538088], [0.0, 0.0, 0.0, 1.0]], [[-0.5306757092475891, 0.8475749492645264, 1.0379799816005313e-16, 0.10107460606098176], [0.8475749492645264, 0.5306757092475891, 6.498903301200472e-17, -0.16001007795333863], [0.0, 1.2246467202362698e-16, -0.9999999403953552, 0.020111204147338867], [0.0, 0.0, 0.0, 1.0]], [[0.974571168422699, 0.2240782380104065, 1.4679222589237894e-16, -0.19011083734035494], [-0.2240782380104065, 0.974571168422699, 9.190888489371416e-17, 0.04266636478900909], [-1.2246468525851679e-16, -1.2246468525851679e-16, 1.0, 0.0106758613586426], [0.0, 0.0, 0.0, 1.0]], [[-2.1639827006374434e-16, -0.2240782380104065, -0.974571168422699, 0.0014648104906082521], [4.9755363831317843e-17, -0.974571168422699, 0.2240782380104065, 0.00032098212838172066], [-1.0, 0.0, 2.220446049250313e-16, 0.19463946342468263], [0.0, 0.0, 0.0, 1.0]], [[0.6760239601135254, -0.29322877526283264, 0.6760239601135254, -0.12620820236206057], [0.20734405517578125, 0.9560422897338867, 0.20734405517578125, -0.039046751499176025], [-0.7071067690849304, -8.659560603426554e-17, 0.7071067690849304, 0.16360033595561982], [0.0, 0.0, 0.0, 1.0]], [[0.8475692868232727, 0.530684769153595, 6.499014474274799e-17, -0.1614345761537552], [0.530684769153595, -0.8475692868232727, -1.0379730332833858e-16, -0.10096916782855989], [0.0, 1.2246468525851679e-16, -1.0, -0.022925508499145507], [0.0, 0.0, 0.0, 1.0]], [[0.22407418489456177, 0.9745720624923706, -2.7441174190964858e-17, -0.04227477276325226], [0.9745720624923706, -0.22407418489456177, -1.1935066127216496e-16, -0.18420055270195007], [-1.2246467202362698e-16, 0.0, -0.9999999403953552, 0.04019153213500979], [0.0, 0.0, 0.0, 1.0]], [[-0.974571168422699, 0.2240782380104065, 2.744167049933239e-17, 0.18570736825466158], [0.2240782380104065, 0.974571168422699, 1.1935055539304655e-16, -0.04228704559803009], [0.0, 1.2246468525851679e-16, -1.0, -0.024889812469482422], [0.0, 0.0, 0.0, 1.0]], [[-0.1584443747997284, -0.9745720624923706, 0.1584443747997284, 0.03151173943281174], [-0.6891264915466309, 0.22407418489456177, 0.6891264915466309, 0.13318938922882081], [-0.7071067094802856, 8.659559941682064e-17, -0.7071067094802856, 0.17181304478645326], [0.0, 0.0, 0.0, 1.0]], [[0.03579118475317955, 0.9993593096733093, 1.2676938610580194e-16, -0.0067521543130278595], [-0.9993593096733093, 0.03579118475317955, -1.1800307155775277e-16, 0.1915531576871872], [-1.2246468525851679e-16, -1.2246468525851679e-16, 1.0, 0.038773948669433615], [0.0, 0.0, 0.0, 1.0]], [[-0.6760239601135254, 0.29322877526283264, -0.6760239601135254, 0.1306809024810791], [-0.20734405517578125, -0.9560422897338867, -0.20734405517578125, 0.03974398946762085], [-0.7071067690849304, 0.0, 0.7071067690849304, 0.16360033595561982], [0.0, 0.0, 0.0, 1.0]], [[-0.9560422897338867, 0.29322877526283264, 0.0, 0.1870626735687256], [-0.29322877526283264, -0.9560422897338867, 0.0, 0.05617591816186906], [0.0, 0.0, 1.0, -0.034347259521484375], [0.0, 0.0, 0.0, 1.0]], [[-0.5306757092475891, -0.8475749492645264, 0.0, 0.10297188770771028], [0.8475749492645264, -0.5306757092475891, 0.0, -0.16619627141952514], [0.0, 0.0, 0.9999999403953552, -0.012639851570129396], [0.0, 0.0, 0.0, 1.0]], [[-0.3752443790435791, -0.8475749492645264, 0.3752443790435791, 0.0716997685432434], [0.599325954914093, -0.5306757092475891, -0.599325954914093, -0.11335503590106964], [0.7071067094802856, 0.0, 0.7071067094802856, -0.17137570500373842], [0.0, 0.0, 0.0, 1.0]], [[0.974571168422699, 0.2240782380104065, 1.4679222589237894e-16, -0.18462967622280121], [-0.2240782380104065, 0.974571168422699, 9.190888489371416e-17, 0.04286268484592438], [-1.2246468525851679e-16, -1.2246468525851679e-16, 1.0, -0.0248898124694824], [0.0, 0.0, 0.0, 1.0]], [[-0.025308189913630486, -0.9993593096733093, -0.025308189913630486, 0.005459335368126631], [0.7066537141799927, -0.03579118475317955, 0.7066537141799927, -0.13455413556098939], [-0.7071067690849304, 0.0, 0.7071067690849304, 0.1802162798643112], [0.0, 0.0, 0.0, 1.0]], [[-4.9754463858811386e-17, -0.9745720624923706, 0.22407418489456177, 0.002883919239044198], [-2.1639846858709135e-16, 0.22407418489456177, 0.9745720624923706, 0.005038407325744666], [-0.9999999403953552, 2.719261971675979e-32, -2.220445916901415e-16, 0.23502052056789402], [0.0, 0.0, 0.0, 1.0]], [[0.8475692868232727, -0.530684769153595, 0.0, -0.15955048668384553], [0.530684769153595, 0.8475692868232727, 0.0, -0.10039127933979036], [0.0, 0.0, 1.0, 0.0036641564369201663], [0.0, 0.0, 0.0, 1.0]], [[-1.6252811281889371e-16, 0.6813459396362305, -0.7319615483283997, -0.0018358472585677825], [1.5128918998380102e-16, 0.7319615483283997, 0.6813459396362305, 0.003627670288085912], [1.0, 0.0, -2.220446049250313e-16, -0.21645408248901368], [0.0, 0.0, 0.0, 1.0]], [[-1.5128930909780923e-16, -0.7319610714912415, 0.6813464760780334, -0.002495634794235204], [-1.625280069397753e-16, 0.6813464760780334, 0.7319610714912415, -0.005100875377655001], [-0.9999999403953552, 2.719261971675979e-32, -2.220445916901415e-16, 0.2136188977956772], [0.0, 0.0, 0.0, 1.0]], [[1.5128930909780923e-16, 0.7319610714912415, 0.6813464760780334, 0.004886966228485081], [1.625280069397753e-16, -0.6813464760780334, 0.7319610714912415, 0.0031002700328826628], [0.9999999403953552, 0.0, -2.220445916901415e-16, -0.22464616143703464], [0.0, 0.0, 0.0, 1.0]], [[0.9560422897338867, 0.29322877526283264, -1.1708142030180128e-16, -0.17981592178344727], [0.29322877526283264, -0.9560422897338867, -3.5910170248360426e-17, -0.055379325926303874], [-1.2246468525851679e-16, 0.0, -1.0, -0.0248898124694824], [0.0, 0.0, 0.0, 1.0]], [[-0.6891258955001831, -0.2240782380104065, 0.6891258955001831, 0.12897425150871278], [0.1584472358226776, -0.974571168422699, -0.1584472358226776, -0.029906650722026827], [0.7071067690849304, 0.0, 0.7071067690849304, -0.17740679728984834], [0.0, 0.0, 0.0, 1.0]], [[0.5993219614028931, 0.530684769153595, 0.5993219614028931, -0.11904878830909729], [0.37525078654289246, -0.8475692868232727, 0.37525078654289246, -0.07290319794416429], [0.7071067690849304, 8.659560603426554e-17, -0.7071067690849304, -0.1523777025938034], [0.0, 0.0, 0.0, 1.0]], [[-2.122840325155832e-16, -0.29322877526283264, 0.9560422897338867, 0.0037699034214020138], [-6.510986755588647e-17, 0.9560422897338867, 0.29322877526283264, 0.0004035438299179188], [-1.0, 2.7192622655495665e-32, -2.220446049250313e-16, 0.21022632598876956], [0.0, 0.0, 0.0, 1.0]], [[-0.974571168422699, 0.2240782380104065, 2.744167049933239e-17, 0.18663333261013032], [0.2240782380104065, 0.974571168422699, 1.1935055539304655e-16, -0.04225388300418854], [0.0, 1.2246468525851679e-16, -1.0, 0.004639462947845459], [0.0, 0.0, 0.0, 1.0]], [[0.7319615483283997, 0.6813459396362305, 0.0, -0.14179885399341585], [-0.6813459396362305, 0.7319615483283997, 0.0, 0.13450538444519045], [0.0, 0.0, 1.0, -0.019106678009033203], [0.0, 0.0, 0.0, 1.0]], [[-0.7319615483283997, 0.6813459396362305, 8.963943878255857e-17, 0.1399197531938553], [0.6813459396362305, 0.7319615483283997, -8.34408185873271e-17, -0.13011306953430177], [-1.2246468525851679e-16, 0.0, -1.0, -0.04288823318481443], [0.0, 0.0, 0.0, 1.0]], [[0.974571168422699, 0.2240782380104065, 1.4679222589237894e-16, -0.18709358155727387], [-0.2240782380104065, 0.974571168422699, 9.190888489371416e-17, 0.042774428963661196], [-1.2246468525851679e-16, -1.2246468525851679e-16, 1.0, -0.03519253158569334], [0.0, 0.0, 0.0, 1.0]], [[0.5306757092475891, 0.8475749492645264, 1.6878703778950275e-16, -0.0994267693758011], [-0.8475749492645264, 0.5306757092475891, -3.880896514804841e-17, 0.15830122900009155], [-1.2246467202362698e-16, -1.2246467202362698e-16, 0.9999999403953552, 0.0002983665168285578], [0.0, 0.0, 0.0, 1.0]], [[0.025308189913630486, -0.9993593096733093, -0.025308189913630486, -0.004760385315865278], [-0.7066537141799927, -0.03579118475317955, 0.7066537141799927, 0.13593909478187563], [-0.7071067690849304, 0.0, -0.7071067690849304, 0.17312423503398897], [0.0, 0.0, 0.0, 1.0]], [[-0.8475692868232727, -0.530684769153595, 1.0379730332833858e-16, 0.15903285706043244], [-0.530684769153595, 0.8475692868232727, 6.499014474274799e-17, 0.10019756424427034], [-1.2246468525851679e-16, 0.0, -1.0, -0.003461573123931864], [0.0, 0.0, 0.0, 1.0]], [[-0.8475692868232727, 0.530684769153595, -3.880715858559059e-17, 0.1558605490922928], [-0.530684769153595, -0.8475692868232727, -1.6878744807108658e-16, 0.09922455799579621], [-1.2246468525851679e-16, -1.2246468525851679e-16, 1.0, -0.01802741813659666], [0.0, 0.0, 0.0, 1.0]], [[0.22407418489456177, 0.9745720624923706, -2.7441174190964858e-17, -0.04224827015399933], [0.9745720624923706, -0.22407418489456177, -1.1935066127216496e-16, -0.18494056391716004], [-1.2246467202362698e-16, 0.0, -0.9999999403953552, 0.027738155364990257], [0.0, 0.0, 0.0, 1.0]], [[-0.025308189913630486, 0.9993593096733093, 0.025308189913630486, 0.004856726866215468], [0.7066537141799927, 0.03579118475317955, -0.7066537141799927, -0.13258931660652162], [-0.7071067690849304, 8.659560603426554e-17, -0.7071067690849304, 0.17312423503398897], [0.0, 0.0, 0.0, 1.0]], [[2.1639827006374434e-16, -0.2240782380104065, 0.974571168422699, -0.0019250601530075443], [-4.9755363831317843e-17, -0.974571168422699, -0.2240782380104065, 0.00019956372678280724], [1.0, 0.0, -2.220446049250313e-16, -0.22519253158569336], [0.0, 0.0, 0.0, 1.0]], [[1.178336782031917e-16, 0.8475749492645264, -0.5306757092475891, 0.0021435034275054735], [-1.8819944475379521e-16, 0.5306757092475891, 0.8475749492645264, -0.005157030582427946], [0.9999999403953552, -2.719261971675979e-32, 2.220445916901415e-16, -0.20263984048366548], [0.0, 0.0, 0.0, 1.0]], [[0.22407418489456177, 0.9745720624923706, -2.7441174190964858e-17, -0.04220651304721833], [0.9745720624923706, -0.22407418489456177, -1.1935066127216496e-16, -0.18487298274040223], [-1.2246467202362698e-16, 0.0, -0.9999999403953552, -0.004851984977722147], [0.0, 0.0, 0.0, 1.0]], [[-0.6891258955001831, -0.2240782380104065, -0.6891258955001831, 0.12675754714012147], [0.1584472358226776, -0.974571168422699, 0.1584472358226776, -0.02998603743314743], [-0.7071067690849304, 0.0, 0.7071067690849304, 0.16642418849468232], [0.0, 0.0, 0.0, 1.0]], [[1.5128930909780923e-16, -0.7319610714912415, -0.6813464760780334, 9.500645846125891e-05], [1.625280069397753e-16, 0.6813464760780334, -0.7319610714912415, 9.992711991068938e-05], [0.9999999403953552, -2.719261971675979e-32, 2.220445916901415e-16, -0.21728104150295258], [0.0, 0.0, 0.0, 1.0]], [[-0.03579118475317955, 0.9993593096733093, 1.2238622883177736e-16, 0.007605802319943906], [0.9993593096733093, 0.03579118475317955, 4.38315603325367e-18, -0.1906725996732712], [0.0, 1.2246468525851679e-16, -1.0, -0.004274720668792724], [0.0, 0.0, 0.0, 1.0]], [[0.974571168422699, -0.2240782380104065, -1.1935055539304655e-16, -0.18370371186733248], [-0.2240782380104065, -0.974571168422699, 2.7441670499332