{"co_parameters": [[[-1.5128930909780923e-16, -0.7319610714912415, 0.6813464760780334, 0.003300863981246974], [-1.625280069397753e-16, 0.6813464760780334, 0.7319610714912415, 0.0021071817874908725], [-0.9999999403953552, 2.719261971675979e-32, -2.220445916901415e-16, 0.19962576043605806], [0.0, 0.0, 0.0, 1.0]], [[0.6891258955001831, 0.2240782380104065, -0.6891258955001831, -0.13285897994041443], [-0.1584472358226776, 0.974571168422699, 0.1584472358226776, 0.030304538428783417], [0.7071067690849304, -8.659560603426554e-17, 0.7071067690849304, -0.16954281795024873], [0.0, 0.0, 0.0, 1.0]], [[-0.3752443790435791, 0.8475749492645264, -0.3752443790435791, 0.0716997685432434], [0.599325954914093, 0.5306757092475891, 0.599325954914093, -0.11335503590106964], [0.7071067094802856, 8.659559941682064e-17, -0.7071067094802856, -0.17137570500373842], [0.0, 0.0, 0.0, 1.0]], [[-4.9754463858811386e-17, 0.9745720624923706, -0.22407418489456177, 0.0014073082208633507], [-2.1639846858709135e-16, -0.22407418489456177, -0.9745720624923706, 0.0022553553581238163], [-0.9999999403953552, 0.0, 2.220445916901415e-16, 0.2274627584218979], [0.0, 0.0, 0.0, 1.0]], [[0.7319615483283997, 0.6813459396362305, 0.0, -0.14079986488819124], [-0.6813459396362305, 0.7319615483283997, 0.0, 0.132909818649292], [0.0, 0.0, 1.0, -0.03530774688720703], [0.0, 0.0, 0.0, 1.0]], [[0.1584443747997284, -0.9745720624923706, 0.1584443747997284, -0.028697122991085056], [0.6891264915466309, 0.22407418489456177, 0.6891264915466309, -0.12867867851257325], [-0.7071067094802856, -8.659559941682064e-17, 0.7071067094802856, 0.17181304478645326], [0.0, 0.0, 0.0, 1.0]], [[-0.7319615483283997, 0.6813459396362305, 8.963943878255857e-17, 0.1399197531938553], [0.6813459396362305, 0.7319615483283997, -8.34408185873271e-17, -0.13011306953430177], [-1.2246468525851679e-16, 0.0, -1.0, -0.04288823318481443], [0.0, 0.0, 0.0, 1.0]], [[0.6760239601135254, -0.29322877526283264, -0.6760239601135254, -0.12661243820190432], [0.20734405517578125, 0.9560422897338867, -0.20734405517578125, -0.03906122899055481], [0.7071067690849304, -8.659560603426554e-17, 0.7071067690849304, -0.15924009883403778], [0.0, 0.0, 0.0, 1.0]], [[-0.5993219614028931, 0.530684769153595, -0.5993219614028931, 0.1106145260334015], [-0.37525078654289246, -0.8475692868232727, -0.37525078654289246, 0.07028129595518114], [-0.7071067690849304, -8.659560603426554e-17, 0.7071067690849304, 0.17149878489971163], [0.0, 0.0, 0.0, 1.0]], [[-0.4817847013473511, -0.7319610714912415, -0.4817847013473511, 0.09061446261405945], [-0.5175746083259583, 0.6813464760780334, -0.5175746083259583, 0.09619936287403108], [0.7071067094802856, 8.659559941682064e-17, -0.7071067094802856, -0.1779650948047638], [0.0, 0.0, 0.0, 1.0]], [[0.6813464760780334, 0.7319610714912415, -8.34408847617761e-17, -0.12969477617740632], [0.7319610714912415, -0.6813464760780334, -8.963937922555447e-17, -0.13992007362842562], [-1.2246467202362698e-16, 0.0, -0.9999999403953552, -0.004851984977722147], [0.0, 0.0, 0.0, 1.0]], [[-0.03579118475317955, 0.9993593096733093, 1.2238622883177736e-16, 0.00744737245887518], [0.9993593096733093, 0.03579118475317955, 4.38315603325367e-18, -0.19015603816509247], [0.0, 1.2246468525851679e-16, -1.0, -0.025987724304199218], [0.0, 0.0, 0.0, 1.0]], [[2.122840325155832e-16, 0.29322877526283264, 0.9560422897338867, 0.0018321138620376227], [6.510986755588647e-17, -0.9560422897338867, 0.29322877526283264, 0.00033414161205290644], [1.0, 0.0, -2.220446049250313e-16, -0.21488981246948244], [0.0, 0.0, 0.0, 1.0]], [[-1.178336782031917e-16, 0.8475749492645264, 0.5306757092475891, 0.0014451147317886552], [1.8819944475379521e-16, 0.5306757092475891, -0.8475749492645264, -0.002879836320877107], [-0.9999999403953552, 2.719261971675979e-32, -2.220445916901415e-16, 0.21793756616115573], [0.0, 0.0, 0.0, 1.0]], [[-0.5306757092475891, 0.8475749492645264, 1.0379799816005313e-16, 0.10308108913898469], [0.8475749492645264, 0.5306757092475891, 6.498903301200472e-17, -0.16655230474472046], [0.0, 1.2246467202362698e-16, -0.9999999403953552, 0.01692298126220703], [0.0, 0.0, 0.0, 1.0]], [[0.8475692868232727, -0.530684769153595, 0.0, -0.16529352581501008], [0.530684769153595, 0.8475692868232727, 0.0, -0.10215278255939485], [0.0, 0.0, 1.0, 0.01333415412902832], [0.0, 0.0, 0.0, 1.0]], [[7.947239478318557e-18, -0.9993593096733093, 0.03579118475317955, 0.0006470472812652575], [-2.21902343094562e-16, -0.03579118475317955, -0.9993593096733093, -0.00027776867151256605], [1.0, 0.0, -2.220446049250313e-16, -0.21598772430419924], [0.0, 0.0, 0.0, 1.0]], [[0.9560422897338867, -0.29322877526283264, 8.117124674471841e-17, -0.1782129364013672], [0.29322877526283264, 0.9560422897338867, 1.5299159385888416e-16, -0.0553219137787819], [-1.2246468525851679e-16, -1.2246468525851679e-16, 1.0, -0.043966445922851545], [0.0, 0.0, 0.0, 1.0]], [[-1.8819818743926413e-16, 0.530684769153595, 0.8475692868232727, -0.0017426315546035446], [-1.1783568990644144e-16, -0.8475692868232727, 0.530684769153595, -0.0005519760847091474], [1.0, -2.7192622655495665e-32, 2.220446049250313e-16, -0.22075891876220705], [0.0, 0.0, 0.0, 1.0]], [[0.22407418489456177, -0.9745720624923706, -9.19094870812001e-17, -0.04245601761341095], [0.9745720624923706, 0.22407418489456177, 1.4679184208057471e-16, -0.18534322810173035], [-1.2246467202362698e-16, -1.2246467202362698e-16, 0.9999999403953552, 0.02537794876098635], [0.0, 0.0, 0.0, 1.0]], [[-0.3752443790435791, 0.8475749492645264, -0.3752443790435791, 0.07343993520736694], [0.599325954914093, 0.5306757092475891, 0.599325954914093, -0.11902896130084992], [0.7071067094802856, 8.659559941682064e-17, -0.7071067094802856, -0.14699012684822083], [0.0, 0.0, 0.0, 1.0]], [[-0.6813464760780334, -0.7319610714912415, -8.963937922555447e-17, 0.1269581962823868], [-0.7319610714912415, 0.6813464760780334, 8.34408847617761e-17, 0.13396794426441194], [0.0, 1.2246467202362698e-16, -0.9999999403953552, -0.01851419448852539], [0.0, 0.0, 0.0, 1.0]], [[-0.22407418489456177, 0.9745720624923706, 0.0, 0.043037984967231754], [-0.9745720624923706, -0.22407418489456177, 0.0, 0.1815417468547821], [0.0, 0.0, 0.9999999403953552, -0.035974861145019535], [0.0, 0.0, 0.0, 1.0]], [[-0.22407418489456177, -0.9745720624923706, -1.1935066127216496e-16, 0.04269217264652253], [-0.9745720624923706, 0.22407418489456177, 2.7441174190964858e-17, 0.1849941565990448], [0.0, 1.2246467202362698e-16, -0.9999999403953552, 0.02537794876098633], [0.0, 0.0, 0.0, 1.0]], [[-4.9754463858811386e-17, -0.9745720624923706, 0.22407418489456177, 0.0003573050498962487], [-2.1639846858709135e-16, 0.22407418489456177, 0.9745720624923706, -0.0006508605480193725], [-0.9999999403953552, 2.719261971675979e-32, -2.220445916901415e-16, 0.20673022973537447], [0.0, 0.0, 0.0, 1.0]], [[-0.1584443747997284, 0.9745720624923706, -0.1584443747997284, 0.030430256068706515], [-0.6891264915466309, -0.22407418489456177, -0.6891264915466309, 0.1311621608734131], [-0.7071067094802856, 0.0, 0.7071067094802856, 0.16208843159675598], [0.0, 0.0, 0.0, 1.0]], [[0.1584443747997284, -0.9745720624923706, -0.1584443747997284, -0.029782179534435276], [0.6891264915466309, 0.22407418489456177, -0.6891264915466309, -0.1306060724258423], [0.7071067094802856, -8.659559941682064e-17, 0.7071067094802856, -0.15466725468635562], [0.0, 0.0, 0.0, 1.0]], [[-0.22407418489456177, 0.9745720624923706, 0.0, 0.04301085293293], [-0.9745720624923706, -0.22407418489456177, 0.0, 0.1822993552684784], [0.0, 0.0, 0.9999999403953552, 0.046563560485839844], [0.0, 0.0, 0.0, 1.0]], [[-0.9560422897338867, 0.29322877526283264, 0.0, 0.18508313369750978], [-0.29322877526283264, -0.9560422897338867, 0.0, 0.05610502058267594], [0.0, 0.0, 1.0, -0.043966445922851566], [0.0, 0.0, 0.0, 1.0]], [[0.9560422897338867, -0.29322877526283264, 8.117124674471841e-17, -0.17589875221252443], [0.29322877526283264, 0.9560422897338867, 1.5299159385888416e-16, -0.05523902899026872], [-1.2246468525851679e-16, -1.2246468525851679e-16, 1.0, 0.007876004219055197], [0.0, 0.0, 0.0, 1.0]], [[-0.6813464760780334, 0.7319610714912415, 0.0, 0.1295508371591568], [-0.7319610714912415, -0.6813464760780334, 0.0, 0.13917253029346469], [0.0, 0.0, 0.9999999403953552, -0.027281053543090822], [0.0, 0.0, 0.0, 1.0]], [[0.8475692868232727, -0.530684769153595, 0.0, -0.16034682857990268], [0.530684769153595, 0.8475692868232727, 0.0, -0.10063552963733674], [0.0, 0.0, 1.0, -0.010077646255493164], [0.0, 0.0, 0.0, 1.0]], [[0.5306757092475891, 0.8475749492645264, 1.6878703778950275e-16, -0.09938327038288117], [-0.8475749492645264, 0.5306757092475891, -3.880896514804841e-17, 0.15815940427780154], [-1.2246467202362698e-16, -1.2246467202362698e-16, 0.9999999403953552, 0.027937578201293965], [0.0, 0.0, 0.0, 1.0]], [[0.1584443747997284, -0.9745720624923706, 0.1584443747997284, -0.02980510872602463], [0.6891264915466309, 0.22407418489456177, 0.6891264915466309, -0.12996589374542236], [-0.7071067094802856, -8.659559941682064e-17, 0.7071067094802856, 0.17454180455207827], [0.0, 0.0, 0.0, 1.0]], [[1.5128930909780923e-16, 0.7319610714912415, 0.6813464760780334, -0.00249763441085818], [1.625280069397753e-16, -0.6813464760780334, 0.7319610714912415, -0.005104659080505399], [0.9999999403953552, 0.0, -2.220445916901415e-16, -0.2085141843557358], [0.0, 0.0, 0.0, 1.0]], [[0.3752443790435791, 0.8475749492645264, 0.3752443790435791, -0.07026619195938111], [-0.599325954914093, 0.5306757092475891, -0.599325954914093, 0.11234479057788849], [-0.7071067094802856, -8.659559941682064e-17, 0.7071067094802856, 0.1802162697315216], [0.0, 0.0, 0.0, 1.0]], [[0.3752443790435791, -0.8475749492645264, -0.3752443790435791, -0.06985131740570069], [-0.599325954914093, -0.5306757092475891, 0.599325954914093, 0.1109920951128006], [-0.7071067094802856, 0.0, -0.7071067094802856, 0.16228785252571107], [0.0, 0.0, 0.0, 1.0]], [[0.974571168422699, -0.2240782380104065, -1.1935055539304655e-16, -0.18712819039821627], [-0.2240782380104065, -0.974571168422699, 2.744167049933239e-17, 0.042773189187049865], [-1.2246468525851679e-16, 0.0, -1.0, -0.04305651473999021], [0.0, 0.0, 0.0, 1.0]], [[0.22407418489456177, -0.9745720624923706, -9.19094870812001e-17, -0.04226454317569733], [0.9745720624923706, 0.22407418489456177, 1.4679184208057471e-16, -0.18448623919487], [-1.2246467202362698e-16, -1.2246467202362698e-16, 0.9999999403953552, 0.0022350268363952844], [0.0, 0.0, 0.0, 1.0]], [[-0.03579118475317955, 0.9993593096733093, 1.2238622883177736e-16, 0.00682420089095831], [0.9993593096733093, 0.03579118475317955, 4.38315603325367e-18, -0.1881241625547409], [0.0, 1.2246468525851679e-16, -1.0, -0.03702542877197266], [0.0, 0.0, 0.0, 1.0]], [[-1.5128930909780923e-16, 0.7319610714912415, -0.6813464760780334, 0.003300863981246974], [-1.625280069397753e-16, -0.6813464760780334, -0.7319610714912415, 0.0021071817874908725], [-0.9999999403953552, 0.0, 2.220445916901415e-16, 0.19962576043605806], [0.0, 0.0, 0.0, 1.0]], [[0.1584443747997284, -0.9745720624923706, -0.1584443747997284, -0.029598492085933688], [0.6891264915466309, 0.22407418489456177, -0.6891264915466309, -0.13573501873016358], [0.7071067094802856, -8.659559941682064e-17, 0.7071067094802856, -0.17891488194465638], [0.0, 0.0, 0.0, 1.0]], [[-7.947239478318557e-18, -0.9993593096733093, -0.03579118475317955, 0.0007560378909111037], [2.21902343094562e-16, -0.03579118475317955, 0.9993593096733093, -0.0006331197023392101], [-1.0, 0.0, 2.220446049250313e-16, 0.2040387420654297], [0.0, 0.0, 0.0, 1.0]], [[0.6760239601135254, 0.29322877526283264, 0.6760239601135254, -0.12661243820190432], [0.20734405517578125, -0.9560422897338867, 0.20734405517578125, -0.03906122899055481], [0.7071067690849304, 0.0, -0.7071067690849304, -0.15924009883403778], [0.0, 0.0, 0.0, 1.0]], [[-0.6813464760780334, 0.7319610714912415, 0.0, 0.13434279596805573], [-0.7319610714912415, -0.6813464760780334, 0.0, 0.14217287266254428], [0.0, 0.0, 0.9999999403953552, -0.03464617156982422], [0.0, 0.0, 0.0, 1.0]], [[-0.6891258955001831, -0.2240782380104065, 0.6891258955001831, 0.12900886034965517], [0.1584472358226776, -0.974571168422699, -0.1584472358226776, -0.02990541118383408], [0.7071067690849304, 0.0, 0.7071067690849304, -0.16954281795024873], [0.0, 0.0, 0.0, 1.0]], [[0.5306757092475891, 0.8475749492645264, 1.6878703778950275e-16, -0.09862120831012726], [-0.8475749492645264, 0.5306757092475891, -3.880896514804841e-17, 0.1556745924949646], [-1.2246467202362698e-16, -1.2246467202362698e-16, 0.9999999403953552, -0.021456207275390604], [0.0, 0.0, 0.0, 1.0]], [[-0.22407418489456177, -0.9745720624923706, -1.1935066127216496e-16, 0.04293140041828156], [-0.9745720624923706, 0.22407418489456177, 2.7441174190964858e-17, 0.18451783061027527], [0.0, 1.2246467202362698e-16, -0.9999999403953552, 0.016730239868164062], [0.0, 0.0, 0.0, 1.0]], [[0.4817847013473511, -0.7319610714912415, 0.4817847013473511, -0.08998526072502136], [0.5175746083259583, 0.6813464760780334, 0.5175746083259583, -0.0973258467912674], [-0.7071067094802856, -8.659559941682064e-17, 0.7071067094802856, 0.166202746629715], [0.0, 0.0, 0.0, 1.0]], [[-0.8475692868232727, -0.530684769153595, 1.0379730332833858e-16, 0.15595215046405794], [-0.530684769153595, 0.8475692868232727, 6.499014474274799e-17, 0.09925264751911164], [-1.2246468525851679e-16, 0.0, -1.0, 0.04784477615356447], [0.0, 0.0, 0.0, 1.0]]], "foliation_name": "slide_table", "similarity_matrix": [[1.0, 0.0, 0.0, 0.9618209008957724, 0.009486152230051862, 0.3886072089960672, 0.008626052543918811, 0.0, 0.428351656436422, 0.0, 0.018577121985966442, 0.01230606464095838, 0.0, 0.9819816916336713, 0.027580436316694587, 0.024682758139225124, 0.0, 0.008360343382651843, 0.0, 0.03401638655825826, 0.0, 0.018033394527460365, 0.01147135662890776, 0.03803772166327442, 0.9966681769023258, 0.39059667471260756, 0.0, 0.0564482233758535, 0.008480868457121796, 0.02705154443710435, 0.013382266084714432, 0.017109949271662896, 0.03996708999470308, 0.38346954120152466, 0.0, 0.4077416570118994, 0.39450210097354127, 0.00785943818586789, 0.02248957489081651, 0.009906818470579469, 1.0, 0.0, 0.9983283362405918, 0.0, 0.01017424769883151, 0.0, 0.01584177732191284, 0.032842700136220274, 0.3732939525641114, 0.06145081435944021], [0.0, 1.0, 0.04392687497608764, 0.0, 0.23915684156173403, 0.0, 0.0029566848540138893, 0.7804762686095287, 0.0, 0.06598778563623972, 0.060437296271137496, 0.011696131510996993, 0.34822919291865756, 0.0, 0.0015223000279345458, 0.07408159228612034, 0.3513777794363254, 0.28421508559183223, 0.3540154836765333, 0.009677369476824285, 0.03802489091795643, 0.006346824190858723, 0.027760001228474433, 0.009643197968280563, 0.0, 0.0, 0.1592714126176919, 0.00645187754312936, 0.002762429225386279, 0.13098588216363138, 0.006382436664291356, 0.1145394082738386, 0.059368793344001254, 0.0, 0.372169421775286, 0.0012520210562927958, 0.002363196065183318, 0.38479702764404994, 0.015065717983854589, 0.014376858965843026, 0.0, 0.1471598062626569, 0.0, 0.7804762686095287, 0.006020689227578791, 0.027009654983712883, 0.14352663031870347, 0.011414961056751854, 0.001397386087925368, 0.0011030611733457904], [0.0, 0.04392687497608764, 1.0, 0.0, 0.0019542484556584446, 0.0016105719195233272, 0.3422291450132513, 0.10538903474063327, 0.0, 0.10903723937733588, 0.03171061731819403, 0.21047590624756082, 0.3734084032940686, 0.0, 0.14032106029042227, 0.010841212947758276, 0.3710817194363089, 0.016482600760002436, 0.35774717834333514, 0.058018353059531166, 0.9689955215071119, 0.012489563667280098, 0.004918837856690298, 0.0015719303974452517, 0.0, 0.0, 0.5805385074110577, 0.0010854839965895825, 0.05551965413531159, 0.007858633166998594, 0.012308286111951613, 0.018250674318747506, 0.0, 0.0014423527768541058, 0.3944748787324948, 0.0, 0.0, 0.004511119375437151, 0.08982884432683588, 0.2484300216916593, 0.0, 0.5821756116517333, 0.0, 0.10538903474063327, 0.012287651511034016, 0.5989329637541413, 0.0020002077858428634, 0.0018930065288024329, 0.0, 0.006575301581614005], [0.9618209008957724, 0.0, 0.0, 1.0, 0.004863863656903289, 0.34734877259896835, 0.004085333091383885, 0.0, 0.37367896349817453, 0.0, 0.010329691183286999, 0.006272159335102676, 0.0, 0.9941618087176189, 0.015595667886359079, 0.014552447554934556, 0.0, 0.0041992529988976466, 0.0, 0.020244529767537104, 0.0, 0.009228685606496782, 0.005676781546725855, 0.022399884625786372, 0.9782693085007685, 0.33731431165996295, 0.0, 0.03526916843181539, 0.003980647518662511, 0.0157522074813345, 0.00667419572795011, 0.009434700707049758, 0.024343467090660556, 0.3454362364755339, 0.0, 0.3773727750211201, 0.3473079559822805, 0.0039690754576790785, 0.0125408068144075, 0.0048919400150322905, 0.9618209008957724, 0.0, 0.9725110659139071, 0.0, 0.004960984141170647, 0.0, 0.008393479556709242, 0.018876192848244724, 0.3324794011792038, 0.03767090937189564], [0.009486152230051862, 0.23915684156173403, 0.0019542484556584446, 0.004863863656903289, 1.0, 0.0019968838684929786, 0.0, 0.10465369951710471, 0.004063978465152111, 0.023181663083232173, 0.02290960963219024, 0.0017534558197047567, 0.029899867107580573, 0.005812928439158448, 0.0, 0.05437919169148137, 0.029570065342361757, 0.15794223146507447, 0.027915763026946264, 0.003197489050333896, 0.002217078987559568, 0.027312274750896447, 0.16393023578302102, 0.13485959287177796, 0.008045513596334914, 0.0328541065971835, 0.00818170751431619, 0.11686235745041527, 0.0036226899727587994, 0.14586237812415506, 0.02569908218935578, 0.062115605852820784, 0.7278512615781475, 0.0018432532455077673, 0.03303899296743689, 0.07479814307919519, 0.10771522979844445, 0.5965586148935551, 0.0036808411430025033, 0.001900872275991515, 0.009486152230051862, 0.005162883286950446, 0.00854040034062496, 0.10465369951710471, 0.022564833115198767, 0.0027902986012623716, 0.8829711920039571, 0.14132554188405996, 0.008106049285295366, 0.008142050663394039], [0.3886072089960672, 0.0, 0.0016105719195233272, 0.34734877259896835, 0.0019968838684929786, 1.0, 0.024034224211545597, 0.0016847957728885286, 0.052317185331072324, 0.0, 0.12528375729939342, 0.10960153459672958, 0.0, 0.3894044660873849, 0.11767048226081811, 0.10814899204227024, 0.0, 0.02431681314084167, 0.0, 0.2887258689378254, 0.0036250958550800272, 0.001503124971423469, 0.0, 0.001893916228251646, 0.39740859155605457, 0.02852799964894239, 0.004802306474825384, 0.0027603919935381325, 0.0017559597927428654, 0.06737692186220709, 0.0010470367020924492, 0.07725589427231327, 0.004479571537565398, 0.999483576724726, 0.0, 0.05001817391803716, 0.05170924696306538, 0.00647449283672184, 0.20130478907854255, 0.08884193676870886, 0.3886072089960672, 0.002083750816575187, 0.4004576023612922, 0.0016847957728885286, 0.0, 0.0, 0.0020796620588225886, 0.001679748737808404, 0.787771467423444, 0.006234253719787216], [0.008626052543918811, 0.0029566848540138893, 0.3422291450132513, 0.004085333091383885, 0.0, 0.024034224211545597, 1.0, 0.009582165752469212, 0.012877900852281242, 0.02742663408409498, 0.02439251288327689, 0.3422995144265077, 0.03745652741202055, 0.005643269717267785, 0.7311546641044092, 0.0077471370925385795, 0.03644241128859084, 0.004751930628566067, 0.03251988500554247, 0.12888030056571517, 0.46346167245061304, 0.029408432375155977, 0.004809988536989588, 0.0034036142917670473, 0.007202445899758112, 0.0021697357412073905, 0.12682140880949244, 0.003140437479107962, 0.15943290642099958, 0.0044905096461393965, 0.02612384769425986, 0.009956035726130269, 0.0, 0.022236431692822106, 0.042084535038344646, 0.0, 0.0, 0.0010241157198607107, 0.14816442457190518, 0.3479190188006289, 0.008626052543918811, 0.09404497665511521, 0.007744547959678143, 0.009582165752469212, 0.024387943320387677, 0.2697613303170039, 0.0, 0.003663234054929586, 0.007534879501239783, 0.047085766130850554], [0.0, 0.7804762686095287, 0.10538903474063327, 0.0, 0.10465369951710471, 0.0016847957728885286, 0.009582165752469212, 1.0, 0.0, 0.037149606280922134, 0.18248650199010216, 0.05346859933938904, 0.34734876954928695, 0.0, 0.006679223968417176, 0.17150521569891644, 0.3513222540482304, 0.4444996547872601, 0.35236789080007164, 0.043753895274522676, 0.09742287734301594, 0.0032959080958065374, 0.009691719225404079, 0.0034833456726937745, 0.0, 0.0, 0.41109311923889647, 0.002419720979514342, 0.002498410226248566, 0.21629982063427133, 0.0031715341182566048, 0.2569002376124764, 0.023863231680003566, 0.0015336253663020554, 0.3869955402147628, 0.0, 0.0015279291791350695, 0.3033153494873196, 0.06604137502045568, 0.0640103930929388, 0.0, 0.38392778857269494, 0.0, 1.0, 0.0029144369439737835, 0.0377142664815018, 0.05584192729431025, 0.0041057143139785375, 0.003913024655818251, 0.0], [0.428351656436422, 0.0, 0.0, 0.37367896349817453, 0.004063978465152111, 0.052317185331072324, 0.012877900852281242, 0.0, 1.0, 0.0020693282486160215, 0.0012485998800085031, 0.002769493233489532, 0.0, 0.3785433125809237, 0.0182359413640044, 0.001395797838055065, 0.0, 0.0, 0.0, 0.004017965285256943, 0.0, 0.13243201601804008, 0.04976879905687124, 0.14135899071605082, 0.39790992459016306, 0.599741520026095, 0.0, 0.19465334970251716, 0.07359811173869724, 0.001924442718900663, 0.10739294170672037, 0.001092815782681702, 0.026698384927158883, 0.05018124796346179, 0.0, 0.1775755546552395, 0.17983702188393766, 0.001102011483014303, 0.0028469461118662063, 0.002311286845657153, 0.428351656436422, 0.0, 0.4033729716230154, 0.0, 0.08965388073363166, 0.0017311843375670095, 0.012049761649614407, 0.12499042071529853, 0.03273520543137418, 0.4027972498004584], [0.0, 0.06598778563623972, 0.10903723937733588, 0.0, 0.023181663083232173, 0.0, 0.02742663408409498, 0.037149606280922134, 0.0020693282486160215, 1.0, 0.0011719072424649269, 0.003652205677955736, 0.3977786104988097, 0.0, 0.004663579050797338, 0.0, 0.3896709702485824, 0.0034423558957866456, 0.37300212221451207, 0.0, 0.09261474356343803, 0.24445351375709498, 0.22637742076113612, 0.07600168865057472, 0.0, 0.002376602218126551, 0.035968788237582504, 0.04951629891366514, 0.2406256143559343, 0.001577260524276994, 0.2715695439161179, 0.0014667943225401823, 0.016255478630098946, 0.0, 0.3703323493547583, 0.0, 0.0, 0.0073310475325889125, 0.0015440960603902568, 0.00453602852417685, 0.0, 0.032923998976024396, 0.0, 0.037149606280922134, 0.29275858180857883, 0.41793293075018473, 0.04104294881344799, 0.09076884254263914, 0.0, 0.06303494881229955], [0.018577121985966442, 0.060437296271137496, 0.03171061731819403, 0.010329691183286999, 0.02290960963219024, 0.12528375729939342, 0.02439251288327689, 0.18248650199010216, 0.0012485998800085031, 0.0011719072424649269, 1.0, 0.33655203863585775, 0.017304615644524846, 0.013790989227493009, 0.06272161685810078, 0.8596535464692303, 0.017321270731075235, 0.5757555927758495, 0.01619290885148034, 0.5889488723258921, 0.04522591737310067, 0.0, 0.0011788391059303581, 0.0010593608431936023, 0.017313261901762314, 0.0017039255882259005, 0.19674011411615025, 0.0010540921567248165, 0.0, 0.6228742212256887, 0.0, 0.8820448617289753, 0.010606351128883739, 0.12084173740182766, 0.022516419104676097, 0.00623318597776274, 0.008839331516798847, 0.1485254276889355, 0.6162837920915427, 0.3329054817958719, 0.018577121985966442, 0.13305188455191438, 0.018224045313286218, 0.18248650199010216, 0.0, 0.00491019401712013, 0.011861241320946393, 0.00109720272862794, 0.1953973168581106, 0.0], [0.01230606464095838, 0.011696131510996993, 0.21047590624756082, 0.006272159335102676, 0.0017534558197047567, 0.10960153459672958, 0.3422995144265077, 0.05346859933938904, 0.002769493233489532, 0.003652205677955736, 0.33655203863585775, 1.0, 0.027278762375345544, 0.008779985997867012, 0.5614416097588495, 0.1413136374135706, 0.02700965790833543, 0.0707055656559798, 0.024718384810243785, 0.7728966552114412, 0.3003268050745911, 0.0025116251911796047, 0.0, 0.0, 0.010999590818208078, 0.0, 0.34142863289148645, 0.0, 0.009749840435221556, 0.07073412890546678, 0.0020512911980635168, 0.16181171612361572, 0.0010904462277812966, 0.10419331154032467, 0.03390557258914819, 0.0, 0.0013094040521138771, 0.009806406588096948, 0.8478894466232111, 0.9937022506305618, 0.01230606464095838, 0.2500315942604742, 0.011708415948379278, 0.05346859933938904, 0.0017369770558232922, 0.047162708745779915, 0.0013961512924236862, 0.0, 0.06373485438708504, 0.0037936138302512774], [0.0, 0.34822919291865756, 0.3734084032940686, 0.0, 0.029899867107580573, 0.0, 0.03745652741202055, 0.34734876954928695, 0.0, 0.3977786104988097, 0.017304615644524846, 0.027278762375345544, 1.0, 0.0, 0.01008984903138759, 0.010780600774049034, 0.9998507932925466, 0.039262277356999796, 0.9976022540830954, 0.008977075435168298, 0.30138089356640757, 0.027175306237478648, 0.035850442758629635, 0.009283753045449789, 0.0, 0.0, 0.3366661785869578, 0.005708676717731109, 0.03701494280637751, 0.014728681439925515, 0.02899267963836851, 0.019754092896592947, 0.008998575107630772, 0.0, 0.9955608934152219, 0.0, 0.0, 0.03498335545184945, 0.01552879602700369, 0.03473304119548413, 0.0, 0.3534815282086971, 0.0, 0.34734876954928695, 0.029907104062030187, 0.38392623621238925, 0.02778051283397399, 0.011484504448074919, 0.0, 0.00588313314450072], [0.9819816916336713, 0.0, 0.0, 0.9941618087176189, 0.005812928439158448, 0.3894044660873849, 0.005643269717267785, 0.0, 0.3785433125809237, 0.0, 0.013790989227493009, 0.008779985997867012, 0.0, 1.0, 0.02068552368947604, 0.0187185028612702, 0.0, 0.005579012763379682, 0.0, 0.026875533444182014, 0.0, 0.01085142763331862, 0.006623562023908846, 0.024586031042792496, 0.9934335646600343, 0.3340674069515751, 0.0, 0.037987349396954605, 0.004999666281911724, 0.01987992310586422, 0.007894887679210573, 0.012405280041241898, 0.02700966597854786, 0.38650883700003424, 0.0, 0.37076764813917756, 0.3473487726037616, 0.00500820794344622, 0.01701854830930635, 0.006917287452542183, 0.9819816916336713, 0.0, 0.9901137666870241, 0.0, 0.0059029291863119514, 0.0, 0.00977928993008086, 0.02089597340511497, 0.3686612979055553, 0.042309983497898065], [0.027580436316694587, 0.0015223000279345458, 0.14032106029042227, 0.015595667886359079, 0.0, 0.11767048226081811, 0.7311546641044092, 0.006679223968417176, 0.0182359413640044, 0.004663579050797338, 0.06272161685810078, 0.5614416097588495, 0.01008984903138759, 0.02068552368947604, 1.0, 0.022122273465502912, 0.009816097207250985, 0.008520029856777587, 0.00859280239706894, 0.33947122379266476, 0.22304545811674345, 0.009939625383625552, 0.0016541416952371441, 0.0016771791644471356, 0.024555148759332936, 0.0031419385087678763, 0.08893553426928588, 0.0017761639734101588, 0.04972560192294814, 0.010899491527963968, 0.008136562900933777, 0.024109009775141924, 0.0, 0.11164903449906215, 0.012213581422603056, 0.0011573589621191333, 0.0016126746505858568, 0.0013420449076069771, 0.3385036284650881, 0.5314764196334526, 0.027580436316694587, 0.05807585838189669, 0.0259334352412139, 0.006679223968417176, 0.0070588310251015534, 0.06678267743865172, 0.0, 0.0017150073002178134, 0.04001071161257606, 0.024187079951354933], [0.024682758139225124, 0.07408159228612034, 0.010841212947758276, 0.014552447554934556, 0.05437919169148137, 0.10814899204227024, 0.0077471370925385795, 0.17150521569891644, 0.001395797838055065, 0.0, 0.8596535464692303, 0.1413136374135706, 0.010780600774049034, 0.0187185028612702, 0.022122273465502912, 1.0, 0.010790028114943678, 0.7541348009256972, 0.010073864681668234, 0.3302762849407408, 0.015735662420043588, 0.0, 0.001764239353290109, 0.0018062510714809857, 0.023305651547036392, 0.0031600757339560535, 0.09345362961264092, 0.001848201132846416, 0.0, 0.889439744916213, 0.0, 0.9716637430026641, 0.02684802110498451, 0.10473730881558725, 0.014123739913044027, 0.015809445359337763, 0.02152960127449512, 0.2913834136221949, 0.3322082936796559, 0.1383658738115819, 0.024682758139225124, 0.05926608754947262, 0.024377841765828568, 0.17150521569891644, 0.0, 0.0018605708113660288, 0.02710380237784153, 0.001834887414946644, 0.23379418109549752, 0.0], [0.0, 0.3513777794363254, 0.3710817194363089, 0.0, 0.029570065342361757, 0.0, 0.03644241128859084, 0.3513222540482304, 0.0, 0.3896709702485824, 0.017321270731075235, 0.02700965790833543, 0.9998507932925466, 0.0, 0.009816097207250985, 0.010790028114943678, 1.0, 0.03949198378304768, 0.9985734539852167, 0.008888050579877496, 0.2987441649437073, 0.025985033780858834, 0.03458942270094041, 0.008894134770603834, 0.0, 0.0, 0.3383531819109154, 0.005456292599141602, 0.03541816092105851, 0.01472655347997701, 0.027732286821644674, 0.019808847872943923, 0.008779983693680646, 0.0, 0.9955576185595431, 0.0, 0.0, 0.03501072805603387, 0.015413175780327863, 0.03443053047141581, 0.0, 0.3563039675182568, 0.0, 0.3513222540482304, 0.028608655494806325, 0.3769450934382987, 0.027257189145435488, 0.011013456568760868, 0.0, 0.0055754524699181615], [0.008360343382651843, 0.28421508559183223, 0.016482600760002436, 0.0041992529988976466, 0.15794223146507447, 0.02431681314084167, 0.004751930628566067, 0.4444996547872601, 0.0, 0.0034423558957866456, 0.5757555927758495, 0.0707055656559798, 0.039262277356999796, 0.005579012763379682, 0.008520029856777587, 0.7541348009256972, 0.03949198378304768, 1.0, 0.037970240170531314, 0.13432597333946275, 0.020197775141872053, 0.001489912679232813, 0.005172934215766399, 0.0037750053855071775, 0.007506618836098927, 0.0023422468774034633, 0.13560900596235057, 0.003370429629645616, 0.0, 0.8740162179594138, 0.0012620893438091713, 0.8385702142576649, 0.05792339975951969, 0.023076119299856222, 0.04858071272464218, 0.011053619971611047, 0.016576982116334814, 0.6155894453048839, 0.1548598401158526, 0.0745186242707264, 0.008360343382651843, 0.09646393452026224, 0.007972580449543513, 0.4444996547872601, 0.0010277459662083285, 0.0038832085676433203, 0.07664459515055486, 0.004020764303954142, 0.06811416090837799, 0.0], [0.0, 0.3540154836765333, 0.35774717834333514, 0.0, 0.027915763026946264, 0.0, 0.03251988500554247, 0.35236789080007164, 0.0, 0.37300212221451207, 0.01619290885148034, 0.024718384810243785, 0.9976022540830954, 0.0, 0.00859280239706894, 0.010073864681668234, 0.9985734539852167, 0.037970240170531314, 1.0, 0.008028318614172306, 0.2846026070691227, 0.02282322383581858, 0.031217594937042906, 0.007791161806399938, 0.0, 0.0, 0.33170576124236717, 0.004729086755243004, 0.031122573816460452, 0.013803394236703848, 0.0244418387787846, 0.018681803759290214, 0.007954319733374435, 0.0, 0.9914746522107237, 0.0, 0.0, 0.03362800115011633, 0.014079457442931098, 0.031680310084205555, 0.0, 0.3534031888940753, 0.0, 0.35236789080007164, 0.025272209835985212, 0.3573243851740067, 0.025289696945951533, 0.009688582555909786, 0.0, 0.00471056740641479], [0.03401638655825826, 0.009677369476824285, 0.058018353059531166, 0.020244529767537104, 0.003197489050333896, 0.2887258689378254, 0.12888030056571517, 0.043753895274522676, 0.004017965285256943, 0.0, 0.5889488723258921, 0.7728966552114412, 0.008977075435168298, 0.026875533444182014, 0.33947122379266476, 0.3302762849407408, 0.008888050579877496, 0.13432597333946275, 0.008028318614172306, 1.0, 0.09278834902902318, 0.001277697865115225, 0.0, 0.0, 0.031970008950065174, 0.0019681938435766842, 0.16882943787100246, 0.0, 0.003158719277065814, 0.1733875720921929, 0.0, 0.3273825509288689, 0.0022863240524022637, 0.2797275563258348, 0.011760085258597954, 0.003410440893622848, 0.004632094163342299, 0.020556370483771784, 0.9735369734733351, 0.7286666673398778, 0.03401638655825826, 0.10877783111394865, 0.03349062491038159, 0.043753895274522676, 0.0, 0.010234966327579934, 0.0022402162282253607, 0.0, 0.22491448659889002, 0.0023305305073015913], [0.0, 0.03802489091795643, 0.9689955215071119, 0.0, 0.002217078987559568, 0.0036250958550800272, 0.46346167245061304, 0.09742287734301594, 0.0, 0.09261474356343803, 0.04522591737310067, 0.3003268050745911, 0.30138089356640757, 0.0, 0.22304545811674345, 0.015735662420043588, 0.2987441649437073, 0.020197775141872053, 0.2846026070691227, 0.09278834902902318, 1.0, 0.01542680721345965, 0.005587306243297409, 0.002081034996172407, 0.0, 0.0, 0.5813397865404849, 0.0015224655176893185, 0.06801046469937244, 0.010943235217853883, 0.014843268116217995, 0.025005262113302555, 0.001000318317412867, 0.0032757670341800075, 0.3241289191628559, 0.0, 0.0, 0.005236527081095576, 0.13570219823023014, 0.3446298506885688, 0.0, 0.5511240796501973, 0.0, 0.09742287734301594, 0.014541188100883524, 0.5615745892645798, 0.002335226828814958, 0.00245094357061008, 0.0018614247488026928, 0.009802099429303705], [0.018033394527460365, 0.006346824190858723, 0.012489563667280098, 0.009228685606496782, 0.027312274750896447, 0.001503124971423469, 0.029408432375155977, 0.0032959080958065374, 0.13243201601804008, 0.24445351375709498, 0.0, 0.0025116251911796047, 0.027175306237478648, 0.01085142763331862, 0.009939625383625552, 0.0, 0.025985033780858834, 0.001489912679232813, 0.02282322383581858, 0.001277697865115225, 0.01542680721345965, 1.0, 0.6184345441069146, 0.5590132689814659, 0.014303709621381146, 0.12276897145785877, 0.003455958204842274, 0.5061348705052255, 0.6038216148702001, 0.0016002519016426213, 0.9944816756027386, 0.0, 0.06725433386548423, 0.0013510587908203626, 0.027009663856275987, 0.019348585098315656, 0.027348227008921814, 0.004571794515735804, 0.001424495093868129, 0.0026261377836154704, 0.018033394527460365, 0.0020925558216100745, 0.015275528653458815, 0.0032959080958065374, 0.9810758251314785, 0.08341787677112422, 0.07662610749661887, 0.581043623442738, 0.0011463593241633262, 0.7243488183749222], [0.01147135662890776, 0.027760001228474433, 0.004918837856690298, 0.005676781546725855, 0.16393023578302102, 0.0, 0.004809988536989588, 0.009691719225404079, 0.04976879905687124, 0.22637742076113612, 0.0011788391059303581, 0.0, 0.035850442758629635, 0.006623562023908846, 0.0016541416952371441, 0.001764239353290109, 0.03458942270094041, 0.005172934215766399, 0.031217594937042906, 0.0, 0.005587306243297409, 0.6184345441069146, 1.0, 0.8279360922703041, 0.009088060636367268, 0.12287155500793791, 0.0028616959759093985, 0.7112894095141924, 0.16546894449724944, 0.004968124835328813, 0.6263874431633895, 0.002238054396687165, 0.2876891453486285, 0.0, 0.035608063279323254, 0.03998409640198775, 0.05771863676223062, 0.026897177282490543, 0.0, 0.0, 0.01147135662890776, 0.001759142801859255, 0.009720618306099193, 0.009691719225404079, 0.6099124604723213, 0.030244109857983453, 0.3508341672546186, 0.8699310806979669, 0.0010517926219946233, 0.26514936534175576], [0.03803772166327442, 0.009643197968280563, 0.0015719303974452517, 0.022399884625786372, 0.13485959287177796, 0.001893916228251646, 0.0034036142917670473, 0.0034833456726937745, 0.14135899071605082, 0.07600168865057472, 0.0010593608431936023, 0.0, 0.009283753045449789, 0.024586031042792496, 0.0016771791644471356, 0.0018062510714809857, 0.008894134770603834, 0.0037750053855071775, 0.007791161806399938, 0.0, 0.002081034996172407, 0.5590132689814659, 0.8279360922703041, 1.0, 0.031474377626428886, 0.3372317389472808, 0.001001813978169138, 0.9774475135309407, 0.1242925218144694, 0.004998545076484083, 0.5374667989618052, 0.0019794469927291755, 0.351451216402599, 0.0017293714763918326, 0.009573696630069023, 0.12234230318119726, 0.15809422407411647, 0.02047714686708892, 0.0, 0.0, 0.03803772166327442, 0.0, 0.03310550370502459, 0.0034833456726937745, 0.5006425266091379, 0.010198401875533166, 0.31625036972793363, 0.9962535232985291, 0.0028166447340216387, 0.35547940161027397], [0.9966681769023258, 0.0, 0.0, 0.9782693085007685, 0.008045513596334914, 0.39740859155605457, 0.007202445899758112, 0.0, 0.39790992459016306, 0.0, 0.017313261901762314, 0.010999590818208078, 0.0, 0.9934335646600343, 0.024555148759332936, 0.023305651547036392, 0.0, 0.007506618836098927, 0.0, 0.031970008950065174, 0.0, 0.014303709621381146, 0.009088060636367268, 0.031474377626428886, 1.0, 0.36288352003933966, 0.0, 0.04745167677624784, 0.006629939628713014, 0.025194498965413554, 0.010522807632775733, 0.01585758071340458, 0.03480527276594561, 0.39318340354971604, 0.0, 0.3973252583560713, 0.3796531907912703, 0.006889724736046428, 0.02078427754508195, 0.008781340239242161, 0.9966681769023258, 0.0, 0.9996298820324361, 0.0, 0.007938199306859272, 0.0, 0.013321468139259168, 0.027009668346941042, 0.38381866817762256, 0.051172330165740715], [0.39059667471260756, 0.0, 0.0, 0.33731431165996295, 0.0328541065971835, 0.02852799964894239, 0.0021697357412073905, 0.0, 0.599741520026095, 0.002376602218126551, 0.0017039255882259005, 0.0, 0.0, 0.3340674069515751, 0.0031419385087678763, 0.0031600757339560535, 0.0, 0.0023422468774034633, 0.0, 0.0019681938435766842, 0.0, 0.12276897145785877, 0.12287155500793791, 0.3372317389472808, 0.36288352003933966, 1.0, 0.0, 0.4466331506336549, 0.02726829893664604, 0.006334750456028588, 0.10148171019716384, 0.00246451950247395, 0.16879738378671832, 0.027320859987967013, 0.0, 0.5820752993404109, 0.5926252303774805, 0.007696331511636573, 0.0014251099147953017, 0.0, 0.39059667471260756, 0.0, 0.3676610754173284, 0.0, 0.08360491881442376, 0.0, 0.07826152040841379, 0.2991808439809644, 0.03553077932852625, 0.22505103507916865], [0.0, 0.1592714126176919, 0.5805385074110577, 0.0, 0.00818170751431619, 0.004802306474825384, 0.12682140880949244, 0.41109311923889647, 0.0, 0.035968788237582504, 0.19674011411615025, 0.34142863289148645, 0.3366661785869578, 0.0, 0.08893553426928588, 0.09345362961264092, 0.3383531819109154, 0.13560900596235057, 0.33170576124236717, 0.16882943787100246, 0.5813397865404849, 0.003455958204842274, 0.0028616959759093985, 0.001001813978169138, 0.0, 0.0, 1.0, 0.0, 0.009384399387085327, 0.06903702932345515, 0.003237354670694284, 0.14329712954443682, 0.0022478542221786462, 0.004388626733879027, 0.3791595669488933, 0.0, 0.0, 0.034563225923824506, 0.25057674155858517, 0.39674410682793265, 0.0, 0.9697512192541967, 0.0, 0.41109311923889647, 0.003022345420866831, 0.16880037536303552, 0.005353233862899666, 0.0011896112232837465, 0.004544077541556048, 0.001589983389555808], [0.0564482233758535, 0.00645187754312936, 0.0010854839965895825, 0.03526916843181539, 0.11686235745041527, 0.0027603919935381325, 0.003140437479107962, 0.002419720979514342, 0.19465334970251716, 0.04951629891366514, 0.0010540921567248165, 0.0, 0.005708676717731109, 0.037987349396954605, 0.0017761639734101588, 0.001848201132846416, 0.005456292599141602, 0.003370429629645616, 0.004729086755243004, 0.0, 0.0015224655176893185, 0.5061348705052255, 0.7112894095141924, 0.9774475135309407, 0.04745167677624784, 0.4466331506336549, 0.0, 1.0, 0.10908637285276845, 0.004987884596510313, 0.47704069543795025, 0.0019247283578108793, 0.34632786287365064, 0.0025379311260359297, 0.005976124010921695, 0.16870013892380883, 0.2099473535579076, 0.017853660503151465, 0.0, 0.0, 0.0564482233758535, 0.0, 0.04962603822964051, 0.002419720979514342, 0.4371889642079938, 0.006994993977315577, 0.28086774312367524, 0.9562367668292048, 0.004004591610586451, 0.37426949000426046], [0.008480868457121796, 0.002762429225386279, 0.05551965413531159, 0.003980647518662511, 0.0036226899727587994, 0.0017559597927428654, 0.15943290642099958, 0.002498410226248566, 0.07359811173869724, 0.2406256143559343, 0.0, 0.009749840435221556, 0.03701494280637751, 0.004999666281911724, 0.04972560192294814, 0.0, 0.03541816092105851, 0.0, 0.031122573816460452, 0.003158719277065814, 0.06801046469937244, 0.6038216148702001, 0.16546894449724944, 0.1242925218144694, 0.006629939628713014, 0.02726829893664604, 0.009384399387085327, 0.10908637285276845, 1.0, 0.0, 0.5986060687243716, 0.0, 0.007980965601313075, 0.0015735856362504427, 0.03682457719409456, 0.002612038568026367, 0.003933723132312275, 0.0, 0.0037094837787066716, 0.010277661430149783, 0.008480868457121796, 0.00633368364092897, 0.007146597617723746, 0.002498410226248566, 0.6044208188529963, 0.2682876829455257, 0.010572514324902298, 0.13274359530674648, 0.0, 0.5729172773305007], [0.02705154443710435, 0.13098588216363138, 0.007858633166998594, 0.0157522074813345, 0.14586237812415506, 0.06737692186220709, 0.0044905096461393965, 0.21629982063427133, 0.001924442718900663, 0.001577260524276994, 0.6228742212256887, 0.07073412