{"co_parameters": [[[-0.22407418489456177, 0.9745720624923706, 0.0, 0.043037984967231754], [-0.9745720624923706, -0.22407418489456177, 0.0, 0.1815417468547821], [0.0, 0.0, 0.9999999403953552, -0.035974861145019535], [0.0, 0.0, 0.0, 1.0]], [[0.6813464760780334, 0.7319610714912415, -8.34408847617761e-17, -0.12747667753696443], [0.7319610714912415, -0.6813464760780334, -8.963937922555447e-17, -0.1377929688692093], [-1.2246467202362698e-16, 0.0, -0.9999999403953552, -0.041263683319091776], [0.0, 0.0, 0.0, 1.0]], [[0.6760239601135254, 0.29322877526283264, 0.6760239601135254, -0.12302991390228273], [0.20734405517578125, -0.9560422897338867, 0.20734405517578125, -0.0389329195022583], [0.7071067690849304, 0.0, -0.7071067690849304, -0.16869754588603975], [0.0, 0.0, 0.0, 1.0]], [[-0.03579118475317955, 0.9993593096733093, 1.2238622883177736e-16, 0.00744737245887518], [0.9993593096733093, 0.03579118475317955, 4.38315603325367e-18, -0.19015603816509247], [0.0, 1.2246468525851679e-16, -1.0, -0.025987724304199218], [0.0, 0.0, 0.0, 1.0]], [[0.5175749659538269, 0.6813459396362305, 0.5175749659538269, -0.09980856597423554], [-0.48178431391716003, 0.7319615483283997, -0.48178431391716003, 0.09458128899335862], [-0.7071067690849304, 0.0, 0.7071067690849304, 0.17105866420269014], [0.0, 0.0, 0.0, 1.0]], [[0.1584443747997284, -0.9745720624923706, 0.1584443747997284, -0.02977860635519028], [0.6891264915466309, 0.22407418489456177, 0.6891264915466309, -0.13070590591430664], [-0.7071067094802856, -8.659559941682064e-17, 0.7071067094802856, 0.16208843159675598], [0.0, 0.0, 0.0, 1.0]], [[1.5128930909780923e-16, 0.7319610714912415, 0.6813464760780334, 9.500645846125891e-05], [1.625280069397753e-16, -0.6813464760780334, 0.7319610714912415, 9.992711991068938e-05], [0.9999999403953552, 0.0, -2.220445916901415e-16, -0.21728104150295258], [0.0, 0.0, 0.0, 1.0]], [[-1.178336782031917e-16, -0.8475749492645264, -0.5306757092475891, 0.00096982079744341], [1.8819944475379521e-16, -0.5306757092475891, 0.8475749492645264, -0.0013301358222961746], [-0.9999999403953552, 0.0, 2.220445916901415e-16, 0.19997516572475435], [0.0, 0.0, 0.0, 1.0]], [[7.947239478318557e-18, -0.9993593096733093, 0.03579118475317955, 2.3875797167419035e-05], [-2.21902343094562e-16, -0.03579118475317955, -0.9993593096733093, 0.0017541064023971935], [1.0, 0.0, -2.220446049250313e-16, -0.22702542877197268], [0.0, 0.0, 0.0, 1.0]], [[-1.178336782031917e-16, 0.8475749492645264, 0.5306757092475891, 0.0022527048587799273], [1.8819944475379521e-16, 0.5306757092475891, -0.8475749492645264, -0.0055130643844604815], [-0.9999999403953552, 2.719261971675979e-32, -2.220445916901415e-16, 0.20692297112941743], [0.0, 0.0, 0.0, 1.0]], [[-0.22407418489456177, 0.9745720624923706, 0.0, 0.04288364708423615], [-0.9745720624923706, -0.22407418489456177, 0.0, 0.18585114550590515], [0.0, 0.0, 0.9999999403953552, 0.0022350268363952636], [0.0, 0.0, 0.0, 1.0]], [[0.9560422897338867, 0.29322877526283264, -1.1708142030180128e-16, -0.17981592178344727], [0.29322877526283264, -0.9560422897338867, -3.5910170248360426e-17, -0.055379325926303874], [-1.2246468525851679e-16, 0.0, -1.0, -0.0248898124694824], [0.0, 0.0, 0.0, 1.0]], [[-0.3752443790435791, -0.8475749492645264, 0.3752443790435791, 0.0716997685432434], [0.599325954914093, -0.5306757092475891, -0.599325954914093, -0.11335503590106964], [0.7071067094802856, 0.0, 0.7071067094802856, -0.17137570500373842], [0.0, 0.0, 0.0, 1.0]], [[0.5306757092475891, 0.8475749492645264, 1.6878703778950275e-16, -0.09938327038288117], [-0.8475749492645264, 0.5306757092475891, -3.880896514804841e-17, 0.15815940427780154], [-1.2246467202362698e-16, -1.2246467202362698e-16, 0.9999999403953552, 0.027937578201293965], [0.0, 0.0, 0.0, 1.0]], [[-0.8475692868232727, 0.530684769153595, -3.880715858559059e-17, 0.15914838898181916], [-0.530684769153595, -0.8475692868232727, -1.6878744807108658e-16, 0.10023299801349642], [-1.2246468525851679e-16, -1.2246468525851679e-16, 1.0, -0.0433723678588867], [0.0, 0.0, 0.0, 1.0]], [[1.8819818743926413e-16, 0.530684769153595, -0.8475692868232727, 0.0014876781702041306], [1.1783568990644144e-16, -0.8475692868232727, -0.530684769153595, 0.00043882727622983835], [-1.0, 2.7192622655495665e-32, -2.220446049250313e-16, 0.19366415596008302], [0.0, 0.0, 0.0, 1.0]], [[-0.6813464760780334, 0.7319610714912415, 0.0, 0.12696019518375398], [-0.7319610714912415, -0.6813464760780334, 0.0, 0.13397172844409944], [0.0, 0.0, 0.9999999403953552, 0.02361890983581543], [0.0, 0.0, 0.0, 1.0]], [[4.9754463858811386e-17, -0.9745720624923706, -0.22407418489456177, 0.001700435042381278], [2.1639846858709135e-16, 0.22407418489456177, -0.9745720624923706, 0.0028078310489654174], [0.9999999403953552, -2.719261971675979e-32, 2.220445916901415e-16, -0.21784007012844087], [0.0, 0.0, 0.0, 1.0]], [[0.6891258955001831, 0.2240782380104065, -0.6891258955001831, -0.13285897994041443], [-0.1584472358226776, 0.974571168422699, 0.1584472358226776, 0.030304538428783417], [0.7071067690849304, -8.659560603426554e-17, 0.7071067690849304, -0.16954281795024873], [0.0, 0.0, 0.0, 1.0]], [[0.8475692868232727, -0.530684769153595, 0.0, -0.16621578037738802], [0.530684769153595, 0.8475692868232727, 0.0, -0.10243565475940705], [0.0, 0.0, 1.0, -0.018027418136596682], [0.0, 0.0, 0.0, 1.0]], [[-0.22407418489456177, 0.9745720624923706, 0.0, 0.04301241505146027], [-0.9745720624923706, -0.22407418489456177, 0.0, 0.18225579142570497], [0.0, 0.0, 0.9999999403953552, -0.01126439094543457], [0.0, 0.0, 0.0, 1.0]], [[-0.5306757092475891, -0.8475749492645264, 0.0, 0.10179820549488068], [0.8475749492645264, -0.5306757092475891, 0.0, -0.16236937665939333], [0.0, 0.0, 0.9999999403953552, 0.009975176811218261], [0.0, 0.0, 0.0, 1.0]], [[0.7319615483283997, 0.6813459396362305, 0.0, -0.138557333111763], [-0.6813459396362305, 0.7319615483283997, 0.0, 0.1293281583786011], [0.0, 0.0, 1.0, 0.03073383140563965], [0.0, 0.0, 0.0, 1.0]], [[-7.947239478318557e-18, 0.9993593096733093, 0.03579118475317955, 4.817076772451536e-05], [2.21902343094562e-16, 0.03579118475317955, -0.9993593096733093, 0.0016748892068862537], [-1.0, 2.7192622655495665e-32, -2.220446049250313e-16, 0.22877394866943362], [0.0, 0.0, 0.0, 1.0]], [[4.9754463858811386e-17, -0.9745720624923706, -0.22407418489456177, 0.0010269230604171668], [2.1639846858709135e-16, 0.22407418489456177, -0.9745720624923706, 0.0015384238958358397], [0.9999999403953552, -2.719261971675979e-32, 2.220445916901415e-16, -0.20239843499660493], [0.0, 0.0, 0.0, 1.0]], [[-0.03579118475317955, -0.9993593096733093, 0.0, 0.006169638372957707], [0.9993593096733093, -0.03579118475317955, 0.0, -0.18598996913433075], [0.0, 0.0, 1.0, 0.002337080240249634], [0.0, 0.0, 0.0, 1.0]], [[0.6813464760780334, 0.7319610714912415, -8.34408847617761e-17, -0.1279019981622696], [0.7319610714912415, -0.6813464760780334, -8.963937922555447e-17, -0.13805927479267122], [-1.2246467202362698e-16, 0.0, -0.9999999403953552, 0.03185247230529787], [0.0, 0.0, 0.0, 1.0]], [[-0.03579118475317955, -0.9993593096733093, 0.0, 0.007451104305684567], [0.9993593096733093, -0.03579118475317955, 0.0, -0.1901681994199753], [0.0, 0.0, 1.0, 0.04586599349975586], [0.0, 0.0, 0.0, 1.0]], [[-0.6813464760780334, 0.7319610714912415, 0.0, 0.130039670586586], [-0.7319610714912415, -0.6813464760780334, 0.0, 0.13947859871387483], [0.0, 0.0, 0.9999999403953552, -0.010675848960876465], [0.0, 0.0, 0.0, 1.0]], [[0.974571168422699, -0.2240782380104065, -1.1935055539304655e-16, -0.18462967622280121], [-0.2240782380104065, -0.974571168422699, 2.744167049933239e-17, 0.04286268484592438], [-1.2246468525851679e-16, 0.0, -1.0, -0.0248898124694824], [0.0, 0.0, 0.0, 1.0]], [[-0.6813464760780334, -0.7319610714912415, -8.963937922555447e-17, 0.12987622606754304], [-0.7319610714912415, 0.6813464760780334, 8.34408847617761e-17, 0.13946784698963166], [0.0, 1.2246467202362698e-16, -0.9999999403953552, -0.012398446083068847], [0.0, 0.0, 0.0, 1.0]], [[0.7319615483283997, -0.6813459396362305, -8.34408185873271e-17, -0.14053787338733673], [-0.6813459396362305, -0.7319615483283997, -8.963943878255857e-17, 0.13249138069152833], [0.0, 1.2246468525851679e-16, -1.0, -0.0009183015823364258], [0.0, 0.0, 0.0, 1.0]], [[0.974571168422699, 0.2240782380104065, 1.4679222589237894e-16, -0.1842596906423569], [-0.2240782380104065, 0.974571168422699, 9.190888489371416e-17, 0.042875936627388006], [-1.2246468525851679e-16, -1.2246468525851679e-16, 1.0, 0.04043275833129885], [0.0, 0.0, 0.0, 1.0]], [[0.5993219614028931, 0.530684769153595, -0.5993219614028931, -0.11297594857215883], [0.37525078654289246, -0.8475692868232727, -0.37525078654289246, -0.07104053562879563], [-0.7071067690849304, 8.659560603426554e-17, -0.7071067690849304, 0.17881189143657686], [0.0, 0.0, 0.0, 1.0]], [[-0.7319615483283997, 0.6813459396362305, 8.963943878255857e-17, 0.13760751450061798], [0.6813459396362305, 0.7319615483283997, -8.34408185873271e-17, -0.12642007637023928], [-1.2246468525851679e-16, 0.0, -1.0, -0.000918301582336405], [0.0, 0.0, 0.0, 1.0]], [[-0.8475692868232727, -0.530684769153595, 1.0379730332833858e-16, 0.1606417523622513], [-0.530684769153595, 0.8475692868232727, 6.499014474274799e-17, 0.10069104397296907], [-1.2246468525851679e-16, 0.0, -1.0, -0.022925508499145486], [0.0, 0.0, 0.0, 1.0]], [[-0.8475692868232727, -0.530684769153595, 1.0379730332833858e-16, 0.1581081191301346], [-0.530684769153595, 0.8475692868232727, 6.499014474274799e-17, 0.09991392719745637], [-1.2246468525851679e-16, 0.0, -1.0, 0.02224166488647463], [0.0, 0.0, 0.0, 1.0]], [[0.6760239601135254, -0.29322877526283264, 0.6760239601135254, -0.12620820236206057], [0.20734405517578125, 0.9560422897338867, 0.20734405517578125, -0.039046751499176025], [-0.7071067690849304, -8.659560603426554e-17, 0.7071067690849304, 0.16360033595561982], [0.0, 0.0, 0.0, 1.0]], [[0.03579118475317955, 0.9993593096733093, 1.2676938610580194e-16, -0.0067521543130278595], [-0.9993593096733093, 0.03579118475317955, -1.1800307155775277e-16, 0.1915531576871872], [-1.2246468525851679e-16, -1.2246468525851679e-16, 1.0, 0.038773948669433615], [0.0, 0.0, 0.0, 1.0]], [[0.1584443747997284, -0.9745720624923706, 0.1584443747997284, -0.02966767352819443], [0.6891264915466309, 0.22407418489456177, 0.6891264915466309, -0.1338033685684204], [-0.7071067094802856, -8.659559941682064e-17, 0.7071067094802856, 0.1809138367176056], [0.0, 0.0, 0.0, 1.0]], [[-0.8475692868232727, 0.530684769153595, -3.880715858559059e-17, 0.15678280365467073], [-0.530684769153595, -0.8475692868232727, -1.6878744807108658e-16, 0.0995074292421341], [-1.2246468525851679e-16, -1.2246468525851679e-16, 1.0, 0.013334154129028341], [0.0, 0.0, 0.0, 1.0]], [[-2.122840325155832e-16, 0.29322877526283264, -0.9560422897338867, 0.002356796503067053], [-6.510986755588647e-17, -0.9560422897338867, -0.29322877526283264, 0.0003529312908649555], [-1.0, 0.0, 2.220446049250313e-16, 0.23597339630126954], [0.0, 0.0, 0.0, 1.0]], [[4.9754463858811386e-17, -0.9745720624923706, -0.22407418489456177, 0.0003675818741321479], [2.1639846858709135e-16, 0.22407418489456177, -0.9745720624923706, 0.0002957097291946043], [0.9999999403953552, -2.719261971675979e-32, 2.220445916901415e-16, -0.19485197389125825], [0.0, 0.0, 0.0, 1.0]], [[-0.6760239601135254, 0.29322877526283264, -0.6760239601135254, 0.13445736598968508], [-0.20734405517578125, -0.9560422897338867, -0.20734405517578125, 0.039879215240478515], [-0.7071067690849304, 0.0, 0.7071067690849304, 0.17195943248271944], [0.0, 0.0, 0.0, 1.0]], [[0.6813464760780334, -0.7319610714912415, -6.198494463778364e-18, -0.12929993879795076], [0.7319610714912415, 0.6813464760780334, 1.7308026398733057e-16, -0.13917590153217316], [-1.2246467202362698e-16, -1.2246467202362698e-16, 0.9999999403953552, -0.035328987121582014], [0.0, 0.0, 0.0, 1.0]], [[0.22407418489456177, -0.9745720624923706, -9.19094870812001e-17, -0.04206815588474274], [0.9745720624923706, 0.22407418489456177, 1.4679184208057471e-16, -0.18996967577934265], [-1.2246467202362698e-16, -1.2246467202362698e-16, 0.9999999403953552, -0.04456460571289061], [0.0, 0.0, 0.0, 1.0]], [[1.178336782031917e-16, -0.8475749492645264, 0.5306757092475891, 0.0021435034275054735], [-1.8819944475379521e-16, -0.5306757092475891, -0.8475749492645264, -0.005157030582427946], [0.9999999403953552, 0.0, -2.220445916901415e-16, -0.20263984048366548], [0.0, 0.0, 0.0, 1.0]], [[0.5175749659538269, 0.6813459396362305, -0.5175749659538269, -0.10106540286540985], [-0.48178431391716003, 0.7319615483283997, 0.48178431391716003, 0.0965886761546135], [0.7071067690849304, 0.0, 0.7071067690849304, -0.15345696437358858], [0.0, 0.0, 0.0, 1.0]], [[-0.7319615483283997, 0.6813459396362305, 8.963943878255857e-17, 0.13958805572986605], [0.6813459396362305, 0.7319615483283997, -8.34408185873271e-17, -0.1295832986831665], [-1.2246468525851679e-16, 0.0, -1.0, 0.03073383140563967], [0.0, 0.0, 0.0, 1.0]], [[0.22407418489456177, 0.9745720624923706, -2.7441174190964858e-17, -0.042137337327003484], [0.9745720624923706, -0.22407418489456177, -1.1935066127216496e-16, -0.18803802752494814], [-1.2246467202362698e-16, 0.0, -0.9999999403953552, 0.046563560485839865], [0.0, 0.0, 0.0, 1.0]], [[0.4817847013473511, -0.7319610714912415, -0.4817847013473511, -0.09138320231437683], [0.5175746083259583, 0.6813464760780334, -0.5175746083259583, -0.09844247353076935], [0.7071067094802856, -8.659559941682064e-17, 0.7071067094802856, -0.1696792633533478], [0.0, 0.0, 0.0, 1.0]], [[0.7319615483283997, 0.6813459396362305, 0.0, -0.13822563469409943], [-0.6813459396362305, 0.7319615483283997, 0.0, 0.12879838752746584], [0.0, 0.0, 1.0, -0.04288823318481445], [0.0, 0.0, 0.0, 1.0]], [[-0.3752443790435791, 0.8475749492645264, -0.3752443790435791, 0.07343993520736694], [0.599325954914093, 0.5306757092475891, 0.599325954914093, -0.11902896130084992], [0.7071067094802856, 8.659559941682064e-17, -0.7071067094802856, -0.14699012684822083], [0.0, 0.0, 0.0, 1.0]], [[-0.22407418489456177, 0.9745720624923706, 0.0, 0.04308003437519074], [-0.9745720624923706, -0.22407418489456177, 0.0, 0.18036770701408386], [0.0, 0.0, 0.9999999403953552, -0.04456460571289063], [0.0, 0.0, 0.0, 1.0]], [[0.974571168422699, 0.2240782380104065, 1.4679222589237894e-16, -0.19043266999721528], [-0.2240782380104065, 0.974571168422699, 9.190888489371416e-17, 0.04265487205982209], [-1.2246468525851679e-16, -1.2246468525851679e-16, 1.0, 0.02479325866699221], [0.0, 0.0, 0.0, 1.0]], [[-0.5306757092475891, -0.8475749492645264, 0.0, 0.10308108913898469], [0.8475749492645264, -0.5306757092475891, 0.0, -0.16655230474472046], [0.0, 0.0, 0.9999999403953552, 0.01692298126220703], [0.0, 0.0, 0.0, 1.0]], [[0.5306757092475891, 0.8475749492645264, 1.6878703778950275e-16, -0.09868488132953644], [-0.8475749492645264, 0.5306757092475891, -3.880896514804841e-17, 0.1558822102546692], [-1.2246467202362698e-16, -1.2246467202362698e-16, 0.9999999403953552, -0.012639851570129375], [0.0, 0.0, 0.0, 1.0]], [[-7.947239478318557e-18, 0.9993593096733093, 0.03579118475317955, 0.0007560378909111037], [2.21902343094562e-16, 0.03579118475317955, -0.9993593096733093, -0.0006331197023392101], [-1.0, 2.7192622655495665e-32, -2.220446049250313e-16, 0.2040387420654297], [0.0, 0.0, 0.0, 1.0]], [[0.6813464760780334, -0.7319610714912415, -6.198494463778364e-18, -0.1279019981622696], [0.7319610714912415, 0.6813464760780334, 1.7308026398733057e-16, -0.13805927479267122], [-1.2246467202362698e-16, -1.2246467202362698e-16, 0.9999999403953552, 0.03185247230529787], [0.0, 0.0, 0.0, 1.0]], [[0.7319615483283997, -0.6813459396362305, -8.34408185873271e-17, -0.1405420161485672], [-0.6813459396362305, -0.7319615483283997, -8.963943878255857e-17, 0.13249799728393555], [0.0, 1.2246468525851679e-16, -1.0, 0.03670837783813476], [0.0, 0.0, 0.0, 1.0]], [[-0.8475692868232727, 0.530684769153595, -3.880715858559059e-17, 0.15595215046405794], [-0.530684769153595, -0.8475692868232727, -1.6878744807108658e-16, 0.09925264751911164], [-1.2246468525851679e-16, -1.2246468525851679e-16, 1.0, 0.04784477615356447], [0.0, 0.0, 0.0, 1.0]], [[-0.8475692868232727, -0.530684769153595, 1.0379730332833858e-16, 0.15595215046405794], [-0.530684769153595, 0.8475692868232727, 6.499014474274799e-17, 0.09925264751911164], [-1.2246468525851679e-16, 0.0, -1.0, 0.04784477615356447], [0.0, 0.0, 0.0, 1.0]], [[0.7319615483283997, -0.6813459396362305, -8.34408185873271e-17, -0.1400534955263138], [-0.6813459396362305, -0.7319615483283997, -8.963943878255857e-17, 0.13171775722503665], [0.0, 1.2246468525851679e-16, -1.0, -0.009895602226257325], [0.0, 0.0, 0.0, 1.0]], [[-0.1584443747997284, -0.9745720624923706, -0.1584443747997284, 0.030426682889461522], [-0.6891264915466309, 0.22407418489456177, -0.6891264915466309, 0.13126199436187744], [0.7071067094802856, 8.659559941682064e-17, -0.7071067094802856, -0.15466725468635562], [0.0, 0.0, 0.0, 1.0]], [[0.9560422897338867, -0.29322877526283264, 8.117124674471841e-17, -0.17563522243499757], [0.29322877526283264, 0.9560422897338867, 1.5299159385888416e-16, -0.055229622423648844], [-1.2246468525851679e-16, -1.2246468525851679e-16, 1.0, 0.037609146118164086], [0.0, 0.0, 0.0, 1.0]], [[0.6813464760780334, 0.7319610714912415, -8.34408847617761e-17, -0.13181508791446686], [0.7319610714912415, -0.6813464760780334, -8.963937922555447e-17, -0.14391642582416536], [-1.2246467202362698e-16, 0.0, -0.9999999403953552, 0.007241786003112814], [0.0, 0.0, 0.0, 1.0]], [[-1.5128930909780923e-16, -0.7319610714912415, 0.6813464760780334, -0.002495634794235204], [-1.625280069397753e-16, 0.6813464760780334, 0.7319610714912415, -0.005100875377655001], [-0.9999999403953552, 2.719261971675979e-32, -2.220445916901415e-16, 0.2136188977956772], [0.0, 0.0, 0.0, 1.0]], [[-0.03579118475317955, 0.9993593096733093, 1.2238622883177736e-16, 0.007605802319943906], [0.9993593096733093, 0.03579118475317955, 4.38315603325367e-18, -0.1906725996732712], [0.0, 1.2246468525851679e-16, -1.0, -0.004274720668792724], [0.0, 0.0, 0.0, 1.0]], [[-0.5306757092475891, 0.8475749492645264, 1.0379799816005313e-16, 0.1012560168504715], [0.8475749492645264, 0.5306757092475891, 6.498903301200472e-17, -0.16060156202316284], [0.0, 1.2246467202362698e-16, -0.9999999403953552, 0.038773948669433594], [0.0, 0.0, 0.0, 1.0]], [[-0.22407418489456177, 0.9745720624923706, 0.0, 0.04289992010593415], [-0.9745720624923706, -0.22407418489456177, 0.0, 0.18539681887626647], [0.0, 0.0, 0.9999999403953552, 0.027738155364990236], [0.0, 0.0, 0.0, 1.0]], [[0.5306757092475891, -0.8475749492645264, -6.498903301200472e-17, -0.0994267693758011], [-0.8475749492645264, -0.5306757092475891, 1.0379799816005313e-16, 0.15830122900009155], [-1.2246467202362698e-16, 0.0, -0.9999999403953552, 0.0002983665168285578], [0.0, 0.0, 0.0, 1.0]], [[0.974571168422699, 0.2240782380104065, 1.4679222589237894e-16, -0.19049349534511567], [-0.2240782380104065, 0.974571168422699, 9.190888489371416e-17, 0.04265269482135773], [-1.2246468525851679e-16, -1.2246468525851679e-16, 1.0, 0.04457277297973635], [0.0, 0.0, 0.0, 1.0]], [[-0.974571168422699, -0.2240782380104065, 0.0, 0.18324346101284028], [0.2240782380104065, -0.974571168422699, 0.0, -0.042375301480293275], [0.0, 0.0, 1.0, -0.03519253158569336], [0.0, 0.0, 0.0, 1.0]], [[-4.9754463858811386e-17, 0.9745720624923706, -0.22407418489456177, 0.0014073082208633507], [-2.1639846858709135e-16, -0.22407418489456177, -0.9745720624923706, 0.0022553553581238163], [-0.9999999403953552, 0.0, 2.220445916901415e-16, 0.2274627584218979], [0.0, 0.0, 0.0, 1.0]], [[-1.8819818743926413e-16, 0.530684769153595, 0.8475692868232727, -0.002005307674407927], [-1.1783568990644144e-16, -0.8475692868232727, 0.530684769153595, -0.0006325416564941206], [1.0, -2.7192622655495665e-32, 2.220446049250313e-16, -0.19346157264709474], [0.0, 0.0, 0.0, 1.0]], [[1.178336782031917e-16, -0.8475749492645264, 0.5306757092475891, 0.0004033366739749708], [-1.8819944475379521e-16, -0.5306757092475891, -0.8475749492645264, 0.0005168951749801956], [0.9999999403953552, 0.0, -2.220445916901415e-16, -0.22702541863918307], [0.0, 0.0, 0.0, 1.0]], [[-0.025308189913630486, -0.9993593096733093, 0.025308189913630486, 0.004832431893795728], [0.7066537141799927, -0.03579118475317955, -0.7066537141799927, -0.13251009964942934], [0.7071067690849304, 0.0, 0.7071067690849304, -0.17137571513652802], [0.0, 0.0, 0.0, 1.0]], [[-7.947239478318557e-18, 0.9993593096733093, 0.03579118475317955, 0.0006507792472839369], [2.21902343094562e-16, 0.03579118475317955, -0.9993593096733093, -0.00028992983698848684], [-1.0, 2.7192622655495665e-32, -2.220446049250313e-16, 0.23586599731445312], [0.0, 0.0, 0.0, 1.0]], [[0.4817847013473511, -0.7319610714912415, -0.4817847013473511, -0.09403672766685486], [0.5175746083259583, 0.6813464760780334, -0.5175746083259583, -0.10344383442401886], [0.7071067094802856, -8.659559941682064e-17, 0.7071067094802856, -0.15286447072029113], [0.0, 0.0, 0.0, 1.0]], [[0.4817847013473511, -0.7319610714912415, -0.4817847013473511, -0.08955994009971618], [0.5175746083259583, 0.6813464760780334, -0.5175746083259583, -0.0970595408678055], [0.7071067094802856, -8.659559941682064e-17, 0.7071067094802856, -0.17561395955085757], [0.0, 0.0, 0.0, 1.0]], [[0.8475692868232727, 0.530684769153595, 6.499014474274799e-17, -0.16304347240924838], [0.530684769153595, -0.8475692868232727, -1.0379730332833858e-16, -0.10146264755725862], [0.0, 1.2246468525851679e-16, -1.0, -0.0034615731239318846], [0.0, 0.0, 0.0, 1.0]], [[0.6813464760780334, 0.7319610714912415, -8.34408847617761e-17, -0.12645425093173981], [0.7319610714912415, -0.6813464760780334, -8.963937922555447e-17, -0.13715281212329866], [-1.2246467202362698e-16, 0.0, -0.9999999403953552, -0.020782211303710916], [0.0, 0.0, 0.0, 1.0]], [[-4.9754463858811386e-17, 0.9745720624923706, -0.22407418489456177, 0.000436757624149331], [-2.1639846858709135e-16, -0.22407418489456177, -0.9745720624923706, -0.0028693358898162474], [-0.9999999403953552, 0.0, 2.220445916901415e-16, 0.23656355035305027], [0.0, 0.0, 0.0, 1.0]], [[-0.9560422897338867, 0.29322877526283264, 0.0, 0.1870626735687256], [-0.29322877526283264, -0.9560422897338867, 0.0, 0.05617591816186906], [0.0, 0.0, 1.0, -0.034347259521484375], [0.0, 0.0, 0.0, 1.0]], [[7.947239478318557e-18, 0.9993593096733093, -0.03579118475317955, 0.0006470472812652575], [-2.21902343094562e-16, 0.03579118475317955, 0.9993593096733093, -0.00027776867151256605], [1.0, -2.7192622655495665e-32, 2.220446049250313e-16, -0.21598772430419924], [0.0, 0.0, 0.0, 1.0]], [[0.8475692868232727, 0.530684769153595, 6.499014474274799e-17, -0.16621578037738802], [0.530684769153595, -0.8475692868232727, -1.0379730332833858e-16, -0.10243565475940705], [0.0, 1.2246468525851679e-16, -1.0, -0.018027418136596682], [0.0, 0.0, 0.0, 1.0]], [[-0.4817847013473511, 0.7319610714912415, -0.4817847013473511, 0.09309292578697205], [-0.5175746083259583, -0.6813464760780334, -0.5175746083259583, 0.0993525048494339], [-0.7071067094802856, 0.0, 0.7071067094802856, 0.166202746629715], [0.0, 0.0, 0.0, 1.0]], [[0.025308189913630486, -0.9993593096733093, -0.025308189913630486, -0.004876873534172773], [-0.7066537141799927, -0.03579118475317955, 0.7066537141799927, 0.13631888699531555], [-0.7071067690849304, 0.0, -0.7071067690849304, 0.16490628612041475], [0.0, 0.0, 0.0, 1.0]], [[-0.22407418489456177, 0.9745720624923706, 0.0, 0.042896346688270574], [-0.9745720624923706, -0.22407418489456177, 0.0, 0.18549665331840515], [0.0, 0.0, 0.9999999403953552, -0.020316980361938478], [0.0, 0.0, 0.0, 1.0]], [[1.5128930909780923e-16, -0.7319610714912415, -0.6813464760780334, -0.00249763441085818], [1.625280069397753e-16, 0.6813464760780334, -0.7319610714912415, -0.005104659080505399], [0.9999999403953552, -2.719261971675979e-32, 2.220445916901415e-16, -0.2085141843557358], [0.0, 0.0, 0.0, 1.0]], [[0.6891258955001831, 0.2240782380104065, 0.6891258955001831, -0.13511029314994813], [-0.1584472358226776, 0.974571168422699, -0.1584472358226776, 0.030223912179470062], [-0.7071067690849304, -8.659560603426554e-17, 0.7071067690849304, 0.16642418849468232], [0.0, 0.0, 0.0, 1.0]], [[1.5128930909780923e-16, 0.7319610714912415, 0.6813464760780334, 0.0030015797615051015], [1.625280069397753e-16, -0.6813464760780334, 0.7319610714912415, 0.0019197916984557831], [0.9999999403953552, 0.0, -2.220445916901415e-16, -0.21078220117092134], [0.0, 0.0, 0.0, 1.0]], [[-1.178336782031917e-16, 0.8475749492645264, 0.5306757092475891, 0.00024622122943403343], [1.8819944475379521e-16, 0.5306757092475891, -0.8475749492645264, 0.001029162883758513], [-0.9999999403953552, 2.719261971675979e-32, -2.220445916901415e-16, 0.21011119210720064], [0.0, 0.0, 0.0, 1.0]], [[-0.4817847013473511, 0.7319610714912415, 0.4817847013473511, 0.09061446261405945], [-0.5175746083259583, -0.6813464760780334, 0.5175746083259583, 0.09619936287403108], [0.7071067094802856, 0.0, 0.7071067094802856, -0.1779650948047638], [0.0, 0.0, 0.0, 1.0]], [[0.22407418489456177, 0.9745720624923706, -2.7441174190964858e-17, -0.04245601761341095], [0.9745720624923706, -0.22407418489456177, -1.1935066127216496e-16, -0.18534322810173035], [-1.2246467202362698e-16, 0.0, -0.9999999403953552, 0.02537794876098635], [0.0, 0.0, 0.0, 1.0]], [[0.22407418489456177, -0.9745720624923706, -9.19094870812001e-17, -0.04211020529270173], [0.9745720624923706, 0.22407418489456177, 1.4679184208057471e-16, -0.18879563784599304], [-1.2246467202362698e-16, -1.2246467202362698e-16, 0.9999999403953552, -0.035974861145019514], [0.0, 0.0, 0.0, 1.0]], [[-0.4817847013473511, 0.7319610714912415, -0.4817847013473511, 0.09233987402915955], [-0.5175746083259583, -0.6813464760780334, -0.5175746083259583, 0.09945135033130646], [-0.7071067094802856, 0.0, 0.7071067094802856, 0.17181304478645326], [0.0, 0.0, 0.0, 1.0]], [[-4.9754463858811386e-17, -0.9745720624923706, 0.22407418489456177, -0.00011697716265915978], [-2.1639846858709135e-16, 0.22407418489456177, 0.9745720624923706, -0.0006175670027732482], [-0.9999999403953552, 2.719261971675979e-32, -2.220445916901415e-16, 0.20790397393703464], [0.0, 0.0, 0.0, 1.0]], [[-0.7319615483283997, -0.6813459396362305, -1.7308025075244077e-16, 0.1363465348482132], [0.6813459396362305, -0.7319615483283997, -6.198620195231472e-18, -0.12440607166290285], [-1.2246468525851679e-16, -1.2246468525851679e-16, 1.0, -0.019106678009033182], [0.0, 0.0, 0.0, 1.0]], [[0.5175749659538269, -0.6813459396362305, -0.5175749659538269, -0.09855683887004853], [-0.48178431391716003, -0.7319615483283997, 0.48178431391716003, 0.09258209484815598], [-0.7071067690849304, 8.659560603426554e-17, -0.7071067690849304, 0.1780254229307175], [0.0, 0.0, 0.0, 1.0]]], "foliation_name": "slide_shelf_1", "similarity_matrix": [[1.0, 0.001403073735258456, 0.00916402070075801, 0.0, 0.028948747390978805, 0.0, 0.03396346269088025, 0.010607242557239988, 0.029175614079999936, 0.008352738645891006, 0.9287356214953137, 0.004990610587823624, 0.004940574851869501, 0.2877047053835309, 0.3651633525378301, 0.01271965096135534, 0.5257747014319022, 0.03554123764987123, 0.027781239271128966, 0.00193302812528722, 0.9699055725760121, 0.0020243600963266513, 0.13428416509388608, 0.005415171507023616, 0.045338465609694574, 0.0, 0.001094188917750262, 0.0, 0.6071702761020428, 0.028435952182274984, 0.610570967447222, 0.15460721752219334, 0.02154730162443629, 0.001192826645211821, 0.005222748354502431, 0.35810574628711983, 0.3120108025166929, 0.00283924177810569, 0.6647499034095142, 0.0, 0.3312148431755273, 0.00439683762301526, 0.049984109829813175, 0.027767880485038813, 0.0013012813854488597, 0.0, 0.04012262342504707, 0.12376198098753387, 0.003950362802012989, 0.0, 0.0032686005497824227, 0.16789534455331723, 0.005609028636156068, 0.9962487799916437, 0.020742741513911266, 0.0016759500058903232, 0.3449153943982133, 0.00974225040905206, 0.001094188917750262, 0.12623161097970823, 0.2651654177456306, 0.2651654177456306, 0.15971479633901556, 0.43223865740623063, 0.004212344573310526, 0.0, 0.006989522690980589, 0.0, 0.001811273900744984, 0.8156937369813391, 0.33033520750657697, 0.01800826274781137, 0.03048454070845588, 0.005698501985046218, 0.049720756851866485, 0.028577593147086945, 0.0026608427450620477, 0.004327427210755513, 0.003380286143838467, 0.0032094432272560197, 0.002047078115328374, 0.0014430297531177409, 0.00404506389029294, 0.16150337469076015, 0.0346105115586769, 0.00193302812528722, 0.08150751207843175, 0.10700407848771208, 0.9870428646371657, 0.0356291298854222, 0.008374971191135406, 0.039885354561384846, 0.008641503281722382, 0.22639432011660096, 0.0, 0.0, 0.07298222237778772, 0.008839968985684937, 0.005896626566318262, 0.025002226914989097], [0.001403073735258456, 1.0, 0.2720740035565593, 0.3467928044283697, 0.006769306548096345, 0.07826815699531238, 0.036365865581073534, 0.009390032252952134, 0.02982048051938883, 0.00823961858942557, 0.001111364788450605, 0.612633110463377, 0.057255329605725054, 0.00946132455570093, 0.0, 0.010582478236062707, 0.0, 0.03396793652517466, 0.10675232189301097, 0.8482813340918339, 0.0013120988804474264, 0.0614121008452558, 0.02162340623033024, 0.004354188473343387, 0.04527525737072963, 0.33143977696206034, 0.7654297834337692, 0.2400085562672007, 0.0, 0.1638733394991885, 0.0, 0.023671448578741528, 0.11917615059446689, 0.07028088577450077, 0.027266313215575103, 0.0, 0.0, 0.07529445964701689, 0.0015239302281398791, 0.05246248583664006, 0.0, 0.0035311784697618365, 0.05231408173076011, 0.0, 0.9979791309796726, 0.6056760380067446, 0.04869311669799639, 0.03298796031412602, 0.021716144063410246, 0.41641212104261566, 0.38017517089301744, 0.028433382514923174, 0.07463472395435503, 0.0014575972570937442, 0.12943652395573135, 0.05676467997398189, 0.012321702781572835, 0.008446449869922216, 0.7654297834337692, 0.018939769477795985, 0.0, 0.0, 0.024978304481269233, 0.004027834468758301, 0.46400098955318014, 0.8865145788145492, 0.007353867347851926, 0.3260742322268954, 0.05168231240250258, 0.0, 0.010984897854131799, 0.11134136900665861, 0.0050485680602023585, 0.004397209954198421, 0.055777965396036217, 0.030191109733355162, 0.17848753469897002, 0.003653464093733711, 0.47822931454790985, 0.3473630428422827, 0.8181584838918596, 0.979172207731848, 0.003722156112836228, 0.00105900128857074, 0.037131552177838985, 0.8482813340918339, 0.0, 0.0012937963948371177, 0.0012105378797442293, 0.04687028708000044, 0.02810371372419172, 0.03821300842537277, 0.00714252691387048, 0.0023359937806366016, 0.49829948605242896, 0.6090543730667318, 0.0, 0.007759381823778934, 0.029767370434741355, 0.006076357561191677], [0.00916402070075801, 0.2720740035565593, 1.0, 0.049126401490198715, 0.001221822754432819, 0.0017661399408170847, 0.38588437679078924, 0.0, 0.3642087402667204, 0.0, 0.004662335098616363, 0.2985432379510089, 0.11378538365063734, 0.020150189085732045, 0.003209736868766243, 0.0, 0.001529551398711453, 0.37314692529264737, 0.7830462704548043, 0.23930327988323535, 0.006298944734636738, 0.007534679443868837, 0.03281327251113472, 0.0, 0.403241050370087, 0.03407583399706479, 0.08177811627126982, 0.013591562652875738, 0.002354655202431594, 0.21047961187596156, 0.0024304486519008107, 0.05543737899879454, 0.06659242543373868, 0.002233231595439856, 0.005568542609376651, 0.0023113088338042693, 0.0011626480687695034, 0.003978016108614678, 0.004129440099627085, 0.0, 0.0014377836321812524, 0.0, 0.4178954329854052, 0.0, 0.2481250946940804, 0.1065676705219069, 0.40734490396901685, 0.3851681683205234, 0.0028644197861876267, 0.023363899548756093, 0.7967624140650232, 0.1097216285798527, 0.10284450057561571, 0.010496226866438921, 0.0878483809760398, 0.006115774796334819, 0.04304715600524448, 0.0, 0.08177811627126982, 0.02745785375014087, 0.0, 0.0, 0.06510300622442937, 0.07165567451341513, 0.10228866620669273, 0.12211123640521893, 0.0, 0.03484414867452149, 0.004460998920667181, 0.002939703170111572, 0.03332239027739037, 0.05872242479555139, 0.0037438169661508348, 0.0, 0.43327410958774365, 0.36431101577353514, 0.28488034216879893, 0.0, 0.7690079854747105, 0.7966462955914415, 0.19382716877789646, 0.206599406376892, 0.0, 0.0020851833616019637, 0.3862143281342452, 0.23930327988323535, 0.0, 0.0, 0.006744615990520178, 0.42192960571392524, 0.002824779722367715, 0.3805129738247898, 0.0, 0.040760850477559785, 0.037619917399826, 0.09716865440105735, 0.0, 0.0, 0.007823006576445402, 0.0], [0.0, 0.3467928044283697, 0.049126401490198715, 1.0, 0.0013798604851363214, 0.13335021490010554, 0.02617301679969855, 0.013043740565222742, 0.020941051536181424, 0.012032606469889932, 0.0, 0.06981111338968449, 0.2104931529627763, 0.0011122668520488067, 0.00457692040898105, 0.014524737230959508, 0.0022436101290761483, 0.024609504062302282, 0.011717720459961377, 0.15017141356939914, 0.0, 0.5778787886854069, 0.0017601247522947942, 0.006149780368492338, 0.03350512758932227, 0.9597666794882747, 0.2955249700137876, 0.7724761203675097, 0.0020158579178473487, 0.010444681622543526, 0.002025755043588307, 0.001757934232652072, 0.008430609963256803, 0.029235481073820704, 0.3390314137605061, 0.004479400992706483, 0.004239515316862229, 0.021643608075123773, 0.0, 0.09364179113242269, 0.004551472323809943, 0.005241038793407941, 0.03907058834395735, 0.004443333545388401, 0.34323353683404395, 0.8694891973181793, 0.03787427834596765, 0.004015392502697139, 0.2959902511774548, 0.6795319254112282, 0.14349797658512548, 0.0020867561105019027, 0.30034208904683746, 0.0, 0.008234730222140938, 0.5614511898232475, 0.0013954861483797612, 0.011730004628996952, 0.2955249700137876, 0.0014866790049822248, 0.00381537540532423, 0.00381537540532423, 0.0018502223029504502, 0.0024086909055720065, 0.061496496214631186, 0.32243234187199915, 0.01015412227807161, 0.9766881819014124, 0.499872766470315, 0.0, 0.0012383467105353781, 0.007292651143729446, 0.07124095595416473, 0.006293866767726007, 0.04062759216905952, 0.02144898288051627, 0.29421937760603417, 0.005315367655195928, 0.18343724755663188, 0.13220380799555193, 0.1537892637020808, 0.35404068038538394, 0.005479020500872308, 0.009535049687716566, 0.027030912341822946, 0.15017141356939914, 0.0016328222878759131, 0.0, 0.0, 0.03392667638521047, 0.004992109953956625, 0.028614993051238987, 0.00985796682760531, 0.003673970342011218, 0.772901616157843, 0.8799587126596311, 0.0014666759257854875, 0.010712395776716836, 0.3501793000260413, 0.001285599302870804], [0.028948747390978805, 0.006769306548096345, 0.001221822754432819, 0.0013798604851363214, 1.0, 0.061588705817495815, 0.0, 0.36436106493005527, 0.0, 0.33752227176368077, 0.0572694573033406, 0.03456688574763223, 0.0, 0.29336081870104147, 0.003483557838244538, 0.3746462874566827, 0.023835275082529583, 0.0, 0.0023090648200307894, 0.019253694536972708, 0.046571909980010345, 0.0012975670617438918, 0.32626741131336146, 0.33395669201782113, 0.0, 0.0026612497245249826, 0.024347561848204594, 0.00443680186370704, 0.012334045105693098, 0.08950320492841865, 0.011997090972008299, 0.1952069292534268, 0.2609336563934467, 0.25075765007477474, 0.0011621003513438356, 0.005096154175467818, 0.011836205967459297, 0.39436276402708415, 0.1689385770910841, 0.057316036259432365, 0.01068396664535667, 0.30833093252201704, 0.0, 0.05535159234948295, 0.007385114647367153, 0.0014232507939685728, 0.0, 0.005143855370036342, 0.0017034366540234077, 0.007169576111697582, 0.0, 0.08881333303342132, 0.0, 0.024371187607592385, 0.1988470846741083, 0.001265259379061271, 0.15330447096483818, 0.3629924699306829, 0.024347561848204594, 0.34736300256733654, 0.017738071223837158, 0.017738071223837158, 0.16741694636763477, 0.001967369095457435, 0.10023063935045567, 0.014428558363394944, 0.3461350239580371, 0.0020438479330110045, 0.0021072715646861303, 0.08561225932741641, 0.1899366772784038, 0.26027619032050725, 0.0, 0.3336874138065857, 0.0, 0.0, 0.0, 0.3120230030893344, 0.0, 0.0, 0.026114578079337605, 0.010433653790624813, 0.3036494703294787, 0.0018183523399713326, 0.0, 0.019253694536972708, 0.15520885934470824, 0.5829751935514979, 0.03826241272175714, 0.0, 0.7630095014527665, 0.0, 0.36260512358257985, 0.0, 0.00581585800247854, 0.0017699862946550624, 0.15764960085009458, 0.3613245758129032, 0.0, 0.9972986307506071], [0.0, 0.07826815699531238, 0.0017661399408170847, 0.13335021490010554, 0.061588705817495815, 1.0, 0.0, 0.38443426689921295, 0.0, 0.39238854900149145, 0.0014056832283358136, 0.042519519944048886, 0.002244255597158721, 0.004899700379543684, 0.0013915497676917593, 0.38338637017572846, 0.0033589777283876414, 0.0, 0.0, 0.07479026494065223, 0.0012536039275459724, 0.12583003588073546, 0.007923534518836605, 0.318826104987243, 0.0, 0.2245786744741456, 0.2638844742511475, 0.39791928627740747, 0.0016080693523503396, 0.011618959300185664, 0.0015646475346972216, 0.004470026005037276, 0.03205161474415745, 0.5838642644920252, 0.06517414884345944, 0.002004450075101569, 0.00448522741251382, 0.4126529753763314, 0.0025089369111652047, 0.9819641110425488, 0.004079433309450633, 0.3062194466836657, 0.0, 0.06027462348070232, 0.08649048379084393, 0.09840808151431844, 0.0, 0.0, 0.10053892369926407, 0.4320069522286129, 0.0031763521656226652, 0.002322449260790305, 0.004890961796763554, 0.0, 0.023835879753296176, 0.1352512538443402, 0.0027998963614276865, 0.37508898787396977, 0.2638844742511475, 0.007703993220756187, 0.0065737617110940465, 0.0065737617110940465, 0.003943521529995782, 0.0, 0.11961774901445618, 0.1775910441805459, 0.38333221343359813, 0.19522480803317302, 0.18945452435653387, 0.00208518396205169, 0.0032334327364065565, 0.03064453916743499, 0.009980165195418403, 0.3178107425143322, 0.0, 0.0, 0.003603292469967672, 0.31070296991204754, 0.005476538125079913, 0.002617319976859301, 0.10013178005160747, 0.11746294324696598, 0.31977720143981103, 0.0023922317417005216, 0.0, 0.07479026494065223, 0.033283771763797515, 0.027398219385790505, 0.0, 0.0, 0.15712495940305485, 0.0, 0.3576756024007692, 0.0, 0.3356024235607491, 0.11789762531624548, 0.033386108295897825, 0.36967564743594905, 0.048612875187525266, 0.0644148786133186], [0.03396346269088025, 0.036365865581073534, 0.38588437679078924, 0.02617301679969855, 0.0, 0.0, 1.0, 0.0, 0.9951270834247586, 0.0, 0.014588284224433664, 0.026681142384886093, 0.3659107579338096, 0.008625654204643153, 0.037666229210665404, 0.0, 0.010005829091694554, 0.9994889867307449, 0.3522407057098596, 0.020347916840931284, 0.02076907890830158, 0.012021883230488868, 0.007638298794102029, 0.0, 0.9888410000568507, 0.015823474579908733, 0.00759898197215889, 0.0050959296434700515, 0.019235782095232447, 0.026014075767096478, 0.019975916300580383, 0.014886215222923107, 0.006004793968357144, 0.0, 0.016776908052473626, 0.025116510001646154, 0.009879839846183548, 0.0, 0.005994997997076038, 0.0, 0.012493918503961417, 0.0, 0.9751545251137441, 0.0, 0.03133458719722106, 0.03379736221255762, 0.9877653573069313, 0.30700244772669966, 0.007504799914690739, 0.004776034169412101, 0.36157788185550527, 0.036662443395661756, 0.2935665454339334, 0.04038613793903289, 0.007920703146527241, 0.009430667554217259, 0.022457825670471814, 0.0, 0.00759898197215889, 0.006130899429971436, 0.005382036371873233, 0.005382036371873233, 0.01831873356149509, 0.33212545652444386, 0.007093468302168256, 0.011922170190424786, 0.0, 0.01669945712960392, 0.00619148005320713, 0.008125866614826513, 0.016326804468979855, 0.004797984951401358, 0.03252240201596965, 0.0, 0.9717891996130488, 0.9952501230559672, 0.3731427552523693, 0.0, 0.3052487104929578, 0.3826094266767442, 0.016023249402275667, 0.025373067363140656, 0.0, 0.027901942967957515, 0.9998939997098388, 0.020347916840931284, 0.0, 0.0, 0.023498216646514223, 0.9944817977236474, 0.0, 0.9973038329873442, 0.0, 0.3872189810645566, 0.008594476243241523, 0.029675292451220747, 0.0, 0.0, 0.025532942600366152, 0.0], [0.010607242557239988, 0.009390032252952134, 0.0, 0.013043740565222742, 0.36436106493005527, 0.38443426689921295, 0.0, 1.0, 0.0, 0.9966348680092441, 0.02246776277454493, 0.013433123828011043, 0.0, 0.03855128711531136, 0.008825669635726343, 0.9978409749576758, 0.03821121351846127, 0.0, 0.0, 0.013753451948225045, 0.018209070321623062, 0.027030919931613554, 0.038402187553971