{
 "cells": [
  {
   "cell_type": "code",
   "execution_count": 3,
   "id": "initial_id",
   "metadata": {
    "tags": []
   },
   "outputs": [
    {
     "name": "stdout",
     "output_type": "stream",
     "text": [
      "Key: arr_60\n",
      "Matrix associated with key 'arr_60':\n",
      "[[-2.81566408e-18 -9.99919593e-01 -1.26806237e-02  5.72701275e-04]\n",
      " [-2.22026751e-16  1.26806237e-02 -9.99919593e-01 -1.22395630e-01]\n",
      " [ 1.00000000e+00  0.00000000e+00 -2.22044605e-16  1.58945913e-02]\n",
      " [ 0.00000000e+00  0.00000000e+00  0.00000000e+00  1.00000000e+00]]\n",
      "--------------------------------------------------\n",
      "Key: arr_61\n",
      "Matrix associated with key 'arr_61':\n",
      "[[-2.81566408e-18  9.99919593e-01  1.26806237e-02  5.72701275e-04]\n",
      " [-2.22026751e-16 -1.26806237e-02  9.99919593e-01 -1.22395630e-01]\n",
      " [ 1.00000000e+00 -2.71926227e-32  2.22044605e-16  1.58945913e-02]\n",
      " [ 0.00000000e+00  0.00000000e+00  0.00000000e+00  1.00000000e+00]]\n",
      "--------------------------------------------------\n",
      "Key: arr_62\n",
      "Matrix associated with key 'arr_62':\n",
      "[[ 0.01268062 -0.99991959  0.         -0.00157553]\n",
      " [ 0.99991959  0.01268062  0.         -0.29179404]\n",
      " [ 0.          0.          1.          0.03352694]\n",
      " [ 0.          0.          0.          1.        ]]\n",
      "--------------------------------------------------\n",
      "Key: arr_63\n",
      "Matrix associated with key 'arr_63':\n",
      "[[ 1.26806237e-02  9.99919593e-01  1.22454839e-16 -1.57552624e-03]\n",
      " [ 9.99919593e-01 -1.26806237e-02 -1.55292862e-18 -2.91794037e-01]\n",
      " [ 0.00000000e+00  1.22464685e-16 -1.00000000e+00  3.35269356e-02]\n",
      " [ 0.00000000e+00  0.00000000e+00  0.00000000e+00  1.00000000e+00]]\n",
      "--------------------------------------------------\n",
      "Key: arr_64\n",
      "Matrix associated with key 'arr_64':\n",
      "[[-2.81566408e-18 -9.99919593e-01 -1.26806237e-02 -1.32191384e-03]\n",
      " [-2.22026751e-16  1.26806237e-02 -9.99919593e-01 -2.71795624e-01]\n",
      " [ 1.00000000e+00  0.00000000e+00 -2.22044605e-16  1.35269365e-02]\n",
      " [ 0.00000000e+00  0.00000000e+00  0.00000000e+00  1.00000000e+00]]\n",
      "--------------------------------------------------\n",
      "Key: arr_65\n",
      "Matrix associated with key 'arr_65':\n",
      "[[-2.81566408e-18  9.99919593e-01  1.26806237e-02 -1.32191384e-03]\n",
      " [-2.22026751e-16 -1.26806237e-02  9.99919593e-01 -2.71795624e-01]\n",
      " [ 1.00000000e+00 -2.71926227e-32  2.22044605e-16  1.35269365e-02]\n",
      " [ 0.00000000e+00  0.00000000e+00  0.00000000e+00  1.00000000e+00]]\n",
      "--------------------------------------------------\n",
      "Key: arr_66\n",
      "Matrix associated with key 'arr_66':\n",
      "[[ 0.00896655 -0.99991959 -0.00896655 -0.00150124]\n",
      " [ 0.70704991  0.01268062 -0.70704991 -0.28593665]\n",
      " [ 0.70710677  0.          0.70710677  0.0193848 ]\n",
      " [ 0.          0.          0.          1.        ]]\n",
      "--------------------------------------------------\n",
      "Key: arr_67\n",
      "Matrix associated with key 'arr_67':\n",
      "[[ 8.96655489e-03  9.99919593e-01  8.96655489e-03 -1.50124490e-03]\n",
      " [ 7.07049906e-01 -1.26806237e-02  7.07049906e-01 -2.85936646e-01]\n",
      " [ 7.07106769e-01  8.65956060e-17 -7.07106769e-01  1.93848000e-02]\n",
      " [ 0.00000000e+00  0.00000000e+00  0.00000000e+00  1.00000000e+00]]\n",
      "--------------------------------------------------\n",
      "Key: arr_68\n",
      "Matrix associated with key 'arr_68':\n",
      "[[-2.81566408e-18 -9.99919593e-01 -1.26806237e-02  9.24347639e-04]\n",
      " [-2.22026751e-16  1.26806237e-02 -9.99919593e-01 -9.46665268e-02]\n",
      " [ 1.00000000e+00  0.00000000e+00 -2.22044605e-16  1.46033449e-02]\n",
      " [ 0.00000000e+00  0.00000000e+00  0.00000000e+00  1.00000000e+00]]\n",
      "--------------------------------------------------\n",
      "Key: arr_69\n",
      "Matrix associated with key 'arr_69':\n",
      "[[-2.81566408e-18  9.99919593e-01  1.26806237e-02  9.24347639e-04]\n",
      " [-2.22026751e-16 -1.26806237e-02  9.99919593e-01 -9.46665268e-02]\n",
      " [ 1.00000000e+00 -2.71926227e-32  2.22044605e-16  1.46033449e-02]\n",
      " [ 0.00000000e+00  0.00000000e+00  0.00000000e+00  1.00000000e+00]]\n",
      "--------------------------------------------------\n",
      "Key: arr_119\n",
      "Matrix associated with key 'arr_119':\n",
      "[[ 2.81566408e-18  9.99919593e-01 -1.26806237e-02 -2.75059104e-04]\n",
      " [ 2.22026751e-16 -1.26806237e-02 -9.99919593e-01 -1.89245804e-01]\n",
      " [-1.00000000e+00  2.71926227e-32 -2.22044605e-16  5.20909180e-01]\n",
      " [ 0.00000000e+00  0.00000000e+00  0.00000000e+00  1.00000000e+00]]\n",
      "--------------------------------------------------\n",
      "Key: arr_118\n",
      "Matrix associated with key 'arr_118':\n",
      "[[ 2.81566408e-18 -9.99919593e-01  1.26806237e-02 -2.75059104e-04]\n",
      " [ 2.22026751e-16  1.26806237e-02  9.99919593e-01 -1.89245804e-01]\n",
      " [-1.00000000e+00  0.00000000e+00  2.22044605e-16  5.20909180e-01]\n",
      " [ 0.00000000e+00  0.00000000e+00  0.00000000e+00  1.00000000e+00]]\n",
      "--------------------------------------------------\n",
      "Key: arr_115\n",
      "Matrix associated with key 'arr_115':\n",
      "[[ 8.96655489e-03  9.99919593e-01 -8.96655489e-03 -1.79993939e-03]\n",
      " [ 7.07049906e-01 -1.26806237e-02 -7.07049906e-01 -3.09490204e-01]\n",
      " [-7.07106769e-01  8.65956060e-17 -7.07106769e-01  1.66367157e-01]\n",
      " [ 0.00000000e+00  0.00000000e+00  0.00000000e+00  1.00000000e+00]]\n",
      "--------------------------------------------------\n",
      "Key: arr_114\n",
      "Matrix associated with key 'arr_114':\n",
      "[[ 0.00896655 -0.99991959  0.00896655 -0.00179994]\n",
      " [ 0.70704991  0.01268062  0.70704991 -0.3094902 ]\n",
      " [-0.70710677  0.          0.70710677  0.16636716]\n",
      " [ 0.          0.          0.          1.        ]]\n",
      "--------------------------------------------------\n",
      "Key: arr_117\n",
      "Matrix associated with key 'arr_117':\n",
      "[[ 8.96655489e-03  9.99919593e-01  8.96655489e-03 -1.79993939e-03]\n",
      " [ 7.07049906e-01 -1.26806237e-02  7.07049906e-01 -3.09490204e-01]\n",
      " [ 7.07106769e-01  8.65956060e-17 -7.07106769e-01  1.38082886e-01]\n",
      " [ 0.00000000e+00  0.00000000e+00  0.00000000e+00  1.00000000e+00]]\n",
      "--------------------------------------------------\n",
      "Key: arr_116\n",
      "Matrix associated with key 'arr_116':\n",
      "[[ 0.00896655 -0.99991959 -0.00896655 -0.00179994]\n",
      " [ 0.70704991  0.01268062 -0.70704991 -0.3094902 ]\n",
      " [ 0.70710677  0.          0.70710677  0.13808289]\n",
      " [ 0.          0.          0.          1.        ]]\n",
      "--------------------------------------------------\n",
      "Key: arr_111\n",
      "Matrix associated with key 'arr_111':\n",
      "[[ 8.96655489e-03  9.99919593e-01  8.96655489e-03 -1.80626345e-03]\n",
      " [ 7.07049906e-01 -1.26806237e-02  7.07049906e-01 -3.09988861e-01]\n",
      " [ 7.07106769e-01  8.65956060e-17 -7.07106769e-01  3.05071442e-01]\n",
      " [ 0.00000000e+00  0.00000000e+00  0.00000000e+00  1.00000000e+00]]\n",
      "--------------------------------------------------\n",
      "Key: arr_110\n",
      "Matrix associated with key 'arr_110':\n",
      "[[ 0.00896655 -0.99991959 -0.00896655 -0.00180626]\n",
      " [ 0.70704991  0.01268062 -0.70704991 -0.30998886]\n",
      " [ 0.70710677  0.          0.70710677  0.30507144]\n",
      " [ 0.          0.          0.          1.        ]]\n",
      "--------------------------------------------------\n",
      "Key: arr_113\n",
      "Matrix associated with key 'arr_113':\n",
      "[[ 1.26806237e-02  9.99919593e-01  1.22454839e-16 -1.87422073e-03]\n",
      " [ 9.99919593e-01 -1.26806237e-02 -1.55292862e-18 -3.15347595e-01]\n",
      " [ 0.00000000e+00  1.22464685e-16 -1.00000000e+00  1.52225021e-01]\n",
      " [ 0.00000000e+00  0.00000000e+00  0.00000000e+00  1.00000000e+00]]\n",
      "--------------------------------------------------\n",
      "Key: arr_112\n",
      "Matrix associated with key 'arr_112':\n",
      "[[ 0.01268062 -0.99991959  0.         -0.00187422]\n",
      " [ 0.99991959  0.01268062  0.         -0.3153476 ]\n",
      " [ 0.          0.          1.          0.15222502]\n",
      " [ 0.          0.          0.          1.        ]]\n",
      "--------------------------------------------------\n",
      "Key: arr_167\n",
      "Matrix associated with key 'arr_167':\n",
      "[[ 7.07034588e-01 -1.42878965e-02  7.07034588e-01 -5.23524475e-02]\n",
      " [-1.01032592e-02 -9.99897897e-01 -1.01028774e-02 -2.65952698e-01]\n",
      " [ 7.07106769e-01 -2.70669489e-07 -7.07106769e-01  1.50912460e-01]\n",
      " [ 0.00000000e+00  0.00000000e+00  0.00000000e+00  1.00000000e+00]]\n",
      "--------------------------------------------------\n",
      "Key: arr_79\n",
      "Matrix associated with key 'arr_79':\n",
      "[[ 8.96655489e-03  9.99919593e-01 -8.96655489e-03 -1.79199862e-03]\n",
      " [ 7.07049906e-01 -1.26806237e-02 -7.07049906e-01 -3.08863983e-01]\n",
      " [-7.07106769e-01  8.65956060e-17 -7.07106769e-01  4.90566589e-01]\n",
      " [ 0.00000000e+00  0.00000000e+00  0.00000000e+00  1.00000000e+00]]\n",
      "--------------------------------------------------\n",
      "Key: arr_78\n",
      "Matrix associated with key 'arr_78':\n",
      "[[ 0.00896655 -0.99991959  0.00896655 -0.001792  ]\n",
      " [ 0.70704991  0.01268062  0.70704991 -0.30886398]\n",
      " [-0.70710677  0.          0.70710677  0.49056659]\n",
      " [ 0.          0.          0.          1.        ]]\n",
      "--------------------------------------------------\n",
      "Key: arr_77\n",
      "Matrix associated with key 'arr_77':\n",
      "[[ 1.26806237e-02  9.99919593e-01  1.22454839e-16 -1.86628008e-03]\n",
      " [ 9.99919593e-01 -1.26806237e-02 -1.55292862e-18 -3.14721375e-01]\n",
      " [ 0.00000000e+00  1.22464685e-16 -1.00000000e+00  4.76424469e-01]\n",
      " [ 0.00000000e+00  0.00000000e+00  0.00000000e+00  1.00000000e+00]]\n",
      "--------------------------------------------------\n",
      "Key: arr_76\n",
      "Matrix associated with key 'arr_76':\n",
      "[[ 0.01268062 -0.99991959  0.         -0.00186628]\n",
      " [ 0.99991959  0.01268062  0.         -0.31472137]\n",
      " [ 0.          0.          1.          0.47642447]\n",
      " [ 0.          0.          0.          1.        ]]\n",
      "--------------------------------------------------\n",
      "Key: arr_75\n",
      "Matrix associated with key 'arr_75':\n",
      "[[ 8.96655489e-03  9.99919593e-01  8.96655489e-03 -1.81989038e-03]\n",
      " [ 7.07049906e-01 -1.26806237e-02  7.07049906e-01 -3.11063477e-01]\n",
      " [ 7.07106769e-01  8.65956060e-17 -7.07106769e-01  2.64924225e-01]\n",
      " [ 0.00000000e+00  0.00000000e+00  0.00000000e+00  1.00000000e+00]]\n",
      "--------------------------------------------------\n",
      "Key: arr_74\n",
      "Matrix associated with key 'arr_74':\n",
      "[[ 0.00896655 -0.99991959 -0.00896655 -0.00181989]\n",
      " [ 0.70704991  0.01268062 -0.70704991 -0.31106348]\n",
      " [ 0.70710677  0.          0.70710677  0.26492422]\n",
      " [ 0.          0.          0.          1.        ]]\n",
      "--------------------------------------------------\n",
      "Key: arr_73\n",
      "Matrix associated with key 'arr_73':\n",
      "[[ 8.96655489e-03  9.99919593e-01 -8.96655489e-03 -1.81989038e-03]\n",
      " [ 7.07049906e-01 -1.26806237e-02 -7.07049906e-01 -3.11063477e-01]\n",
      " [-7.07106769e-01  8.65956060e-17 -7.07106769e-01  2.93208496e-01]\n",
      " [ 0.00000000e+00  0.00000000e+00  0.00000000e+00  1.00000000e+00]]\n",
      "--------------------------------------------------\n",
      "Key: arr_72\n",
      "Matrix associated with key 'arr_72':\n",
      "[[ 0.00896655 -0.99991959  0.00896655 -0.00181989]\n",
      " [ 0.70704991  0.01268062  0.70704991 -0.31106348]\n",
      " [-0.70710677  0.          0.70710677  0.2932085 ]\n",
      " [ 0.          0.          0.          1.        ]]\n",
      "--------------------------------------------------\n",
      "Key: arr_71\n",
      "Matrix associated with key 'arr_71':\n",
      "[[ 1.26806237e-02  9.99919593e-01  1.22454839e-16 -1.89417171e-03]\n",
      " [ 9.99919593e-01 -1.26806237e-02 -1.55292862e-18 -3.16920868e-01]\n",
      " [ 0.00000000e+00  1.22464685e-16 -1.00000000e+00  2.79066345e-01]\n",
      " [ 0.00000000e+00  0.00000000e+00  0.00000000e+00  1.00000000e+00]]\n",
      "--------------------------------------------------\n",
      "Key: arr_70\n",
      "Matrix associated with key 'arr_70':\n",
      "[[ 0.01268062 -0.99991959  0.         -0.00189417]\n",
      " [ 0.99991959  0.01268062  0.         -0.31692087]\n",
      " [ 0.          0.          1.          0.27906635]\n",
      " [ 0.          0.          0.          1.        ]]\n",
      "--------------------------------------------------\n",
      "Key: arr_108\n",
      "Matrix associated with key 'arr_108':\n",
      "[[ 0.00896655 -0.99991959  0.00896655 -0.00180626]\n",
      " [ 0.70704991  0.01268062  0.70704991 -0.30998886]\n",
      " [-0.70710677  0.          0.70710677  0.33335571]\n",
      " [ 0.          0.          0.          1.        ]]\n",
      "--------------------------------------------------\n",
      "Key: arr_109\n",
      "Matrix associated with key 'arr_109':\n",
      "[[ 8.96655489e-03  9.99919593e-01 -8.96655489e-03 -1.80626345e-03]\n",
      " [ 7.07049906e-01 -1.26806237e-02 -7.07049906e-01 -3.09988861e-01]\n",
      " [-7.07106769e-01  8.65956060e-17 -7.07106769e-01  3.33355713e-01]\n",
      " [ 0.00000000e+00  0.00000000e+00  0.00000000e+00  1.00000000e+00]]\n",
      "--------------------------------------------------\n",
      "Key: arr_102\n",
      "Matrix associated with key 'arr_102':\n",
      "[[ 0.00896655 -0.99991959  0.00896655 -0.00178091]\n",
      " [ 0.70704991  0.01268062  0.70704991 -0.30799002]\n",
      " [-0.70710677  0.          0.70710677  0.14947897]\n",
      " [ 0.          0.          0.          1.        ]]\n",
      "--------------------------------------------------\n",
      "Key: arr_103\n",
      "Matrix associated with key 'arr_103':\n",
      "[[ 8.96655489e-03  9.99919593e-01 -8.96655489e-03 -1.78091478e-03]\n",
      " [ 7.07049906e-01 -1.26806237e-02 -7.07049906e-01 -3.07990021e-01]\n",
      " [-7.07106769e-01  8.65956060e-17 -7.07106769e-01  1.49478973e-01]\n",
      " [ 0.00000000e+00  0.00000000e+00  0.00000000e+00  1.00000000e+00]]\n",
      "--------------------------------------------------\n",
      "Key: arr_100\n",
      "Matrix associated with key 'arr_100':\n",
      "[[ 0.01268062 -0.99991959  0.         -0.0018552 ]\n",
      " [ 0.99991959  0.01268062  0.         -0.31384741]\n",
      " [ 0.          0.          1.          0.13533684]\n",
      " [ 0.          0.          0.          1.        ]]\n",
      "--------------------------------------------------\n",
      "Key: arr_101\n",
      "Matrix associated with key 'arr_101':\n",
      "[[ 1.26806237e-02  9.99919593e-01  1.22454839e-16 -1.85519624e-03]\n",
      " [ 9.99919593e-01 -1.26806237e-02 -1.55292862e-18 -3.13847412e-01]\n",
      " [ 0.00000000e+00  1.22464685e-16 -1.00000000e+00  1.35336838e-01]\n",
      " [ 0.00000000e+00  0.00000000e+00  0.00000000e+00  1.00000000e+00]]\n",
      "--------------------------------------------------\n",
      "Key: arr_106\n",
      "Matrix associated with key 'arr_106':\n",
      "[[ 0.01268062 -0.99991959  0.         -0.00188054]\n",
      " [ 0.99991959  0.01268062  0.         -0.31584628]\n",
      " [ 0.          0.          1.          0.31921356]\n",
      " [ 0.          0.          0.          1.        ]]\n",
      "--------------------------------------------------\n",
      "Key: arr_107\n",
      "Matrix associated with key 'arr_107':\n",
      "[[ 1.26806237e-02  9.99919593e-01  1.22454839e-16 -1.88054490e-03]\n",
      " [ 9.99919593e-01 -1.26806237e-02 -1.55292862e-18 -3.15846283e-01]\n",
      " [ 0.00000000e+00  1.22464685e-16 -1.00000000e+00  3.19213562e-01]\n",
      " [ 0.00000000e+00  0.00000000e+00  0.00000000e+00  1.00000000e+00]]\n",
      "--------------------------------------------------\n",
      "Key: arr_104\n",
      "Matrix associated with key 'arr_104':\n",
      "[[ 0.00896655 -0.99991959 -0.00896655 -0.00178091]\n",
      " [ 0.70704991  0.01268062 -0.70704991 -0.30799002]\n",
      " [ 0.70710677  0.          0.70710677  0.1211947 ]\n",
      " [ 0.          0.          0.          1.        ]]\n",
      "--------------------------------------------------\n",
      "Key: arr_105\n",
      "Matrix associated with key 'arr_105':\n",
      "[[ 8.96655489e-03  9.99919593e-01  8.96655489e-03 -1.78091478e-03]\n",
      " [ 7.07049906e-01 -1.26806237e-02  7.07049906e-01 -3.07990021e-01]\n",
      " [ 7.07106769e-01  8.65956060e-17 -7.07106769e-01  1.21194702e-01]\n",
      " [ 0.00000000e+00  0.00000000e+00  0.00000000e+00  1.00000000e+00]]\n",
      "--------------------------------------------------\n",
      "Key: arr_120\n",
      "Matrix associated with key 'arr_120':\n",
      "[[ 7.07034588e-01 -1.42895207e-02 -7.07034588e-01 -5.46382561e-02]\n",
      " [-1.01043889e-02 -9.99897897e-01  1.01040443e-02 -2.65920013e-01]\n",
      " [-7.07106769e-01  2.43931112e-07 -7.07106769e-01  4.62012115e-01]\n",
      " [ 0.00000000e+00  0.00000000e+00  0.00000000e+00  1.00000000e+00]]\n",
      "--------------------------------------------------\n",
      "Key: arr_121\n",
      "Matrix associated with key 'arr_121':\n",
      "[[ 7.07034588e-01  1.42895207e-02  7.07034588e-01 -5.46382561e-02]\n",
      " [-1.01043889e-02  9.99897897e-01 -1.01040443e-02 -2.65920013e-01]\n",
      " [-7.07106769e-01 -2.43931112e-07  7.07106769e-01  4.62012115e-01]\n",
      " [ 0.00000000e+00  0.00000000e+00  0.00000000e+00  1.00000000e+00]]\n",
      "--------------------------------------------------\n",
      "Key: arr_175\n",
      "Matrix associated with key 'arr_175':\n",
      "[[ 9.99897897e-01 -1.42878965e-02  3.86729759e-09 -3.90952911e-02]\n",
      " [-1.42878965e-02 -9.99897897e-01  2.70641863e-07 -2.66142151e-01]\n",
      " [ 0.00000000e+00 -2.70669489e-07 -1.00000000e+00  8.62516251e-02]\n",
      " [ 0.00000000e+00  0.00000000e+00  0.00000000e+00  1.00000000e+00]]\n",
      "--------------------------------------------------\n",
      "Key: arr_174\n",
      "Matrix associated with key 'arr_174':\n",
      "[[ 9.99897897e-01  1.42878965e-02 -3.86729759e-09 -3.90952911e-02]\n",
      " [-1.42878965e-02  9.99897897e-01 -2.70641863e-07 -2.66142151e-01]\n",
      " [ 0.00000000e+00  2.70669489e-07  1.00000000e+00  8.62516251e-02]\n",
      " [ 0.00000000e+00  0.00000000e+00  0.00000000e+00  1.00000000e+00]]\n",
      "--------------------------------------------------\n",
      "Key: arr_173\n",
      "Matrix associated with key 'arr_173':\n",
      "[[ 7.07034588e-01 -1.42878965e-02  7.07034588e-01 -5.14422531e-02]\n",
      " [-1.01032592e-02 -9.99897897e-01 -1.01028774e-02 -2.65965698e-01]\n",
      " [ 7.07106769e-01 -2.70669489e-07 -7.07106769e-01  7.84609375e-02]\n",
      " [ 0.00000000e+00  0.00000000e+00  0.00000000e+00  1.00000000e+00]]\n",
      "--------------------------------------------------\n",
      "Key: arr_172\n",
      "Matrix associated with key 'arr_172':\n",
      "[[ 7.07034588e-01  1.42878965e-02 -7.07034588e-01 -5.14422531e-02]\n",
      " [-1.01032592e-02  9.99897897e-01  1.01028774e-02 -2.65965698e-01]\n",
      " [ 7.07106769e-01  2.70669489e-07  7.07106769e-01  7.84609375e-02]\n",
      " [ 0.00000000e+00  0.00000000e+00  0.00000000e+00  1.00000000e+00]]\n",
      "--------------------------------------------------\n",
      "Key: arr_171\n",
      "Matrix associated with key 'arr_171':\n",
      "[[ 7.07034588e-01 -1.42878965e-02 -7.07034588e-01 -5.14422531e-02]\n",
      " [-1.01028774e-02 -9.99897897e-01  1.01032592e-02 -2.65965729e-01]\n",
      " [-7.07106769e-01 -2.70669489e-07 -7.07106769e-01  1.06745209e-01]\n",
      " [ 0.00000000e+00  0.00000000e+00  0.00000000e+00  1.00000000e+00]]\n",
      "--------------------------------------------------\n",
      "Key: arr_170\n",
      "Matrix associated with key 'arr_170':\n",
      "[[ 7.07034588e-01  1.42878965e-02  7.07034588e-01 -5.14422531e-02]\n",
      " [-1.01028774e-02  9.99897897e-01 -1.01032592e-02 -2.65965729e-01]\n",
      " [-7.07106769e-01  2.70669489e-07  7.07106769e-01  1.06745209e-01]\n",
      " [ 0.00000000e+00  0.00000000e+00  0.00000000e+00  1.00000000e+00]]\n",
      "--------------------------------------------------\n",
      "Key: arr_19\n",
      "Matrix associated with key 'arr_19':\n",
      "[[-8.96655489e-03  9.99919593e-01  8.96655489e-03  1.87150490e-03]\n",
      " [-7.07049906e-01 -1.26806237e-02  7.07049906e-01 -1.99785023e-02]\n",
      " [ 7.07106769e-01 -8.65956060e-17  7.07106769e-01  4.88832436e-02]\n",
      " [ 0.00000000e+00  0.00000000e+00  0.00000000e+00  1.00000000e+00]]\n",
      "--------------------------------------------------\n",
      "Key: arr_18\n",
      "Matrix associated with key 'arr_18':\n",
      "[[-0.00896655 -0.99991959 -0.00896655  0.0018715 ]\n",
      " [-0.70704991  0.01268062 -0.70704991 -0.0199785 ]\n",
      " [ 0.70710677  0.         -0.70710677  0.04888324]\n",
      " [ 0.          0.          0.          1.        ]]\n",
      "--------------------------------------------------\n",
      "Key: arr_11\n",
      "Matrix associated with key 'arr_11':\n",
      "[[-1.26806237e-02  9.99919593e-01  1.20901909e-16  1.94273567e-03]\n",
      " [-9.99919593e-01 -1.26806237e-02 -1.24007768e-16 -1.43616867e-02]\n",
      " [-1.22464685e-16 -1.22464685e-16  1.00000000e+00  8.81831055e-02]\n",
      " [ 0.00000000e+00  0.00000000e+00  0.00000000e+00  1.00000000e+00]]\n",
      "--------------------------------------------------\n",
      "Key: arr_10\n",
      "Matrix associated with key 'arr_10':\n",
      "[[-1.26806237e-02 -9.99919593e-01  1.55292862e-18  1.94273567e-03]\n",
      " [-9.99919593e-01  1.26806237e-02  1.22454839e-16 -1.43616867e-02]\n",
      " [-1.22464685e-16  0.00000000e+00 -1.00000000e+00  8.81831055e-02]\n",
      " [ 0.00000000e+00  0.00000000e+00  0.00000000e+00  1.00000000e+00]]\n",
      "--------------------------------------------------\n",
      "Key: arr_13\n",
      "Matrix associated with key 'arr_13':\n",
      "[[-8.96655489e-03  9.99919593e-01  8.96655489e-03  1.86845434e-03]\n",
      " [-7.07049906e-01 -1.26806237e-02  7.07049906e-01 -2.02190800e-02]\n",
      " [ 7.07106769e-01 -8.65956060e-17  7.07106769e-01  7.40409698e-02]\n",
      " [ 0.00000000e+00  0.00000000e+00  0.00000000e+00  1.00000000e+00]]\n",
      "--------------------------------------------------\n",
      "Key: arr_12\n",
      "Matrix associated with key 'arr_12':\n",
      "[[-0.00896655 -0.99991959 -0.00896655  0.00186845]\n",
      " [-0.70704991  0.01268062 -0.70704991 -0.02021908]\n",
      " [ 0.70710677  0.         -0.70710677  0.07404097]\n",
      " [ 0.          0.          0.          1.        ]]\n",
      "--------------------------------------------------\n",
      "Key: arr_15\n",
      "Matrix associated with key 'arr_15':\n",
      "[[-8.96655489e-03  9.99919593e-01 -8.96655489e-03  1.87150490e-03]\n",
      " [-7.07049906e-01 -1.26806237e-02 -7.07049906e-01 -1.99785023e-02]\n",
      " [-7.07106769e-01 -8.65956060e-17  7.07106769e-01  7.71675186e-02]\n",
      " [ 0.00000000e+00  0.00000000e+00  0.00000000e+00  1.00000000e+00]]\n",
      "--------------------------------------------------\n",
      "Key: arr_14\n",
      "Matrix associated with key 'arr_14':\n",
      "[[-0.00896655 -0.99991959  0.00896655  0.0018715 ]\n",
      " [-0.70704991  0.01268062  0.70704991 -0.0199785 ]\n",
      " [-0.70710677  0.         -0.70710677  0.07716752]\n",
      " [ 0.          0.          0.          1.        ]]\n",
      "--------------------------------------------------\n",
      "Key: arr_17\n",
      "Matrix associated with key 'arr_17':\n",
      "[[-1.26806237e-02  9.99919593e-01  1.20901909e-16  1.94578624e-03]\n",
      " [-9.99919593e-01 -1.26806237e-02 -1.24007768e-16 -1.41211090e-02]\n",
      " [-1.22464685e-16 -1.22464685e-16  1.00000000e+00  6.30253792e-02]\n",
      " [ 0.00000000e+00  0.00000000e+00  0.00000000e+00  1.00000000e+00]]\n",
      "--------------------------------------------------\n",
      "Key: arr_16\n",
      "Matrix associated with key 'arr_16':\n",
      "[[-1.26806237e-02 -9.99919593e-01  1.55292862e-18  1.94578624e-03]\n",
      " [-9.99919593e-01  1.26806237e-02  1.22454839e-16 -1.41211090e-02]\n",
      " [-1.22464685e-16  0.00000000e+00 -1.00000000e+00  6.30253792e-02]\n",
      " [ 0.00000000e+00  0.00000000e+00  0.00000000e+00  1.00000000e+00]]\n",
      "--------------------------------------------------\n",
      "Key: arr_82\n",
      "Matrix associated with key 'arr_82':\n",
      "[[ 0.01268062 -0.99991959  0.         -0.00192267]\n",
      " [ 0.99991959  0.01268062  0.         -0.31916818]\n",
      " [ 0.          0.          1.          0.40464691]\n",
      " [ 0.          0.          0.          1.        ]]\n",
      "--------------------------------------------------\n",
      "Key: arr_83\n",
      "Matrix associated with key 'arr_83':\n",
      "[[ 1.26806237e-02  9.99919593e-01  1.22454839e-16 -1.92267179e-03]\n",
      " [ 9.99919593e-01 -1.26806237e-02 -1.55292862e-18 -3.19168182e-01]\n",
      " [ 0.00000000e+00  1.22464685e-16 -1.00000000e+00  4.04646912e-01]\n",
      " [ 0.00000000e+00  0.00000000e+00  0.00000000e+00  1.00000000e+00]]\n",
      "--------------------------------------------------\n",
      "Key: arr_80\n",
      "Matrix associated with key 'arr_80':\n",
      "[[ 0.00896655 -0.99991959 -0.00896655 -0.001792  ]\n",
      " [ 0.70704991  0.01268062 -0.70704991 -0.30886398]\n",
      " [ 0.70710677  0.          0.70710677  0.46228232]\n",
      " [ 0.          0.          0.          1.        ]]\n",
      "--------------------------------------------------\n",
      "Key: arr_81\n",
      "Matrix associated with key 'arr_81':\n",
      "[[ 8.96655489e-03  9.99919593e-01  8.96655489e-03 -1.79199862e-03]\n",
      " [ 7.07049906e-01 -1.26806237e-02  7.07049906e-01 -3.08863983e-01]\n",
      " [ 7.07106769e-01  8.65956060e-17 -7.07106769e-01  4.62282318e-01]\n",
      " [ 0.00000000e+00  0.00000000e+00  0.00000000e+00  1.00000000e+00]]\n",
      "--------------------------------------------------\n",
      "Key: arr_86\n",
      "Matrix associated with key 'arr_86':\n",
      "[[ 0.00896655 -0.99991959 -0.00896655 -0.00184839]\n",
      " [ 0.70704991  0.01268062 -0.70704991 -0.31331079]\n",
      " [ 0.70710677  0.          0.70710677  0.39050476]\n",
      " [ 0.          0.          0.          1.        ]]\n",
      "--------------------------------------------------\n",
      "Key: arr_87\n",
      "Matrix associated with key 'arr_87':\n",
      "[[ 8.96655489e-03  9.99919593e-01  8.96655489e-03 -1.84839046e-03]\n",
      " [ 7.07049906e-01 -1.26806237e-02  7.07049906e-01 -3.13310791e-01]\n",
      " [ 7.07106769e-01  8.65956060e-17 -7.07106769e-01  3.90504761e-01]\n",
      " [ 0.00000000e+00  0.00000000e+00  0.00000000e+00  1.00000000e+00]]\n",
      "--------------------------------------------------\n",
      "Key: arr_84\n",
      "Matrix associated with key 'arr_84':\n",
      "[[ 0.00896655 -0.99991959  0.00896655 -0.00184839]\n",
      " [ 0.70704991  0.01268062  0.70704991 -0.31331079]\n",
      " [-0.70710677  0.          0.70710677  0.41878903]\n",
      " [ 0.          0.          0.          1.        ]]\n",
      "--------------------------------------------------\n",
      "Key: arr_85\n",
      "Matrix associated with key 'arr_85':\n",
      "[[ 8.96655489e-03  9.99919593e-01 -8.96655489e-03 -1.84839046e-03]\n",
      " [ 7.07049906e-01 -1.26806237e-02 -7.07049906e-01 -3.13310791e-01]\n",
      " [-7.07106769e-01  8.65956060e-17 -7.07106769e-01  4.18789032e-01]\n",
      " [ 0.00000000e+00  0.00000000e+00  0.00000000e+00  1.00000000e+00]]\n",
      "--------------------------------------------------\n",
      "Key: arr_164\n",
      "Matrix associated with key 'arr_164':\n",
      "[[ 7.07034588e-01  1.42878965e-02  7.07034588e-01 -5.23524475e-02]\n",
      " [-1.01028774e-02  9.99897897e-01 -1.01032592e-02 -2.65952698e-01]\n",
      " [-7.07106769e-01  2.70669489e-07  7.07106769e-01  1.79196732e-01]\n",
      " [ 0.00000000e+00  0.00000000e+00  0.00000000e+00  1.00000000e+00]]\n",
      "--------------------------------------------------\n",
      "Key: arr_165\n",
      "Matrix associated with key 'arr_165':\n",
      "[[ 7.07034588e-01 -1.42878965e-02 -7.07034588e-01 -5.23524475e-02]\n",
      " [-1.01028774e-02 -9.99897897e-01  1.01032592e-02 -2.65952698e-01]\n",
      " [-7.07106769e-01 -2.70669489e-07 -7.07106769e-01  1.79196732e-01]\n",
      " [ 0.00000000e+00  0.00000000e+00  0.00000000e+00  1.00000000e+00]]\n",
      "--------------------------------------------------\n",
      "Key: arr_88\n",
      "Matrix associated with key 'arr_88':\n",
      "[[ 0.01268062 -0.99991959  0.         -0.00189352]\n",
      " [ 0.99991959  0.01268062  0.         -0.31686978]\n",
      " [ 0.          0.          1.          0.35280652]\n",
      " [ 0.          0.          0.          1.        ]]\n",
      "--------------------------------------------------\n",
      "Key: arr_89\n",
      "Matrix associated with key 'arr_89':\n",
      "[[ 1.26806237e-02  9.99919593e-01  1.22454839e-16 -1.89352429e-03]\n",
      " [ 9.99919593e-01 -1.26806237e-02 -1.55292862e-18 -3.16869781e-01]\n",
      " [ 0.00000000e+00  1.22464685e-16 -1.00000000e+00  3.52806519e-01]\n",
      " [ 0.00000000e+00  0.00000000e+00  0.00000000e+00  1.00000000e+00]]\n",
      "--------------------------------------------------\n",
      "Key: arr_160\n",
      "Matrix associated with key 'arr_160':\n",
      "[[-0.00896645  0.99991959  0.00896645 -0.0014709 ]\n",
      " [-0.70704991 -0.01268047  0.70704991 -0.22940601]\n",
      " [ 0.70710677  0.          0.70710677 -0.00679763]\n",
      " [ 0.          0.          0.          1.        ]]\n",
      "--------------------------------------------------\n",
      "Key: arr_161\n",
      "Matrix associated with key 'arr_161':\n",
      "[[-8.96644779e-03 -9.99919593e-01 -8.96644779e-03 -1.47090459e-03]\n",
      " [-7.07049906e-01  1.26804728e-02 -7.07049906e-01 -2.29406006e-01]\n",
      " [ 7.07106769e-01  8.65956060e-17 -7.07106769e-01 -6.79762888e-03]\n",
      " [ 0.00000000e+00  0.00000000e+00  0.00000000e+00  1.00000000e+00]]\n",
      "--------------------------------------------------\n",
      "Key: arr_162\n",
      "Matrix associated with key 'arr_162':\n",
      "[[ 9.99897897e-01  1.42878965e-02 -3.86729759e-09 -5.82097130e-02]\n",
      " [-1.42878965e-02  9.99897897e-01 -2.70641863e-07 -2.65868988e-01]\n",
      " [ 0.00000000e+00  2.70669489e-07  1.00000000e+00  1.65054596e-01]\n",
      " [ 0.00000000e+00  0.00000000e+00  0.00000000e+00  1.00000000e+00]]\n",
      "--------------------------------------------------\n",
      "Key: arr_163\n",
      "Matrix associated with key 'arr_163':\n",
      "[[ 9.99897897e-01 -1.42878965e-02  3.86729759e-09 -5.82097130e-02]\n",
      " [-1.42878965e-02 -9.99897897e-01  2.70641863e-07 -2.65868988e-01]\n",
      " [ 0.00000000e+00 -2.70669489e-07 -1.00000000e+00  1.65054596e-01]\n",
      " [ 0.00000000e+00  0.00000000e+00  0.00000000e+00  1.00000000e+00]]\n",
      "--------------------------------------------------\n",
      "Key: arr_24\n",
      "Matrix associated with key 'arr_24':\n",
      "[[-0.00896655 -0.99991959 -0.00896655  0.00186444]\n",
      " [-0.70704991  0.01268062 -0.70704991 -0.0205355 ]\n",
      " [ 0.70710677  0.         -0.70710677  0.11761043]\n",
      " [ 0.          0.          0.          1.        ]]\n",
      "--------------------------------------------------\n",
      "Key: arr_25\n",
      "Matrix associated with key 'arr_25':\n",
      "[[-8.96655489e-03  9.99919593e-01  8.96655489e-03  1.86444092e-03]\n",
      " [-7.07049906e-01 -1.26806237e-02  7.07049906e-01 -2.05354996e-02]\n",
      " [ 7.07106769e-01 -8.65956060e-17  7.07106769e-01  1.17610428e-01]\n",
      " [ 0.00000000e+00  0.00000000e+00  0.00000000e+00  1.00000000e+00]]\n",
      "--------------------------------------------------\n",
      "Key: arr_26\n",
      "Matrix associated with key 'arr_26':\n",
      "[[-0.00896655 -0.99991959  0.00896655  0.00184929]\n",
      " [-0.70704991  0.01268062  0.70704991 -0.02173057]\n",
      " [-0.70710677  0.         -0.70710677  0.40190497]\n",
      " [ 0.          0.          0.          1.        ]]\n",
      "--------------------------------------------------\n",
      "Key: arr_27\n",
      "Matrix associated with key 'arr_27':\n",
      "[[-8.96655489e-03  9.99919593e-01 -8.96655489e-03  1.84928560e-03]\n",
      " [-7.07049906e-01 -1.26806237e-02 -7.07049906e-01 -2.17305679e-02]\n",
      " [-7.07106769e-01 -8.65956060e-17  7.07106769e-01  4.01904968e-01]\n",
      " [ 0.00000000e+00  0.00000000e+00  0.00000000e+00  1.00000000e+00]]\n",
      "--------------------------------------------------\n",
      "Key: arr_20\n",
      "Matrix associated with key 'arr_20':\n",
      "[[-0.00896655 -0.99991959  0.00896655  0.00186444]\n",
      " [-0.70704991  0.01268062  0.70704991 -0.0205355 ]\n",
      " [-0.70710677  0.         -0.70710677  0.1458947 ]\n",
      " [ 0.          0.          0.          1.        ]]\n",
      "--------------------------------------------------\n",
      "Key: arr_21\n",
      "Matrix associated with key 'arr_21':\n",
      "[[-8.96655489e-03  9.99919593e-01 -8.96655489e-03  1.86444092e-03]\n",
      " [-7.07049906e-01 -1.26806237e-02 -7.07049906e-01 -2.05354996e-02]\n",
      " [-7.07106769e-01 -8.65956060e-17  7.07106769e-01  1.45894699e-01]\n",
      " [ 0.00000000e+00  0.00000000e+00  0.00000000e+00  1.00000000e+00]]\n",
      "--------------------------------------------------\n",
      "Key: arr_22\n",
      "Matrix associated with key 'arr_22':\n",
      "[[-1.26806237e-02 -9.99919593e-01  1.55292862e-18  1.93872237e-03]\n",
      " [-9.99919593e-01  1.26806237e-02  1.22454839e-16 -1.46781054e-02]\n",
      " [-1.22464685e-16  0.00000000e+00 -1.00000000e+00  1.31752563e-01]\n",
      " [ 0.00000000e+00  0.00000000e+00  0.00000000e+00  1.00000000e+00]]\n",
      "--------------------------------------------------\n",
      "Key: arr_23\n",
      "Matrix associated with key 'arr_23':\n",
      "[[-1.26806237e-02  9.99919593e-01  1.20901909e-16  1.93872237e-03]\n",
      " [-9.99919593e-01 -1.26806237e-02 -1.24007768e-16 -1.46781054e-02]\n",
      " [-1.22464685e-16 -1.22464685e-16  1.00000000e+00  1.31752563e-01]\n",
      " [ 0.00000000e+00  0.00000000e+00  0.00000000e+00  1.00000000e+00]]\n",
      "--------------------------------------------------\n",
      "Key: arr_28\n",
      "Matrix associated with key 'arr_28':\n",
      "[[-1.26806237e-02 -9.99919593e-01  1.55292862e-18  1.92356706e-03]\n",
      " [-9.99919593e-01  1.26806237e-02  1.22454839e-16 -1.58731747e-02]\n",
      " [-1.22464685e-16  0.00000000e+00 -1.00000000e+00  3.87762848e-01]\n",
      " [ 0.00000000e+00  0.00000000e+00  0.00000000e+00  1.00000000e+00]]\n",
      "--------------------------------------------------\n",
      "Key: arr_29\n",
      "Matrix associated with key 'arr_29':\n",
      "[[-1.26806237e-02  9.99919593e-01  1.20901909e-16  1.92356706e-03]\n",
      " [-9.99919593e-01 -1.26806237e-02 -1.24007768e-16 -1.58731747e-02]\n",
      " [-1.22464685e-16 -1.22464685e-16  1.00000000e+00  3.87762848e-01]\n",
      " [ 0.00000000e+00  0.00000000e+00  0.00000000e+00  1.00000000e+00]]\n",
      "--------------------------------------------------\n",
      "Key: arr_159\n",
      "Matrix associated with key 'arr_159':\n",
      "[[ 2.81563057e-18 -9.99919593e-01 -1.26804728e-02 -1.65023351e-03]\n",
      " [ 2.22026751e-16  1.26804728e-02 -9.99919593e-01 -2.43547012e-01]\n",
      " [ 1.00000000e+00 -2.71926227e-32  2.22044605e-16 -1.26554937e-02]\n",
      " [ 0.00000000e+00  0.00000000e+00  0.00000000e+00  1.00000000e+00]]\n",
      "--------------------------------------------------\n",
      "Key: arr_158\n",
      "Matrix associated with key 'arr_158':\n",
      "[[ 2.81563057e-18  9.99919593e-01  1.26804728e-02 -1.65023351e-03]\n",
      " [ 2.22026751e-16 -1.26804728e-02  9.99919593e-01 -2.43547012e-01]\n",
      " [ 1.00000000e+00  0.00000000e+00 -2.22044605e-16 -1.26554937e-02]\n",
      " [ 0.00000000e+00  0.00000000e+00  0.00000000e+00  1.00000000e+00]]\n",
      "--------------------------------------------------\n",
      "Key: arr_91\n",
      "Matrix associated with key 'arr_91':\n",
      "[[ 8.96655489e-03  9.99919593e-01 -8.96655489e-03 -1.81924284e-03]\n",
      " [ 7.07049906e-01 -1.26806237e-02 -7.07049906e-01 -3.11012390e-01]\n",
      " [-7.07106769e-01  8.65956060e-17 -7.07106769e-01  3.66948669e-01]\n",
      " [ 0.00000000e+00  0.00000000e+00  0.00000000e+00  1.00000000e+00]]\n",
      "--------------------------------------------------\n",
      "Key: arr_90\n",
      "Matrix associated with key 'arr_90':\n",
      "[[ 0.00896655 -0.99991959  0.00896655 -0.00181924]\n",
      " [ 0.70704991  0.01268062  0.70704991 -0.31101239]\n",
      " [-0.70710677  0.          0.70710677  0.36694867]\n",
      " [ 0.          0.          0.          1.        ]]\n",
      "--------------------------------------------------\n",
      "Key: arr_93\n",
      "Matrix associated with key 'arr_93':\n",
      "[[ 8.96655489e-03  9.99919593e-01  8.96655489e-03 -1.81924284e-03]\n",
      " [ 7.07049906e-01 -1.26806237e-02  7.07049906e-01 -3.11012390e-01]\n",
      " [ 7.07106769e-01  8.65956060e-17 -7.07106769e-01  3.38664398e-01]\n",
      " [ 0.00000000e+00  0.00000000e+00  0.00000000e+00  1.00000000e+00]]\n",
      "--------------------------------------------------\n",
      "Key: arr_92\n",
      "Matrix associated with key 'arr_92':\n",
      "[[ 0.00896655 -0.99991959 -0.00896655 -0.00181924]\n",
      " [ 0.70704991  0.01268062 -0.70704991 -0.31101239]\n",
      " [ 0.70710677  0.          0.70710677  0.3386644 ]\n",
      " [ 0.          0.          0.          1.        ]]\n",
      "--------------------------------------------------\n",
      "Key: arr_95\n",
      "Matrix associated with key 'arr_95':\n",
      "[[ 1.26806237e-02  9.99919593e-01  1.22454839e-16 -1.83721197e-03]\n",
      " [ 9.99919593e-01 -1.26806237e-02 -1.55292862e-18 -3.12429291e-01]\n",
      " [ 0.00000000e+00  1.22464685e-16 -1.00000000e+00  4.29365051e-01]\n",
      " [ 0.00000000e+00  0.00000000e+00  0.00000000e+00  1.00000000e+00]]\n",
      "--------------------------------------------------\n",
      "Key: arr_94\n",
      "Matrix associated with key 'arr_94':\n",
      "[[ 0.01268062 -0.99991959  0.         -0.00183721]\n",
      " [ 0.99991959  0.01268062  0.         -0.31242929]\n",
      " [ 0.          0.          1.          0.42936505]\n",
      " [ 0.          0.          0.          1.        ]]\n",
      "--------------------------------------------------\n",
      "Key: arr_97\n",
      "Matrix associated with key 'arr_97':\n",
      "[[ 8.96655489e-03  9.99919593e-01 -8.96655489e-03 -1.76293063e-03]\n",
