{"co_parameters": [[[-0.3752443790435791, 0.8475749492645264, 0.3752443790435791, 0.07354913663864136], [0.599325954914093, 0.5306757092475891, -0.599325954914093, -0.11938499653339386], [-0.7071067094802856, 8.659559941682064e-17, -0.7071067094802856, 0.15127325558662416], [0.0, 0.0, 0.0, 1.0]], [[1.5128930909780923e-16, -0.7319610714912415, -0.6813464760780334, -0.00023894529044630715], [1.625280069397753e-16, 0.6813464760780334, -0.7319610714912415, -0.0008474702835083285], [0.9999999403953552, -2.719261971675979e-32, 2.220445916901415e-16, -0.19485197389125825], [0.0, 0.0, 0.0, 1.0]], [[-0.1584443747997284, -0.9745720624923706, 0.1584443747997284, 0.030541188895702367], [-0.6891264915466309, 0.22407418489456177, 0.6891264915466309, 0.128064697265625], [-0.7071067094802856, 8.659559941682064e-17, -0.7071067094802856, 0.1809138367176056], [0.0, 0.0, 0.0, 1.0]], [[-0.6813464760780334, 0.7319610714912415, 0.0, 0.1269581962823868], [-0.7319610714912415, -0.6813464760780334, 0.0, 0.13396794426441194], [0.0, 0.0, 0.9999999403953552, -0.01851419448852539], [0.0, 0.0, 0.0, 1.0]], [[-0.8475692868232727, -0.530684769153595, 1.0379730332833858e-16, 0.1581081191301346], [-0.530684769153595, 0.8475692868232727, 6.499014474274799e-17, 0.09991392719745637], [-1.2246468525851679e-16, 0.0, -1.0, 0.02224166488647463], [0.0, 0.0, 0.0, 1.0]], [[0.6813464760780334, -0.7319610714912415, -6.198494463778364e-18, -0.12936082422733308], [0.7319610714912415, 0.6813464760780334, 1.7308026398733057e-16, -0.13897267639636995], [-1.2246467202362698e-16, -1.2246467202362698e-16, 0.9999999403953552, -0.0272810535430908], [0.0, 0.0, 0.0, 1.0]], [[-0.9560422897338867, -0.29322877526283264, -3.5910170248360426e-17, 0.1834801483154297], [-0.29322877526283264, 0.9560422897338867, 1.1708142030180128e-16, 0.05604760891199113], [0.0, 1.2246468525851679e-16, -1.0, -0.024889812469482422], [0.0, 0.0, 0.0, 1.0]], [[0.4817847013473511, 0.7319610714912415, 0.4817847013473511, -0.09138320231437683], [0.5175746083259583, -0.6813464760780334, 0.5175746083259583, -0.09844247353076935], [0.7071067094802856, 0.0, -0.7071067094802856, -0.1696792633533478], [0.0, 0.0, 0.0, 1.0]], [[-0.3752443790435791, 0.8475749492645264, 0.3752443790435791, 0.07232667207717895], [0.599325954914093, 0.5306757092475891, -0.599325954914093, -0.11539907276630403], [-0.7071067094802856, 8.659559941682064e-17, -0.7071067094802856, 0.1802162697315216], [0.0, 0.0, 0.0, 1.0]], [[0.22407418489456177, -0.9745720624923706, -9.19094870812001e-17, -0.04206815588474274], [0.9745720624923706, 0.22407418489456177, 1.4679184208057471e-16, -0.18996967577934265], [-1.2246467202362698e-16, -1.2246467202362698e-16, 0.9999999403953552, -0.04456460571289061], [0.0, 0.0, 0.0, 1.0]], [[-0.7319615483283997, -0.6813459396362305, -1.7308025075244077e-16, 0.1399197531938553], [0.6813459396362305, -0.7319615483283997, -6.198620195231472e-18, -0.13011306953430177], [-1.2246468525851679e-16, -1.2246468525851679e-16, 1.0, -0.04288823318481443], [0.0, 0.0, 0.0, 1.0]], [[-1.178336782031917e-16, -0.8475749492645264, -0.5306757092475891, 0.00024622122943403343], [1.8819944475379521e-16, -0.5306757092475891, 0.8475749492645264, 0.001029162883758513], [-0.9999999403953552, 0.0, 2.220445916901415e-16, 0.21011119210720064], [0.0, 0.0, 0.0, 1.0]], [[-0.8475692868232727, -0.530684769153595, 1.0379730332833858e-16, 0.16193338787555697], [-0.530684769153595, 0.8475692868232727, 6.499014474274799e-17, 0.10108722031116486], [-1.2246468525851679e-16, 0.0, -1.0, 0.04446160507202151], [0.0, 0.0, 0.0, 1.0]], [[0.5175749659538269, -0.6813459396362305, -0.5175749659538269, -0.09782388198375702], [-0.48178431391716003, -0.7319615483283997, 0.48178431391716003, 0.09141145008802415], [-0.7071067690849304, 8.659560603426554e-17, -0.7071067690849304, 0.16508411586284638], [0.0, 0.0, 0.0, 1.0]], [[-0.5993219614028931, 0.530684769153595, 0.5993219614028931, 0.11198139691352846], [-0.37525078654289246, -0.8475692868232727, 0.37525078654289246, 0.07070054119825364], [0.7071067690849304, -8.659560603426554e-17, 0.7071067690849304, -0.17772265422344208], [0.0, 0.0, 0.0, 1.0]], [[1.5128930909780923e-16, 0.7319610714912415, 0.6813464760780334, 0.00015589128434655478], [1.625280069397753e-16, -0.6813464760780334, 0.7319610714912415, -0.00010329775512221238], [0.9999999403953552, 0.0, -2.220445916901415e-16, -0.22532897698879245], [0.0, 0.0, 0.0, 1.0]], [[-0.6813464760780334, 0.7319610714912415, 0.0, 0.13434279596805573], [-0.7319610714912415, -0.6813464760780334, 0.0, 0.14217287266254428], [0.0, 0.0, 0.9999999403953552, -0.03464617156982422], [0.0, 0.0, 0.0, 1.0]], [[-1.5128930909780923e-16, 0.7319610714912415, -0.6813464760780334, 0.0008007810711860914], [-1.625280069397753e-16, -0.6813464760780334, -0.7319610714912415, 0.0011121752262115755], [-0.9999999403953552, 0.0, 2.220445916901415e-16, 0.2274627584218979], [0.0, 0.0, 0.0, 1.0]], [[0.1584443747997284, 0.9745720624923706, 0.1584443747997284, -0.029640541255474093], [0.6891264915466309, -0.22407418489456177, 0.6891264915466309, -0.13456097888946533], [0.7071067094802856, 0.0, -0.7071067094802856, -0.17032513737678528], [0.0, 0.0, 0.0, 1.0]], [[0.5993219614028931, 0.530684769153595, 0.5993219614028931, -0.11576094841957094], [0.37525078654289246, -0.8475692868232727, 0.37525078654289246, -0.07189475792646409], [0.7071067690849304, 8.659560603426554e-17, -0.7071067690849304, -0.17772265422344208], [0.0, 0.0, 0.0, 1.0]], [[-0.6813464760780334, 0.7319610714912415, 0.0, 0.13275669443607332], [-0.7319610714912415, -0.6813464760780334, 0.0, 0.14117978489398958], [0.0, 0.0, 0.9999999403953552, 0.009625772476196288], [0.0, 0.0, 0.0, 1.0]], [[-0.8475692868232727, -0.530684769153595, 1.0379730332833858e-16, 0.1558605490922928], [-0.530684769153595, 0.8475692868232727, 6.499014474274799e-17, 0.09922455799579621], [-1.2246468525851679e-16, 0.0, -1.0, -0.01802741813659666], [0.0, 0.0, 0.0, 1.0]], [[0.22407418489456177, -0.9745720624923706, -9.19094870812001e-17, -0.042137337327003484], [0.9745720624923706, 0.22407418489456177, 1.4679184208057471e-16, -0.18803802752494814], [-1.2246467202362698e-16, -1.2246467202362698e-16, 0.9999999403953552, 0.046563560485839865], [0.0, 0.0, 0.0, 1.0]], [[-0.03579118475317955, 0.9993593096733093, 1.2238622883177736e-16, 0.007605802319943906], [0.9993593096733093, 0.03579118475317955, 4.38315603325367e-18, -0.1906725996732712], [0.0, 1.2246468525851679e-16, -1.0, -0.004274720668792724], [0.0, 0.0, 0.0, 1.0]], [[4.9754463858811386e-17, 0.9745720624923706, 0.22407418489456177, 0.00043831980228423227], [2.1639846858709135e-16, -0.22407418489456177, 0.9745720624923706, -0.002912900924682654], [0.9999999403953552, 0.0, -2.220445916901415e-16, -0.20126437890529636], [0.0, 0.0, 0.0, 1.0]], [[0.025308189913630486, 0.9993593096733093, -0.025308189913630486, -0.004784680288285017], [-0.7066537141799927, 0.03579118475317955, 0.7066537141799927, 0.13601831173896792], [0.7071067690849304, -8.659560603426554e-17, 0.7071067690849304, -0.17137571513652802], [0.0, 0.0, 0.0, 1.0]], [[-1.6252811281889371e-16, 0.6813459396362305, -0.7319615483283997, 0.0008470592498779574], [1.5128918998380102e-16, 0.7319615483283997, 0.6813459396362305, -0.0006573407649994153], [1.0, 0.0, -2.220446049250313e-16, -0.23288823318481447], [0.0, 0.0, 0.0, 1.0]], [[-4.9754463858811386e-17, -0.9745720624923706, 0.22407418489456177, 0.0001997829675674523], [-2.1639846858709135e-16, 0.22407418489456177, 0.9745720624923706, -2.0541621372066904e-05], [-0.9999999403953552, 2.719261971675979e-32, -2.220445916901415e-16, 0.19779926049709323], [0.0, 0.0, 0.0, 1.0]], [[0.6813464760780334, 0.7319610714912415, -8.34408847617761e-17, -0.12615496695041659], [0.7319610714912415, -0.6813464760780334, -8.963937922555447e-17, -0.13696542179584503], [-1.2246467202362698e-16, 0.0, -0.9999999403953552, 0.00962577247619631], [0.0, 0.0, 0.0, 1.0]], [[-0.6760239601135254, -0.29322877526283264, -0.6760239601135254, 0.130322060585022], [-0.20734405517578125, 0.9560422897338867, -0.20734405517578125, 0.03973113965988159], [0.7071067690849304, 8.659560603426554e-17, -0.7071067690849304, -0.1509082602262497], [0.0, 0.0, 0.0, 1.0]], [[-0.22407418489456177, 0.9745720624923706, 0.0, 0.045458014130592354], [-0.9745720624923706, -0.22407418489456177, 0.0, 0.1902070987224579], [0.0, 0.0, 0.9999999403953552, 0.04502053451538086], [0.0, 0.0, 0.0, 1.0]], [[0.974571168422699, -0.2240782380104065, -1.1935055539304655e-16, -0.19011083734035494], [-0.2240782380104065, -0.974571168422699, 2.744167049933239e-17, 0.04266636478900909], [-1.2246468525851679e-16, 0.0, -1.0, 0.0106758613586426], [0.0, 0.0, 0.0, 1.0]], [[1.5128930909780923e-16, -0.7319610714912415, -0.6813464760780334, -0.000924630522727992], [1.625280069397753e-16, 0.6813464760780334, -0.7319610714912415, -0.002139812946319608], [0.9999999403953552, -2.719261971675979e-32, 2.220445916901415e-16, -0.23361480844020843], [0.0, 0.0, 0.0, 1.0]], [[1.6252811281889371e-16, 0.6813459396362305, 0.7319615483283997, -0.00021759541332724472], [-1.5128918998380102e-16, 0.7319615483283997, -0.6813459396362305, 0.0010430755615234632], [-1.0, 0.0, 2.220446049250313e-16, 0.23367513656616212], [0.0, 0.0, 0.0, 1.0]], [[0.22407418489456177, 0.9745720624923706, -2.7441174190964858e-17, -0.042691072106361395], [0.9745720624923706, -0.22407418489456177, -1.1935066127216496e-16, -0.1857862594127655], [-1.2246467202362698e-16, 0.0, -0.9999999403953552, 0.01790398406982424], [0.0, 0.0, 0.0, 1.0]], [[0.5306757092475891, 0.8475749492645264, 1.6878703778950275e-16, -0.0994267693758011], [-0.8475749492645264, 0.5306757092475891, -3.880896514804841e-17, 0.15830122900009155], [-1.2246467202362698e-16, -1.2246467202362698e-16, 0.9999999403953552, 0.0002983665168285578], [0.0, 0.0, 0.0, 1.0]], [[-4.9754463858811386e-17, 0.9745720624923706, -0.22407418489456177, 0.0003573050498962487], [-2.1639846858709135e-16, -0.22407418489456177, -0.9745720624923706, -0.0006508605480193725], [-0.9999999403953552, 0.0, 2.220445916901415e-16, 0.20673022973537447], [0.0, 0.0, 0.0, 1.0]], [[-0.7319615483283997, 0.6813459396362305, 8.963943878255857e-17, 0.13958805572986605], [0.6813459396362305, 0.7319615483283997, -8.34408185873271e-17, -0.1295832986831665], [-1.2246468525851679e-16, 0.0, -1.0, 0.03073383140563967], [0.0, 0.0, 0.0, 1.0]], [[0.6813464760780334, 0.7319610714912415, -8.34408847617761e-17, -0.12929993879795076], [0.7319610714912415, -0.6813464760780334, -8.963937922555447e-17, -0.13917590153217316], [-1.2246467202362698e-16, 0.0, -0.9999999403953552, -0.035328987121582014], [0.0, 0.0, 0.0, 1.0]], [[0.9560422897338867, 0.29322877526283264, -1.1708142030180128e-16, -0.17941168594360352], [0.29322877526283264, -0.9560422897338867, -3.5910170248360426e-17, -0.05536484819650651], [-1.2246468525851679e-16, 0.0, -1.0, 0.029250049591064475], [0.0, 0.0, 0.0, 1.0]], [[-7.947239478318557e-18, 0.9993593096733093, 0.03579118475317955, -6.831747293472155e-05], [2.21902343094562e-16, 0.03579118475317955, -0.9993593096733093, 0.002054682254791222], [-1.0, 2.7192622655495665e-32, -2.220446049250313e-16, 0.22055599975585938], [0.0, 0.0, 0.0, 1.0]], [[0.7319615483283997, 0.6813459396362305, 0.0, -0.14030865490436556], [-0.6813459396362305, 0.7319615483283997, 0.0, 0.1321252841949463], [0.0, 0.0, 1.0, 0.021657176971435547], [0.0, 0.0, 0.0, 1.0]], [[0.7319615483283997, -0.6813459396362305, -8.34408185873271e-17, -0.1388444186449051], [-0.6813459396362305, -0.7319615483283997, -8.963943878255857e-17, 0.12978668022155762], [0.0, 1.2246468525851679e-16, -1.0, 0.006618118286132813], [0.0, 0.0, 0.0, 1.0]], [[0.5306757092475891, 0.8475749492645264, 1.6878703778950275e-16, -0.10058216392993928], [-0.8475749492645264, 0.5306757092475891, -3.880896514804841e-17, 0.1620684027671814], [-1.2246467202362698e-16, -1.2246467202362698e-16, 0.9999999403953552, 0.020111204147338888], [0.0, 0.0, 0.0, 1.0]], [[-0.974571168422699, 0.2240782380104065, 2.744167049933239e-17, 0.18022620713710785], [0.2240782380104065, 0.974571168422699, 1.1935055539304655e-16, -0.04248336565494538], [0.0, 1.2246468525851679e-16, -1.0, 0.01067586135864258], [0.0, 0.0, 0.0, 1.0]], [[0.3752443790435791, 0.8475749492645264, 0.3752443790435791, -0.07086880016326905], [-0.599325954914093, 0.5306757092475891, -0.599325954914093, 0.11430960953235626], [-0.7071067094802856, -8.659559941682064e-17, 0.7071067094802856, 0.17312422108650208], [0.0, 0.0, 0.0, 1.0]], [[0.22407418489456177, -0.9745720624923706, -9.19094870812001e-17, -0.03969017589092255], [0.9745720624923706, 0.22407418489456177, 1.4679184208057471e-16, -0.18013028502464296], [-1.2246467202362698e-16, -1.2246467202362698e-16, 0.9999999403953552, 0.04502053451538088], [0.0, 0.0, 0.0, 1.0]], [[-0.5306757092475891, 0.8475749492645264, 1.0379799816005313e-16, 0.10303556072711945], [0.8475749492645264, 0.5306757092475891, 6.498903301200472e-17, -0.16640388822555544], [0.0, 1.2246467202362698e-16, -0.9999999403953552, -0.021456207275390625], [0.0, 0.0, 0.0, 1.0]], [[0.8475692868232727, -0.530684769153595, 0.0, -0.16621578037738802], [0.530684769153595, 0.8475692868232727, 0.0, -0.10243565475940705], [0.0, 0.0, 1.0, -0.018027418136596682], [0.0, 0.0, 0.0, 1.0]], [[0.7319615483283997, 0.6813459396362305, 0.0, -0.13822563469409943], [-0.6813459396362305, 0.7319615483283997, 0.0, 0.12879838752746584], [0.0, 0.0, 1.0, -0.04288823318481445], [0.0, 0.0, 0.0, 1.0]], [[0.6760239601135254, 0.29322877526283264, 0.6760239601135254, -0.12661243820190432], [0.20734405517578125, -0.9560422897338867, 0.20734405517578125, -0.03906122899055481], [0.7071067690849304, 0.0, -0.7071067690849304, -0.15924009883403778], [0.0, 0.0, 0.0, 1.0]], [[0.22407418489456177, 0.9745720624923706, -2.7441174190964858e-17, -0.042137337327003484], [0.9745720624923706, -0.22407418489456177, -1.1935066127216496e-16, -0.18803802752494814], [-1.2246467202362698e-16, 0.0, -0.9999999403953552, 0.046563560485839865], [0.0, 0.0, 0.0, 1.0]], [[0.4817847013473511, 0.7319610714912415, -0.4817847013473511, -0.08998526072502136], [0.5175746083259583, -0.6813464760780334, -0.5175746083259583, -0.0973258467912674], [-0.7071067094802856, 0.0, -0.7071067094802856, 0.166202746629715], [0.0, 0.0, 0.0, 1.0]], [[-0.4817847013473511, 0.7319610714912415, 0.4817847013473511, 0.09061446261405945], [-0.5175746083259583, -0.6813464760780334, 0.5175746083259583, 0.09619936287403108], [0.7071067094802856, 0.0, 0.7071067094802856, -0.1779650948047638], [0.0, 0.0, 0.0, 1.0]], [[-0.22407418489456177, 0.9745720624923706, 0.0, 0.04288364708423615], [-0.9745720624923706, -0.22407418489456177, 0.0, 0.18585114550590515], [0.0, 0.0, 0.9999999403953552, 0.0022350268363952636], [0.0, 0.0, 0.0, 1.0]], [[0.5993219614028931, -0.530684769153595, -0.5993219614028931, -0.11576094841957094], [0.37525078654289246, 0.8475692868232727, -0.37525078654289246, -0.07189475792646409], [0.7071067690849304, 0.0, 0.7071067690849304, -0.17772265422344208], [0.0, 0.0, 0.0, 1.0]], [[1.5128930909780923e-16, -0.7319610714912415, -0.6813464760780334, 0.0004203958511352282], [1.625280069397753e-16, 0.6813464760780334, -0.7319610714912415, 0.00039524385333058456], [0.9999999403953552, -2.719261971675979e-32, 2.220445916901415e-16, -0.20239843499660493], [0.0, 0.0, 0.0, 1.0]], [[-0.5175749659538269, -0.6813459396362305, 0.5175749659538269, 0.09650339591503145], [0.48178431391716003, -0.7319615483283997, -0.48178431391716003, -0.08791134947538376], [0.7071067690849304, -8.659560603426554e-17, 0.7071067690849304, -0.16080436885356902], [0.0, 0.0, 0.0, 1.0]], [[0.6760239601135254, -0.29322877526283264, -0.6760239601135254, -0.12500945377349854], [0.20734405517578125, 0.9560422897338867, -0.20734405517578125, -0.03900381708145142], [0.7071067690849304, -8.659560603426554e-17, 0.7071067690849304, -0.17831673228740694], [0.0, 0.0, 0.0, 1.0]], [[-0.22407418489456177, -0.9745720624923706, -1.1935066127216496e-16, 0.04288364708423615], [-0.9745720624923706, 0.22407418489456177, 2.7441174190964858e-17, 0.18585114550590515], [0.0, 1.2246467202362698e-16, -0.9999999403953552, 0.0022350268363952636], [0.0, 0.0, 0.0, 1.0]], [[-0.7319615483283997, 0.6813459396362305, 8.963943878255857e-17, 0.13760751450061798], [0.6813459396362305, 0.7319615483283997, -8.34408185873271e-17, -0.12642007637023928], [-1.2246468525851679e-16, 0.0, -1.0, -0.000918301582336405], [0.0, 0.0, 0.0, 1.0]], [[-4.9754463858811386e-17, -0.9745720624923706, 0.22407418489456177, 0.0014073082208633507], [-2.1639846858709135e-16, 0.22407418489456177, 0.9745720624923706, 0.0022553553581238163], [-0.9999999403953552, 2.719261971675979e-32, -2.220445916901415e-16, 0.2274627584218979], [0.0, 0.0, 0.0, 1.0]], [[-0.974571168422699, 0.2240782380104065, 2.744167049933239e-17, 0.18324346101284028], [0.2240782380104065, 0.974571168422699, 1.1935055539304655e-16, -0.042375301480293275], [0.0, 1.2246468525851679e-16, -1.0, -0.03519253158569336], [0.0, 0.0, 0.0, 1.0]], [[0.6813464760780334, 0.7319610714912415, -8.34408847617761e-17, -0.1319534641504288], [0.7319610714912415, -0.6813464760780334, -8.963937922555447e-17, -0.144177263379097], [-1.2246467202362698e-16, 0.0, -0.9999999403953552, -0.01851419448852537], [0.0, 0.0, 0.0, 1.0]], [[0.1584443747997284, -0.9745720624923706, -0.1584443747997284, -0.029598492085933688], [0.6891264915466309, 0.22407418489456177, -0.6891264915466309, -0.13573501873016358], [0.7071067094802856, -8.659559941682064e-17, 0.7071067094802856, -0.17891488194465638], [0.0, 0.0, 0.0, 1.0]], [[2.1639827006374434e-16, -0.2240782380104065, 0.974571168422699, -0.005463076591491736], [-4.9755363831317843e-17, -0.974571168422699, -0.2240782380104065, 7.288853079081428e-05], [1.0, 0.0, -2.220446049250313e-16, -0.19534864616394043], [0.0, 0.0, 0.0, 1.0]], [[-0.03579118475317955, 0.9993593096733093, 1.2238622883177736e-16, 0.007556363008916379], [0.9993593096733093, 0.03579118475317955, 4.38315603325367e-18, -0.19051138865947725], [0.0, 1.2246468525851679e-16, -1.0, 0.014038742065429688], [0.0, 0.0, 0.0, 1.0]], [[4.9754463858811386e-17, 0.9745720624923706, 0.22407418489456177, 0.0003222517073154365], [2.1639846858709135e-16, -0.22407418489456177, 0.9745720624923706, 0.000327960789203607], [0.9999999403953552, 0.0, -2.220445916901415e-16, -0.21031696832180025], [0.0, 0.0, 0.0, 1.0]], [[-0.03579118475317955, -0.9993593096733093, 0.0, 0.006535590253770352], [0.9993593096733093, -0.03579118475317955, 0.0, -0.18718317019939423], [0.0, 0.0, 1.0, -0.015496641159057618], [0.0, 0.0, 0.0, 1.0]], [[-1.5128930909780923e-16, 0.7319610714912415, -0.6813464760780334, 0.001553832173347499], [-1.625280069397753e-16, -0.6813464760780334, -0.7319610714912415, 0.0010133287906647004], [-0.9999999403953552, 0.0, 2.220445916901415e-16, 0.22185246026515962], [0.0, 0.0, 0.0, 1.0]], [[1.8819818743926413e-16, -0.530684769153595, 0.8475692868232727, -0.004255360603332552], [1.1783568990644144e-16, 0.8475692868232727, 0.530684769153595, -0.0013226767778396805], [-1.0, 0.0, 2.220446049250313e-16, 0.2033341522216797], [0.0, 0.0, 0.0, 1.0]], [[-0.974571168422699, 0.2240782380104065, 2.744167049933239e-17, 0.1797054456472397], [0.2240782380104065, 0.974571168422699, 1.1935055539304655e-16, -0.042501976609230045], [0.0, 1.2246468525851679e-16, -1.0, -0.005348647117614746], [0.0, 0.0, 0.0, 1.0]], [[1.5128930909780923e-16, 0.7319610714912415, 0.6813464760780334, 0.0030015797615051015], [1.625280069397753e-16, -0.6813464760780334, 0.7319610714912415, 0.0019197916984557831], [0.9999999403953552, 0.0, -2.220445916901415e-16, -0.21078220117092134], [0.0, 0.0, 0.0, 1.0]], [[4.9754463858811386e-17, 0.9745720624923706, 0.22407418489456177, 0.0005059391856193458], [2.1639846858709135e-16, -0.22407418489456177, 0.9745720624923706, -0.004800984859466589], [0.9999999403953552, 0.0, -2.220445916901415e-16, -0.23456459558010104], [0.0, 0.0, 0.0, 1.0]], [[0.03579118475317955, -0.9993593096733093, -4.38315603325367e-18, -0.006776449285447598], [-0.9993593096733093, -0.03579118475317955, 1.2238622883177736e-16, 0.19163237559795382], [-1.2246468525851679e-16, 0.0, -1.0, -0.03702542877197264], [0.0, 0.0, 0.0, 1.0]], [[0.025308189913630486, 0.9993593096733093, 0.025308189913630486, -0.004157776858657598], [-0.7066537141799927, 0.03579118475317955, -0.7066537141799927, 0.13397427582740784], [-0.7071067690849304, -8.659560603426554e-17, 0.7071067690849304, 0.1802162798643112], [0.0, 0.0, 0.0, 1.0]], [[-1.178336782031917e-16, 0.8475749492645264, 0.5306757092475891, 0.00024622122943403343], [1.8819944475379521e-16, 0.5306757092475891, -0.8475749492645264, 0.001029162883758513], [-0.9999999403953552, 2.719261971675979e-32, -2.220445916901415e-16, 0.21011119210720064], [0.0, 0.0, 0.0, 1.0]], [[0.1584443747997284, -0.9745720624923706, 0.1584443747997284, -0.0299863538146019], [0.6891264915466309, 0.22407418489456177, 0.6891264915466309, -0.13110856914520264], [-0.7071067094802856, -8.659559941682064e-17, 0.7071067094802856, 0.15972822499275208], [0.0, 0.0, 0.0, 1.0]], [[0.6813464760780334, -0.7319610714912415, -6.198494463778364e-18, -0.12929993879795076], [0.7319610714912415, 0.6813464760780334, 1.7308026398733057e-16, -0.13917590153217316], [-1.2246467202362698e-16, -1.2246467202362698e-16, 0.9999999403953552, -0.035328987121582014], [0.0, 0.0, 0.0, 1.0]], [[-0.22407418489456177, -0.9745720624923706, -1.1935066127216496e-16, 0.04360101807117463], [-0.9745720624923706, 0.22407418489456177, 2.7441174190964858e-17, 0.1867071158885956], [0.0, 1.2246467202362698e-16, -0.9999999403953552, -0.012398446083068847], [0.0, 0.0, 0.0, 1.0]], [[4.9754463858811386e-17, -0.9745720624923706, -0.22407418489456177, 0.001700435042381278], [2.1639846858709135e-16, 0.22407418489456177, -0.9745720624923706, 0.0028078310489654174], [0.9999999403953552, -2.719261971675979e-32, 2.220445916901415e-16, -0.21784007012844087], [0.0, 0.0, 0.0, 1.0]], [[-0.8475692868232727, 0.530684769153595, -3.880715858559059e-17, 0.1558605490922928], [-0.530684769153595, -0.8475692868232727, -1.6878744807108658e-16, 0.09922455799579621], [-1.2246468525851679e-16, -1.2246468525851679e-16, 1.0, -0.01802741813659666], [0.0, 0.0, 0.0, 1.0]], [[-0.5993219614028931, 0.530684769153595, -0.5993219614028931, 0.11476639676094057], [-0.37525078654289246, -0.8475692868232727, -0.37525078654289246, 0.07155476301908494], [-0.7071067690849304, -8.659560603426554e-17, 0.7071067690849304, 0.17881189143657686], [0.0, 0.0, 0.0, 1.0]], [[0.5306757092475891, 0.8475749492645264, 1.6878703778950275e-16, -0.10040075314044954], [-0.8475749492645264, 0.5306757092475891, -3.880896514804841e-17, 0.1614769186973572], [-1.2246467202362698e-16, -1.2246467202362698e-16, 0.9999999403953552, 0.038773948669433615], [0.0, 0.0, 0.0, 1.0]], [[0.22407418489456177, -0.9745720624923706, -9.19094870812001e-17, -0.04224827015399933], [0.9745720624923706, 0.22407418489456177, 1.4679184208057471e-16, -0.18494056391716004], [-1.2246467202362698e-16, -1.2246467202362698e-16, 0.9999999403953552, 0.027738155364990257], [0.0, 0.0, 0.0, 1.0]], [[0.8475692868232727, -0.530684769153595, 0.0, -0.16612417805194857], [0.530684769153595, 0.8475692868232727, 0.0, -0.1024075642824173], [0.0, 0.0, 1.0, 0.04784477615356445], [0.0, 0.0, 0.0, 1.0]], [[4.9754463858811386e-17, 0.9745720624923706, 0.22407418489456177, 0.001700435042381278], [2.1639846858709135e-16, -0.22407418489456177, 0.9745720624923706, 0.0028078310489654174], [0.9999999403953552, 0.0, -2.220445916901415e-16, -0.21784007012844087], [0.0, 0.0, 0.0, 1.0]], [[0.1584443747997284, -0.9745720624923706, 0.1584443747997284, -0.02966767352819443], [0.6891264915466309, 0.22407418489456177, 0.6891264915466309, -0.1338033685684204], [-0.7071067094802856, -8.659559941682064e-17, 0.7071067094802856, 0.1809138367176056], [0.0, 0.0, 0.0, 1.0]], [[-0.974571168422699, -0.2240782380104065, 0.0, 0.18099214875698091], [0.2240782380104065, -0.974571168422699, 0.0, -0.042455927968025206], [0.0, 0.0, 1.0, 0.03207390213012695], [0.0, 0.0, 0.0, 1.0]], [[-0.8475692868232727, -0.530684769153595, 1.0379730332833858e-16, 0.15595215046405794], [-0.530684769153595, 0.8475692868232727, 6.499014474274799e-17, 0.09925264751911164], [-1.2246468525851679e-16, 0.0, -1.0, 0.04784477615356447], [0.0, 0.0, 0.0, 1.0]], [[-0.9560422897338867, -0.29322877526283264, -3.5910170248360426e-17, 0.18388438415527344], [-0.29322877526283264, 0.9560422897338867, 1.1708142030180128e-16, 0.056062086164951334], [0.0, 1.2246468525851679e-16, -1.0, 0.029250049591064455], [0.0, 0.0, 0.0, 1.0]], [[-0.5306757092475891, 0.8475749492645264, 1.0379799816005313e-16, 0.10250020039081574], [0.8475749492645264, 0.5306757092475891, 6.498903301200472e-17, -0.16465824651718142], [0.0, 1.2246467202362698e-16, -0.9999999403953552, -0.042540817260742186], [0.0, 0.0, 0.0, 1.0]], [[-0.9560422897338867, 0.29322877526283264, 0.0, 0.18508313369750978], [-0.29322877526283264, -0.9560422897338867, 0.0, 0.05610502058267594], [0.0, 0.0, 1.0, -0.043966445922851566], [0.0, 0.0, 0.0, 1.0]], [[0.03579118475317955, -0.9993593096733093, -4.38315603325367e-18, -0.006044287238270045], [-0.9993593096733093, -0.03579118475317955, 1.2238622883177736e-16, 0.18924514949321747], [-1.2246468525851679e-16, 0.0, -1.0, 0.014038742065429708], [0.0, 0.0, 0.0, 1.0]], [[-0.5993219614028931, -0.530684769153595, -0.5993219614028931, 0.11198139691352846], [-0.37525078654289246, 0.8475692868232727, -0.37525078654289246, 0.07070054119825364], [0.7071067690849304, 0.0, -0.7071067690849304, -0.17772265422344208], [0.0, 0.0, 0.0, 1.0]], [[-1.178336782031917e-16, 0.8475749492645264, 0.5306757092475891, 0.0010302400588989458], [1.8819944475379521e-16, 0.5306757092475891, -0.8475749492645264, -0.0015271410942077957], [-0.9999999403953552, 2.719261971675979e-32, -2.220445916901415e-16, 0.235865979552269], [0.0, 0.0, 0.0, 1.0]], [[-0.3752443790435791, -0.8475749492645264, -0.3752443790435791, 0.07172406387329101], [0.599325954914093, -0.5306757092475891, 0.599325954914093, -0.11343425381183625], [-0.7071067094802856, 0.0, 0.7071067094802856, 0.17312422108650208], [0.0, 0.0, 0.0, 1.0]], [[0.4817847013473511, 0.7319610714912415, 0.4817847013473511, -0.09246372389793396], [0.5175746083259583, -0.6813464760780334, 0.5175746083259583, -0.10047898876667023], [0.7071067094802856, 0.0, -0.7071067094802856, -0.1779650948047638], [0.0, 0.0, 0.0, 1.0]], [[-0.7319615483283997, 0.6813459396362305, 8.963943878255857e-17, 0.1363465348482132], [0.6813459396362305, 0.7319615483283997, -8.34408185873271e-17, -0.12440607166290285], [-1.2246468525851679e-16, 0.0, -1.0, -0.019106678009033182], [0.0, 0.0, 0.0, 1.0]], [[-0.974571168422699, 0.2240782380104065, 2.744167049933239e-17, 0.18099214875698091], [0.2240782380104065, 0.974571168422699, 1.1935055539304655e-16, -0.042455927968025206], [0.0, 1.2246468525851679e-16, -1.0, 0.03207390213012695], [0.0, 0.0, 0.0, 1.0]], [[0.7319615483283997, 0.6813459396362305, 0.0, -0.1409085417985916], [-0.6813459396362305, 0.7319615483283997, 0.0, 0.13308339881896974], [0.0, 0.0, 1.0, -0.02645408058166504], [0.0, 0.0, 0.0, 1.0]], [[-0.22407418489456177, 0.9745720624923706, 0.0, 0.04293140041828156], [-0.9745720624923706, -0.22407418489456177, 0.0, 0.18451783061027527], [0.0, 0.0, 0.9999999403953552, 0.016730239868164062], [0.0, 0.0, 0.0, 1.0]], [[-0.8475692868232727, 0.530684769153595, -3.880715858559059e-17, 0.15929553329944612], [-0.530684769153595, -0.8475692868232727, -1.6878744807108658e-16, 0.10027812969684602], [-1.2246468525851679e-16, -1.2246468525851679e-16, 1.0, -0.030758918762207012], [0.0, 0.0, 0.0, 1.0]], [[0.5306757092475891, -0.8475749492645264, -6.498903301200472e-17, -0.09868488132953644], [-0.8475749492645264, -0.5306757092475891, 1.0379799816005313e-16, 0.1558822102546692], [-1.2246467202362698e-16, 0.0, -0.9999999403953552, -0.012639851570129375], [0.0, 0.0, 0.0, 1.0]], [[-0.22407418489456177, 0.9745720624923706, 0.0, 0.04432033789157868], [-0.9745720624923706, -0.22407418489456177, 0.0, 0.18806284594535827], [0.0, 0.0, 0.9999999403953552, -0.041375442504882814], [0.0, 0.0, 0.0, 1.0]], [[-4.9754463858811386e-17, 0.9745720624923706, -0.22407418489456177, 0.0002993223965168084], [-2.1639846858709135e-16, -0.22407418489456177, -0.9745720624923706, 0.0009681394696236024], [-0.9999999403953552, 0.0, 2.220445916901415e-16, 0.2301915181875229], [0.0, 0.0, 0.0, 1.0]], [[-7.947239478318557e-18, -0.9993593096733093, -0.03579118475317955, 0.0007560378909111037], [2.21902343094562e-16, -0.03579118475317955, 0.9993593096733093, -0.0006331197023392101], [-1.0, 0.0, 2.220446049250313e-16, 0.2040387420654297], [0.0, 0.0, 0.0, 1.0]], [[-0.22407418489456177, 0.9745720624923706, 0.0, 0.043037984967231754], [-0.9745720624923706, -0.22407418489456177, 0.0, 0.1815417468547821], [0.0, 0.0, 0.9999999403953552, -0.035974861145019535], [0.0, 0.0, 0.0, 1.0]], [[0.5175749659538269, 0.6813459396362305, 0.5175749659538269, -0.09855683887004853], [-0.48178431391716003, 0.7319615483283997, -0.48178431391716003, 0.09258209484815598], [-0.7071067690849304, 0.0, 0.7071067690849304, 0.1780254229307175], [0.0, 0.0, 0.0, 1.0]], [[0.6813464760780334, -0.7319610714912415, -6.198494463778364e-18, -0.12887198984622958], [0.7319610714912415, 0.6813464760780334, 1.7308026398733057e-16, -0.13866660797595978], [-1.2246467202362698e-16, -1.2246467202362698e-16, 0.9999999403953552, -0.010675848960876444], [0.0, 0.0, 0.0, 1.0]], [[0.7319615483283997, 0.6813459396362305, 0.0, -0.14053787338733673], [-0.6813459396362305, 0.7319615483283997, 0.0, 0.13249138069152833], [0.0, 0.0, 1.0, -0.0009183015823364258], [0.0, 0.0, 0.0, 1.0]], [[-1.8819818743926413e-16, -0.530684769153595, -0.8475692868232727, -0.00039641135931011817], [-1.1783568990644144e-16, 0.8475692868232727, -0.530684769153595, -0.000139061763882617], [1.0, 0.0, -2.220446049250313e-16, -0.21292551040649416], [0.0, 0.0, 0.0, 1.0]], [[-1.6252811281889371e-16, 0.6813459396362305, -0.7319615483283997, -0.0027261593341827116], [1.5128918998380102e-16, 0.7319615483283997, 0.6813459396362305, 0.005049656391143773], [1.0, 0.0, -2.220446049250313e-16, -0.2091066780090332], [0.0, 0.0, 0.0, 1.0]], [[-0.3752443790435791, 0.8475749492645264, 0.3752443790435791, 0.07274154710769654], [0.599325954914093, 0.5306757092475891, -0.599325954914093, -0.11675176823139191], [-0.7071067094802856, 8.659559941682064e-17, -0.7071067094802856, 0.16228785252571107], [0.0, 0.0, 0.0, 1.0]], [[0.7319615483283997, -0.6813459396362305, -8.34408185873271e-17, -0.14053787338733673], [-0.6813459396362305, -0.7319615483283997, -8.963943878255857e-17, 0.13249138069152833], [0.0, 1.2246468525851679e-16, -1.0, -0.0009183015823364258], [0.0, 0.0, 0.0, 1.0]], [[0.9560422897338867, 0.29322877526283264, -1.1708142030180128e-16, -0.1782129364013672], [0.29322877526283264, -0.9560422897338867, -3.5910170248360426e-17, -0.0553219137787819], [-1.2246468525851679e-16, 0.0, -1.0, -0.043966445922851545], [0.0, 0.0, 0.0, 1.0]], [[1.8819818743926413e-16, -0.530684769153595, 0.8475692868232727, -0.0029300448894501053], [1.1783568990644144e-16, 0.8475692868232727, 0.530684769153595, -0.0009161786437034807], [-1.0, 0.0, 2.220446049250313e-16, 0.2122416648864746], [0.0, 0.0, 0.0, 1.0]], [[-0.3752443790435791, -0.8475749492645264, 0.3752443790435791, 0.07343993520736694], [0.599325954914093, -0.5306757092475891, -0.599325954914093, -0.11902896130084992], [0.7071067094802856, 0.0, 0.7071067094802856, -0.14699012684822083], [0.0, 0.0, 0.0, 1.0]], [[0.025308189913630486, -0.9993593096733093, 0.025308189913630486, -0.004784680288285017], [-0.7066537141799927, -0.03579118475317955, -0.7066537141799927, 0.13601831173896792], [0.7071067690849304, 0.0, -0.7071067690849304, -0.17137571513652802], [0.0, 0.0, 0.0, 1.0]], [[-0.7319615483283997, -0.6813459396362305, -1.7308025075244077e-16, 0.13760337173938753], [0.6813459396362305, -0.7319615483283997, -6.198620195231472e-18, -0.12641345977783205], [-1.2246468525851679e-16, -1.2246468525851679e-16, 1.0, 0.036708377838134784], [0.0, 0.0, 0.0, 1.0]], [[0.6813464760780334, -0.7319610714912415, -6.198494463778364e-18, -0.12645425093173981], [0.7319610714912415, 0.6813464760780334, 1.7308026398733057e-16, -0.13715281212329866], [-1.2246467202362698e-16, -1.2246467202362698e-16, 0.9999999403953552, -0.020782211303710916], [0.0, 0.0, 0.0, 1.0]], [[-0.22407418489456177, -0.9745720624923706, -1.1935066127216496e-16, 0.04308003437519074], [-0.9745720624923706, 0.22407418489456177, 2.7441174190964858e-17, 0.18036770701408386], [0.0, 1.2246467202362698e-16, -0.9999999403953552, -0.04456460571289063], [0.0, 0.0, 0.0, 1.0]], [[0.3752443790435791, 0.8475749492645264, -0.3752443790435791, -0.07089309549331665], [-0.599325954914093, 0.5306757092475891, 0.599325954914093, 0.11438882648944855], [0.7071067094802856, -8.659559941682064e-17, 0.7071067094802856, -0.17137570500373842], [0.0, 0.0, 0.0, 1.0]], [[1.8819818743926413e-16, 0.530684769153595, -0.8475692868232727, 0.0008952243328094163], [1.1783568990644144e-16, -0.8475692868232727, -0.530684769153595, 0.00025711372494695566], [-1.0, 2.7192622655495665e-32, -2.220446049250313e-16, 0.23446160888671877], [0.0, 0.0, 0.0, 1.0]], [[0.22407418489456177, -0.9745720624923706, -9.19094870812001e-17, -0.04226454317569733], [0.9745720624923706, 0.22407418489456177, 1.4679184208057471e-16, -0.18448623919487], [-1.2246467202362698e-16, -1.2246467202362698e-16, 0.9999999403953552, 0.0022350268363952844], [0.0, 0.0, 0.0, 1.0]], [[0.22407418489456177, 0.9745720624923706, -2.7441174190964858e-17, -0.041547172188758856], [0.9745720624923706, -0.22407418489456177, -1.1935066127216496e-16, -0.18363026881217956], [-1.2246467202362698e-16, 0.0, -0.9999999403953552, -0.012398446083068827], [0.0, 0.0, 0.0, 1.0]], [[-0.1584443747997284, 0.9745720624923706, -0.1584443747997284, 0.030403753697872165], [-0.6891264915466309, -0.22407418489456177, -0.6891264915466309, 0.13190217304229737], [-0.7071067094802856, 0.0, 0.7071067094802856, 0.17454180455207827], [0.0, 0.0, 0.0, 1.0]], [[-0.03579118475317955, 0.9993593096733093, 1.2238622883177736e-16, 0.006848495863378048], [0.9993593096733093, 0.03579118475317955, 4.38315603325367e-18, -0.18820338046550752], [0.0, 1.2246468525851679e-16, -1.0, 0.038773948669433594], [0.0, 0.0, 0.0, 1.0]], [[0.974571168422699, 0.2240782380104065, 1.4679222589237894e-16, -0.1842596906423569], [-0.2240782380104065, 0.974571168422699, 9.190888489371416e-17, 0.042875936627388006], [-1.2246468525851679e-16, -1.2246468525851679e-16, 1.0, 0.04043275833129885], [0.0, 0.0, 0.0, 1.0]], [[1.6252811281889371e-16, 0.6813459396362305, 0.7319615483283997, 0.000515361309051486], [-1.5128918998380102e-16, 0.7319615483283997, -0.6813459396362305, -0.00012756982445714287], [-1.0, 0.0, 2.220446049250313e-16, 0.220733829498291], [0.0, 0.0, 0.0, 1.0]], [[-7.947239478318557e-18, 0.9993593096733093, 0.03579118475317955, -0.0006306867003440844], [2.21902343094562e-16, 0.03579118475317955, -0.9993593096733093, 0.003888299703597985], [-1.0, 2.7192622655495665e-32, -2.220446049250313e-16, 0.19233708000183106], [0.0, 0.0, 0.0, 1.0]], [[0.6813464760780334, 0.7319610714912415, -8.34408847617761e-17, -0.12456886446475984], [0.7319610714912415, -0.6813464760780334, -8.963937922555447e-17, -0.13597233402729036], [-1.2246467202362698e-16, 0.0, -0.9999999403953552, -0.0346461715698242], [0.0, 0.0, 0.0, 1.0]], [[0.03579118475317955, -0.9993593096733093, -4.38315603325367e-18, -0.006153277806937695], [-0.9993593096733093, -0.03579118475317955, 1.2238622883177736e-16, 0.18960049998760226], [-1.2246468525851679e-16, 0.0, -1.0, -0.025987724304199197], [0.0, 0.0, 0.0, 1.0]], [[0.22407418489456177, 0.9745720624923706, -2.7441174190964858e-17, -0.04227477276325226], [0.9745720624923706, -0.22407418489456177, -1.1935066127216496e-16, -0.18420055270195007], [-1.2246467202362698e-16, 0.0, -0.9999999403953552, 0.04019153213500979], [0.0, 0.0, 0.0, 1.0]], [[-2.1639827006374434e-16, 0.2240782380104065, 0.974571168422699, -0.0041763730049132934], [4.9755363831317843e-17, 0.974571168422699, -0.2240782380104065, 0.00011893747001885522], [-1.0, 2.7192622655495665e-32, -2.220446049250313e-16, 0.22207390213012695], [0.0, 0.0, 0.0, 1.0]], [[-0.03579118475317955, -0.9993593096733093, 0.0, 0.007451104305684567], [0.9993593096733093, -0.03579118475317955, 0.0, -0.1901681994199753], [0.0, 0.0, 1.0, 0.04586599349975586], [0.0, 0.0, 0.0, 1.0]], [[0.8475692868232727, 0.530684769153595, 6.499014474274799e-17, -0.16034682857990268], [0.530684769153595, -0.8475692868232727, -1.0379730332833858e-16, -0.10063552963733674], [0.0, 1.2246468525851679e-16, -1.0, -0.010077646255493164], [0.0, 0.0, 0.0, 1.0]], [[0.5306757092475891, -0.8475749492645264, -6.498903301200472e-17, -0.09938327038288117], [-0.8475749492645264, -0.5306757092475891, 1.0379799816005313e-16, 0.15815940427780154], [-1.2246467202362698e-16, 0.0, -0.9999999403953552, 0.027937578201293965], [0.0, 0.0, 0.0, 1.0]], [[-0.22407418489456177, -0.9745720624923706, -1.1935066127216496e-16, 0.043037984967231754], [-0.9745720624923706, 0.22407418489456177, 2.7441174190964858e-17, 0.1815417468547821], [0.0, 1.2246467202362698e-16, -0.9999999403953552, -0.035974861145019535], [0.0, 0.0, 0.0, 1.0]], [[0.5175749659538269, -0.6813459396362305, 0.5175749659538269, -0.10017509067058564], [-0.48178431391716003, -0.7319615483283997, -0.48178431391716003, 0.09516668957471848], [0.7071067690849304, 8.659560603426554e-17, -0.7071067690849304, -0.16080436885356902], [0.0, 0.0, 0.0, 1.0]], [[-0.5175749659538269, 0.6813459396362305, 0.5175749659538269, 0.09885460460186005], [0.48178431391716003, 0.7319615483283997, -0.48178431391716003, -0.09166658943891526], [-0.7071067690849304, 0.0, -0.7071067690849304, 0.16508411586284638], [0.0, 0.0, 0.0, 1.0]], [[-0.03579118475317955, 0.9993593096733093, 1.2238622883177736e-16, 0.006535590253770352], [0.9993593096733093, 0.03579118475317955, 4.38315603325367e-18, -0.18718317019939423], [0.0, 1.2246468525851679e-16, -1.0, -0.015496641159057618], [0.0, 0.0, 0.0, 1.0]], [[-0.22407418489456177, -0.9745720624923706, -1.1935066127216496e-16, 0.04245711815357209], [-0.9745720624923706, 0.22407418489456177, 2.7441174190964858e-17, 0.18455112528800965], [0.0, 1.2246467202362698e-16, -0.9999999403953552, 0.01790398406982422], [0.0, 0.0, 0.0, 1.0]], [[-0.974571168422699, -0.2240782380104065, 0.0, 0.17984354913234712], [0.2240782380104065, -0.974571168422699, 0.0, -0.04249703562259674], [0.0, 0.0, 1.0, 0.04457277297973633], [0.0, 0.0, 0.0, 1.0]], [[1.5128930909780923e-16, 0.7319610714912415, 0.6813464760780334, 0.000583840370178197], [1.625280069397753e-16, -0.6813464760780334, 0.7319610714912415, 0.00040599533915516953], [0.9999999403953552, 0.0, -2.220445916901415e-16, -0.20067583787441257], [0.0, 0.0, 0.0, 1.0]], [[0.22407418489456177, 0.9745720624923706, -2.7441174190964858e-17, -0.04213577520847321], [0.9745720624923706, -0.22407418489456177, -1.1935066127216496e-16, -0.18808159327507018], [-1.2246467202362698e-16, 0.0, -0.9999999403953552, -0.01126439094543455], [0.0, 0.0, 0.0, 1.0]], [[-0.1584443747997284, -0.9745720624923706, -0.1584443747997284, 0.031850673854351044], [-0.6891264915466309, 0.22407418489456177, -0.6891264915466309, 0.13382818698883056], [0.7071067094802856, 8.659559941682064e-17, -0.7071067094802856, -0.1757257149219513], [0.0, 0.0, 0.0, 1.0]], [[0.5306757092475891, 0.8475749492645264, 1.6878703778950275e-16, -0.09985856354236604], [-0.8475749492645264, 0.5306757092475891, -3.880896514804841e-17, 0.15970910501480104], [-1.2246467202362698e-16, -1.2246467202362698e-16, 0.9999999403953552, 0.009975176811218282], [0.0, 0.0, 0.0, 1.0]], [[0.8475692868232727, -0.530684769153595, 0.0, -0.16529352581501008], [0.530684769153595, 0.8475692868232727, 0.0, -0.10215278255939485], [0.0, 0.0, 1.0, 0.01333415412902832], [0.0, 0.0, 0.0, 1.0]], [[0.1584443747997284, 0.9745720624923706, -0.1584443747997284, -0.02977860635519028], [0.6891264915466309, -0.22407418489456177, -0.6891264915466309, -0.13070590591430664], [-0.7071067094802856, 0.0, -0.7071067094802856, 0.16208843159675598], [0.0, 0.0, 0.0, 1.0]]], "foliation_name": "place_2", "similarity_matrix": [