{"co_parameters": [[[1.0, 0.0, 0.0, 0.68], [0.0, 1.0, 0.0, -0.55], [0.0, 0.0, 1.0, 0.78], [0.0, 0.0, 0.0, 1.0]], [[1.0, 0.0, 0.0, 0.68], [0.0, 1.0, 0.0, 0.05], [0.0, 0.0, 1.0, 0.9], [0.0, 0.0, 0.0, 1.0]], [[1.0, 0.0, 0.0, 0.68], [0.0, 0.9286646355765102, -0.3709204694129827, 0.05], [0.0, 0.3709204694129827, 0.9286646355765102, 0.9], [0.0, 0.0, 0.0, 1.0]], [[1.0, 0.0, 0.0, 0.68], [0.0, 0.7248360107409051, -0.6889214451105514, 0.05], [0.0, 0.6889214451105514, 0.7248360107409051, 0.9], [0.0, 0.0, 0.0, 1.0]], [[1.0, 0.0, 0.0, 0.68], [0.0, 0.41759450395835795, -0.9086334961158835, 0.05], [0.0, 0.9086334961158835, 0.41759450395835795, 0.9], [0.0, 0.0, 0.0, 1.0]], [[1.0, 0.0, 0.0, 0.68], [0.0, 0.050774484933579056, -0.9987101439755831, 0.05], [0.0, 0.9987101439755831, 0.050774484933579056, 0.9], [0.0, 0.0, 0.0, 1.0]], [[1.0, 0.0, 0.0, 0.68], [0.0, -0.32328956686350363, -0.9463000876874148, 0.05], [0.0, 0.9463000876874148, -0.32328956686350363, 0.9], [0.0, 0.0, 0.0, 1.0]], [[1.0, 0.0, 0.0, 0.75], [0.0, -0.32328956686350363, -0.9463000876874148, 0.05], [0.0, 0.9463000876874148, -0.32328956686350363, 0.9], [0.0, 0.0, 0.0, 1.0]], [[1.0, 0.0, 0.0, 0.75], [0.0, 1.0, 0.0, 0.12], [0.0, 0.0, 1.0, 0.78], [0.0, 0.0, 0.0, 1.0]]], "foliation_name": "regrasp", "similarity_matrix": [[1.0, 0.0, 0.0, 0.0, 0.0, 0.0, 0.0, 0.0, 0.0], [0.0, 1.0, 0.0, 0.0, 0.0, 0.0, 0.0, 0.0, 0.0], [0.0, 0.0, 1.0, 0.0, 0.0, 0.0, 0.0, 0.0, 0.0], [0.0, 0.0, 0.0, 1.0, 0.0, 0.0, 0.0, 0.0, 0.0], [0.0, 0.0, 0.0, 0.0, 1.0, 0.0, 0.0, 0.0, 0.0], [0.0, 0.0, 0.0, 0.0, 0.0, 1.0, 0.0, 0.0, 0.0], [0.0, 0.0, 0.0, 0.0, 0.0, 0.0, 1.0, 0.0, 0.0], [0.0, 0.0, 0.0, 0.0, 0.0, 0.0, 0.0, 1.0, 0.0], [0.0, 0.0, 0.0, 0.0, 0.0, 0.0, 0.0, 0.0, 1.0]], "constraint_parameters": {"obstacle_pose": [[0.0, 1.0, 0.0, 0.7], [-1.0, 0.0, 0.0, -0.4], [0.0, 0.0, 1.0, -0.02], [0.0, 0.0, 0.0, 1.0]], "frame_id": "base_link", "obstacle_mesh": "/root/catkin_ws/src/jiaming_manipulation/task_planner/mesh_dir/table_with_dinnerware.stl", "is_object_in_hand": false, "object_mesh_path": "/root/catkin_ws/src/jiaming_manipulation/task_planner/mesh_dir/cup.stl"}}