{"co_parameters": [[[0.9950041652780257, -0.09983341664682817, 0.0, 0.842], [0.09983341664682817, 0.9950041652780257, 0.0, -0.074], [0.0, 0.0, 1.0, 0.865], [0.0, 0.0, 0.0, 1.0]], [[0.910350266637996, -0.4138386062610998, 0.0, 0.842], [0.4138386062610998, 0.910350266637996, 0.0, -0.074], [0.0, 0.0, 1.0, 0.865], [0.0, 0.0, 0.0, 1.0]], [[0.7294126789469908, -0.6840739315244911, 0.0, 0.842], [0.6840739315244911, 0.7294126789469908, 0.0, -0.074], [0.0, 0.0, 1.0, 0.865], [0.0, 0.0, 0.0, 1.0]], [[0.4713283641737398, -0.8819578068849478, 0.0, 0.842], [0.8819578068849478, 0.4713283641737398, 0.0, -0.074], [0.0, 0.0, 1.0, 0.865], [0.0, 0.0, 0.0, 1.0]], [[0.16339374966409592, -0.9865609370792596, 0.0, 0.842], [0.9865609370792596, 0.16339374966409592, 0.0, -0.074], [0.0, 0.0, 1.0, 0.865], [0.0, 0.0, 0.0, 1.0]], [[-0.16182229328257214, -0.9868199153831307, 0.0, 0.842], [0.9868199153831307, -0.16182229328257214, 0.0, -0.074], [0.0, 0.0, 1.0, 0.865], [0.0, 0.0, 0.0, 1.0]], [[-0.4699231137276023, -0.8827073508159741, 0.0, 0.842], [0.8827073508159741, -0.4699231137276023, 0.0, -0.074], [0.0, 0.0, 1.0, 0.865], [0.0, 0.0, 0.0, 1.0]], [[-0.7283222615108429, -0.6852347651628102, 0.0, 0.842], [0.6852347651628102, -0.7283222615108429, 0.0, -0.074], [0.0, 0.0, 1.0, 0.865], [0.0, 0.0, 0.0, 1.0]], [[-0.9096900108026069, -0.41528795340817803, 0.0, 0.842], [0.41528795340817803, -0.9096900108026069, 0.0, -0.074], [0.0, 0.0, 1.0, 0.865], [0.0, 0.0, 0.0, 1.0]], [[-0.9948439033594594, -0.10141798631660187, 0.0, 0.842], [0.10141798631660187, -0.9948439033594594, 0.0, -0.074], [0.0, 0.0, 1.0, 0.865], [0.0, 0.0, 0.0, 1.0]], [[-0.9951619033238301, 0.09824859374510869, 0.0, 0.842], [-0.09824859374510869, -0.9951619033238301, 0.0, -0.074], [0.0, 0.0, 1.0, 0.866], [0.0, 0.0, 0.0, 1.0]], [[-0.9110082133290403, 0.41238820939380694, 0.0, 0.842], [-0.41238820939380694, -0.9110082133290403, 0.0, -0.074], [0.0, 0.0, 1.0, 0.866], [0.0, 0.0, 0.0, 1.0]], [[-0.7305012461951133, 0.6829113627019155, 0.0, 0.842], [-0.6829113627019155, -0.7305012461951133, 0.0, -0.074], [0.0, 0.0, 1.0, 0.866], [0.0, 0.0, 0.0, 1.0]], [[-0.4727324190743101, 0.8812060258283252, 0.0, 0.842], [-0.8812060258283252, -0.4727324190743101, 0.0, -0.074], [0.0, 0.0, 1.0, 0.866], [0.0, 0.0, 0.0, 1.0]], [[-0.16496479159003474, 0.9862994563192543, 0.0, 0.842], [-0.9862994563192543, -0.16496479159003474, 0.0, -0.074], [0.0, 0.0, 1.0, 0.866], [0.0, 0.0, 0.0, 1.0]], [[0.1602504264315311, 0.9870763905739579, 0.0, 0.842], [-0.9870763905739579, 0.1602504264315311, 0.0, -0.074], [0.0, 0.0, 1.0, 0.866], [0.0, 0.0, 0.0, 1.0]], [[0.46851667130037633, 0.8834546557201537, 0.0, 0.842], [-0.8834546557201537, 0.46851667130037633, 0.0, -0.074], [0.0, 0.0, 1.0, 0.866], [0.0, 0.0, 0.0, 1.0]], [[0.727229996652561, 0.6863938606723666, 0.0, 0.842], [-0.6863938606723666, 0.727229996652561, 0.0, -0.074], [0.0, 0.0, 1.0, 0.866], [0.0, 0.0, 0.0, 1.0]], [[0.9090274474976412, 0.41673624715870733, 0.0, 0.842], [-0.41673624715870733, 0.9090274474976412, 0.0, -0.074], [0.0, 0.0, 1.0, 0.866], [0.0, 0.0, 0.0, 1.0]], [[0.994681117974643, 0.10300229873509788, 0.0, 0.842], [-0.10300229873509788, 0.994681117974643, 0.0, -0.074], [0.0, 0.0, 1.0, 0.866], [0.0, 0.0, 0.0, 1.0]]], "foliation_name": "regrasp", "similarity_matrix": [[1.0, 0.0, 0.0, 0.0, 0.0, 0.0, 0.0, 0.0, 0.0, 0.0, 0.0, 0.0, 0.0, 0.0, 0.0, 0.0, 0.0, 0.0, 0.0, 0.0], [0.0, 1.0, 0.0, 0.0, 0.0, 0.0, 0.0, 0.0, 0.0, 0.0, 0.0, 0.0, 0.0, 0.0, 0.0, 0.0, 0.0, 0.0, 0.0, 0.0], [0.0, 0.0, 1.0, 0.0, 0.0, 0.0, 0.0, 0.0, 0.0, 0.0, 0.0, 0.0, 0.0, 0.0, 0.0, 0.0, 0.0, 0.0, 0.0, 0.0], [0.0, 0.0, 0.0, 1.0, 0.0, 0.0, 0.0, 0.0, 0.0, 0.0, 0.0, 0.0, 0.0, 0.0, 0.0, 0.0, 0.0, 0.0, 0.0, 0.0], [0.0, 0.0, 0.0, 0.0, 1.0, 0.0, 0.0, 0.0, 0.0, 0.0, 0.0, 0.0, 0.0, 0.0, 0.0, 0.0, 0.0, 0.0, 0.0, 0.0], [0.0, 0.0, 0.0, 0.0, 0.0, 1.0, 0.0, 0.0, 0.0, 0.0, 0.0, 0.0, 0.0, 0.0, 0.0, 0.0, 0.0, 0.0, 0.0, 0.0], [0.0, 0.0, 0.0, 0.0, 0.0, 0.0, 1.0, 0.0, 0.0, 0.0, 0.0, 0.0, 0.0, 0.0, 0.0, 0.0, 0.0, 0.0, 0.0, 0.0], [0.0, 0.0, 0.0, 0.0, 0.0, 0.0, 0.0, 1.0, 0.0, 0.0, 0.0, 0.0, 0.0, 0.0, 0.0, 0.0, 0.0, 0.0, 0.0, 0.0], [0.0, 0.0, 0.0, 0.0, 0.0, 0.0, 0.0, 0.0, 1.0, 0.0, 0.0, 0.0, 0.0, 0.0, 0.0, 0.0, 0.0, 0.0, 0.0, 0.0], [0.0, 0.0, 0.0, 0.0, 0.0, 0.0, 0.0, 0.0, 0.0, 1.0, 0.0, 0.0, 0.0, 0.0, 0.0, 0.0, 0.0, 0.0, 0.0, 0.0], [0.0, 0.0, 0.0, 0.0, 0.0, 0.0, 0.0, 0.0, 0.0, 0.0, 1.0, 0.0, 0.0, 0.0, 0.0, 0.0, 0.0, 0.0, 0.0, 0.0], [0.0, 0.0, 0.0, 0.0, 0.0, 0.0, 0.0, 0.0, 0.0, 0.0, 0.0, 1.0, 0.0, 0.0, 0.0, 0.0, 0.0, 0.0, 0.0, 0.0], [0.0, 0.0, 0.0, 0.0, 0.0, 0.0, 0.0, 0.0, 0.0, 0.0, 0.0, 0.0, 1.0, 0.0, 0.0, 0.0, 0.0, 0.0, 0.0, 0.0], [0.0, 0.0, 0.0, 0.0, 0.0, 0.0, 0.0, 0.0, 0.0, 0.0, 0.0, 0.0, 0.0, 1.0, 0.0, 0.0, 0.0, 0.0, 0.0, 0.0], [0.0, 0.0, 0.0, 0.0, 0.0, 0.0, 0.0, 0.0, 0.0, 0.0, 0.0, 0.0, 0.0, 0.0, 1.0, 0.0, 0.0, 0.0, 0.0, 0.0], [0.0, 0.0, 0.0, 0.0, 0.0, 0.0, 0.0, 0.0, 0.0, 0.0, 0.0, 0.0, 0.0, 0.0, 0.0, 1.0, 0.0, 0.0, 0.0, 0.0], [0.0, 0.0, 0.0, 0.0, 0.0, 0.0, 0.0, 0.0, 0.0, 0.0, 0.0, 0.0, 0.0, 0.0, 0.0, 0.0, 1.0, 0.0, 0.0, 0.0], [0.0, 0.0, 0.0, 0.0, 0.0, 0.0, 0.0, 0.0, 0.0, 0.0, 0.0, 0.0, 0.0, 0.0, 0.0, 0.0, 0.0, 1.0, 0.0, 0.0], [0.0, 0.0, 0.0, 0.0, 0.0, 0.0, 0.0, 0.0, 0.0, 0.0, 0.0, 0.0, 0.0, 0.0, 0.0, 0.0, 0.0, 0.0, 1.0, 0.0], [0.0, 0.0, 0.0, 0.0, 0.0, 0.0, 0.0, 0.0, 0.0, 0.0, 0.0, 0.0, 0.0, 0.0, 0.0, 0.0, 0.0, 0.0, 0.0, 1.0]], "constraint_parameters": {"obstacle_pose": [[0.0, 1.0, 0.0, 0.97], [-1.0, 0.0, 0.0, -0.25], [0.0, 0.0, 1.0, -0.02], [0.0, 0.0, 0.0, 1.0]], "frame_id": "base_link", "obstacle_mesh": "/root/catkin_ws/src/jiaming_manipulation/task_planner/mesh_dir/desk_with_bottle_frame.stl", "is_object_in_hand": false, "object_mesh_path": "/root/catkin_ws/src/jiaming_manipulation/task_planner/mesh_dir/lid.stl"}}