{"co_parameters": [[[-1.4156836194842486e-16, -0.7703946828842163, -0.6375672221183777, -0.0020609915256500004], [1.710619829973706e-16, -0.6375672221183777, 0.7703946828842163, 0.0017386068105697341], [-1.0, 0.0, 2.220446049250313e-16, 0.20003879165649416], [0.0, 0.0, 0.0, 1.0]], [[-1.9618861980762837e-16, 0.46832746267318726, -0.883554995059967, -0.0008579407334327364], [-1.0398958642481021e-16, -0.883554995059967, -0.46832746267318726, -0.0006365137696265998], [-0.9999999403953552, 0.0, 2.220445916901415e-16, 0.19544342744350435], [0.0, 0.0, 0.0, 1.0]], [[-2.209930532256845e-16, -0.09720654785633087, 0.9952642321586609, 0.0031512413024902724], [-2.1584189514885137e-17, 0.9952642321586609, 0.09720654785633087, 0.00030764257907867803], [-1.0, 2.7192622655495665e-32, -2.220446049250313e-16, 0.18722133445739747], [0.0, 0.0, 0.0, 1.0]], [[0.3355032503604889, -0.8802699446678162, 0.3355032503604889, -0.06533534771203994], [-0.6224448084831238, -0.474473237991333, -0.6224448084831238, 0.12318220984935761], [0.7071067690849304, 8.659560603426554e-17, -0.7071067690849304, -0.1447633455991745], [0.0, 0.0, 0.0, 1.0]], [[0.7037580609321594, 0.09720654785633087, -0.7037580609321594, -0.13330130684375763], [0.06873540580272675, -0.9952642321586609, -0.06873540580272675, -0.013019439786672594], [-0.7071067690849304, 0.0, -0.7071067690849304, 0.12492231976985932], [0.0, 0.0, 0.0, 1.0]], [[0.20684218406677246, -0.9562597274780273, 0.20684218406677246, -0.03700479912757874], [0.6761777400970459, 0.2925190329551697, 0.6761777400970459, -0.12421715116500855], [-0.7071067690849304, -8.659560603426554e-17, 0.7071067690849304, 0.13564394080638886], [0.0, 0.0, 0.0, 1.0]], [[-0.45082810521125793, -0.7703946828842163, 0.45082810521125793, 0.08102190285921097], [0.5447512865066528, -0.6375672221183777, -0.5447512865066528, -0.09974254822731018], [0.7071067690849304, 0.0, 0.7071067690849304, -0.14512782084941864], [0.0, 0.0, 0.0, 1.0]], [[0.06988604366779327, -0.9951039552688599, 0.06988604366779327, -0.014035833388566971], [0.7036447525024414, 0.09883379191160202, 0.7036447525024414, -0.12568869304656985], [-0.7071067690849304, 0.0, 0.7071067690849304, 0.12335395991802216], [0.0, 0.0, 0.0, 1.0]], [[0.45082810521125793, 0.7703946828842163, -0.45082810521125793, -0.08771833163499833], [-0.5447512865066528, 0.6375672221183777, 0.5447512865066528, 0.1052413513660431], [0.7071067690849304, -8.659560603426554e-17, 0.7071067690849304, -0.12431149470806123], [0.0, 0.0, 0.0, 1.0]], [[-0.7037580609321594, 0.09720654785633087, 0.7037580609321594, 0.1293434125185013], [-0.06873540580272675, -0.9952642321586609, 0.06873540580272675, 0.012644263237714769], [0.7071067690849304, 0.0, 0.7071067690849304, -0.12625129354000092], [0.0, 0.0, 0.0, 1.0]], [[1.4156836194842486e-16, -0.7703946828842163, 0.6375672221183777, -0.002060991525650048], [-1.710619829973706e-16, -0.6375672221183777, -0.7703946828842163, 0.0017386068105697922], [1.0, 0.0, -2.220446049250313e-16, -0.17996120834350587], [0.0, 0.0, 0.0, 1.0]], [[0.06988604366779327, -0.9951039552688599, 0.06988604366779327, -0.013719535976648331], [0.7036447525024414, 0.09883379191160202, 0.7036447525024414, -0.13530101490020754], [-0.7071067690849304, 0.0, 0.7071067690849304, 0.13003337371349336], [0.0, 0.0, 0.0, 1.0]], [[-0.20684218406677246, 0.9562597274780273, 0.20684218406677246, 0.04295472526550293], [-0.6761777400970459, -0.2925190329551697, 0.6761777400970459, 0.13525320386886597], [0.7071067690849304, 0.0, 0.7071067690849304, -0.14270062816143037], [0.0, 0.0, 0.0, 1.0]], [[6.495227310558286e-17, -0.9562597274780273, -0.2925190329551697, 0.0022952158451080215], [2.1233231339357669e-16, 0.2925190329551697, -0.9562597274780273, 0.004256618976592981], [1.0, -2.7192622655495665e-32, 2.220446049250313e-16, -0.18870634651184084], [0.0, 0.0, 0.0, 1.0]], [[0.06988604366779327, 0.9951039552688599, -0.06988604366779327, -0.014035833388566971], [0.7036447525024414, -0.09883379191160202, -0.7036447525024414, -0.12568869304656985], [-0.7071067690849304, 8.659560603426554e-17, -0.7071067690849304, 0.12335395991802216], [0.0, 0.0, 0.0, 1.0]], [[-0.45082810521125793, -0.7703946828842163, -0.45082810521125793, 0.08363511449098587], [-0.5447512865066528, 0.6375672221183777, -0.5447512865066528, 0.09995689272880555], [0.7071067690849304, 8.659560603426554e-17, -0.7071067690849304, -0.13350875174999238], [0.0, 0.0, 0.0, 1.0]], [[-1.4156836194842486e-16, 0.7703946828842163, 0.6375672221183777, 0.00404077005386355], [1.710619829973706e-16, 0.6375672221183777, -0.7703946828842163, -0.007291488170623809], [-1.0, 2.7192622655495665e-32, -2.220446049250313e-16, 0.1792224645614624], [0.0, 0.0, 0.0, 1.0]], [[-0.9576115012168884, -0.2880628705024719, 0.0, 0.17723515450954438], [0.2880628705024719, -0.9576115012168884, 0.0, -0.05334860146045685], [0.0, 0.0, 1.0, 0.0016716464757919312], [0.0, 0.0, 0.0, 1.0]], [[0.09883379191160202, 0.9951039552688599, 1.2186509181097915e-16, -0.019535905525088312], [0.9951039552688599, -0.09883379191160202, -1.2103649175649498e-17, -0.18106594204902648], [0.0, 1.2246468525851679e-16, -1.0, -0.010996326446533203], [0.0, 0.0, 0.0, 1.0]], [[0.3355032503604889, 0.8802699446678162, -0.3355032503604889, -0.06533534771203994], [-0.6224448084831238, 0.474473237991333, 0.6224448084831238, 0.12318220984935761], [0.7071067690849304, 0.0, 0.7071067690849304, -0.1447633455991745], [0.0, 0.0, 0.0, 1.0]], [[0.45082810521125793, -0.7703946828842163, 0.45082810521125793, -0.08046685630083084], [0.5447512865066528, 0.6375672221183777, 0.5447512865066528, -0.09929073023796083], [-0.7071067690849304, -8.659560603426554e-17, 0.7071067690849304, 0.14457489955425262], [0.0, 0.0, 0.0, 1.0]], [[-2.1945510278254425e-17, 0.9951039552688599, 0.09883379191160202, -0.00025481697916984183], [-2.2095746460701002e-16, -0.09883379191160202, 0.9951039552688599, 0.003058629751205482], [1.0, -2.7192622655495665e-32, 2.220446049250313e-16, -0.18908775520324708], [0.0, 0.0, 0.0, 1.0]], [[2.1945510278254425e-17, -0.9951039552688599, 0.09883379191160202, -0.002467661380767826], [2.2095746460701002e-16, 0.09883379191160202, 0.9951039552688599, -0.008121346473693886], [-1.0, 0.0, 2.220446049250313e-16, 0.1989436492919922], [0.0, 0.0, 0.0, 1.0]], [[-0.45082810521125793, 0.7703946828842163, -0.45082810521125793, 0.08647248011827469], [0.5447512865066528, 0.6375672221183777, 0.5447512865066528, -0.10491270470619203], [0.7071067690849304, 8.659560603426554e-17, -0.7071067690849304, -0.13947464168071746], [0.0, 0.0, 0.0, 1.0]], [[0.6247677206993103, -0.46832746267318726, 0.6247677206993103, -0.12645461881160738], [0.33115750551223755, 0.883554995059967, 0.33115750551223755, -0.06909094345569611], [-0.7071067094802856, -8.659559941682064e-17, 0.7071067094802856, 0.14439746594429018], [0.0, 0.0, 0.0, 1.0]], [[-0.474473237991333, -0.8802699446678162, -1.65908197794912e-16, 0.08856018447875977], [0.8802699446678162, -0.474473237991333, 4.969576712254462e-17, -0.16233359277248383], [-1.2246468525851679e-16, -1.2246468525851679e-16, 1.0, -0.01041305923461912], [0.0, 0.0, 0.0, 1.0]], [[0.6771335601806641, -0.2880628705024719, 0.6771335601806641, -0.12332384109497072], [-0.20369119942188263, -0.9576115012168884, -0.20369119942188263, 0.03713128665089607], [0.7071067690849304, 0.0, -0.7071067690849304, -0.12338944971561433], [0.0, 0.0, 0.0, 1.0]], [[-0.06988604366779327, 0.9951039552688599, 0.06988604366779327, 0.012520863324403763], [-0.7036447525024414, -0.09883379191160202, 0.7036447525024414, 0.1416963119506836], [0.7071067690849304, -8.659560603426554e-17, 0.7071067690849304, -0.14534661281108857], [0.0, 0.0, 0.0, 1.0]], [[-0.45082810521125793, 0.7703946828842163, 0.45082810521125793, 0.08335596829652786], [0.5447512865066528, 0.6375672221183777, -0.5447512865066528, -0.10156859517097475], [-0.7071067690849304, 8.659560603426554e-17, -0.7071067690849304, 0.1357317751646042], [0.0, 0.0, 0.0, 1.0]], [[-0.2925190329551697, -0.9562597274780273, -1.171080489000806e-16, 0.05787383210659028], [-0.9562597274780273, 0.2925190329551697, 3.5823250109593354e-17, 0.18594596672058109], [0.0, 1.2246468525851679e-16, -1.0, 0.0012936544418334962], [0.0, 0.0, 0.0, 1.0]], [[0.06988604366779327, 0.9951039552688599, 0.06988604366779327, -0.011965902902185917], [-0.7036447525024414, 0.09883379191160202, -0.7036447525024414, 0.1293485040664673], [-0.7071067690849304, 0.0, 0.7071067690849304, 0.1260874937772751], [0.0, 0.0, 0.0, 1.0]], [[-0.09883379191160202, -0.9951039552688599, 1.2103649175649498e-17, 0.01822691743075848], [-0.9951039552688599, 0.09883379191160202, 1.2186509181097915e-16, 0.19499914288520814], [-1.2246468525851679e-16, 0.0, -1.0, 0.008943649291992208], [0.0, 0.0, 0.0, 1.0]], [[0.45082810521125793, -0.7703946828842163, 0.45082810521125793, -0.08935867148637772], [0.5447512865066528, 0.6375672221183777, 0.5447512865066528, -0.11016432881355287], [-0.7071067690849304, -8.659560603426554e-17, 0.7071067690849304, 0.14457489955425262], [0.0, 0.0, 0.0, 1.0]], [[0.7037580609321594, -0.09720654785633087, -0.7037580609321594, -0.13936152470111848], [0.06873540580272675, 0.9952642321586609, -0.06873540580272675, -0.013599931329488755], [0.7071067690849304, -8.659560603426554e-17, 0.7071067690849304, -0.13800994861125948], [0.0, 0.0, 0.0, 1.0]], [[-2.209930532256845e-16, 0.09720654785633087, -0.9952642321586609, -0.004370619297027551], [-2.1584189514885137e-17, -0.9952642321586609, -0.09720654785633087, -0.00041546389460563293], [-1.0, 0.0, 2.220446049250313e-16, 0.1980989933013916], [0.0, 0.0, 0.0, 1.0]], [[-0.45082810521125793, -0.7703946828842163, -0.45082810521125793, 0.08706733161211014], [0.5447512865066528, -0.6375672221183777, 0.5447512865066528, -0.10601581692695619], [-0.7071067690849304, 0.0, 0.7071067690849304, 0.13882909762859344], [0.0, 0.0, 0.0, 1.0]], [[-0.20684218406677246, 0.9562597274780273, 0.20684218406677246, 0.04159523105621338], [-0.6761777400970459, -0.2925190329551697, 0.6761777400970459, 0.1327303900718689], [0.7071067690849304, 0.0, 0.7071067690849304, -0.13305663192272188], [0.0, 0.0, 0.0, 1.0]], [[-0.45082810521125793, -0.7703946828842163, -0.45082810521125793, 0.08647248011827469], [0.5447512865066528, -0.6375672221183777, 0.5447512865066528, -0.10491270470619203], [-0.7071067690849304, 0.0, 0.7071067690849304, 0.12922593009471894], [0.0, 0.0, 0.0, 1.0]], [[0.06988604366779327, -0.9951039552688599, 0.06988604366779327, -0.011142071396112443], [-0.7036447525024414, -0.09883379191160202, -0.7036447525024414, 0.12665473365783692], [0.7071067690849304, 8.659560603426554e-17, -0.7071067690849304, -0.1259568189382553], [0.0, 0.0, 0.0, 1.0]], [[0.06988604366779327, -0.9951039552688599, -0.06988604366779327, -0.014035833388566971], [0.7036447525024414, 0.09883379191160202, -0.7036447525024414, -0.12568869304656985], [0.7071067690849304, 0.0, 0.7071067690849304, -0.14534661281108857], [0.0, 0.0, 0.0, 1.0]], [[0.474473237991333, 0.8802699446678162, 0.0, -0.09139898443222046], [-0.8802699446678162, 0.474473237991333, 0.0, 0.1710550721883774], [0.0, 0.0, 1.0, -0.0028113319873809815], [0.0, 0.0, 0.0, 1.0]], [[0.6771335601806641, -0.2880628705024719, 0.6771335601806641, -0.1243278570175171], [-0.20369119942188263, -0.9576115012168884, -0.20369119942188263, 0.037433376342058185], [0.7071067690849304, 0.0, -0.7071067690849304, -0.1348067387342453], [0.0, 0.0, 0.0, 1.0]], [[-0.7037580609321594, 0.09720654785633087, -0.7037580609321594, 0.1293434125185013], [-0.06873540580272675, -0.9952642321586609, -0.06873540580272675, 0.012644263237714769], [-0.7071067690849304, 0.0, 0.7071067690849304, 0.14244927775859834], [0.0, 0.0, 0.0, 1.0]], [[-6.495227310558286e-17, -0.9562597274780273, 0.2925190329551697, 0.0010884594917297474], [-2.1233231339357669e-16, 0.2925190329551697, 0.9562597274780273, 0.0021210711002350212], [-1.0, 2.7192622655495665e-32, -2.220446049250313e-16, 0.2011156234741211], [0.0, 0.0, 0.0, 1.0]], [[0.45082810521125793, -0.7703946828842163, -0.45082810521125793, -0.08590371638536454], [0.5447512865066528, 0.6375672221183777, -0.5447512865066528, -0.10385798478126528], [0.7071067690849304, -8.659560603426554e-17, 0.7071067690849304, -0.14380471789836885], [0.0, 0.0, 0.0, 1.0]], [[-0.06988604366779327, 0.9951039552688599, 0.06988604366779327, 0.010810686856508255], [-0.7036447525024414, -0.09883379191160202, 0.7036447525024414, 0.12557115697860718], [0.7071067690849304, -8.659560603426554e-17, 0.7071067690849304, -0.12540663707256317], [0.0, 0.0, 0.0, 1.0]], [[-0.06988604366779327, -0.9951039552688599, -0.06988604366779327, 0.012520863324403763], [-0.7036447525024414, 0.09883379191160202, -0.7036447525024414, 0.1416963119506836], [0.7071067690849304, 0.0, -0.7071067690849304, -0.14534661281108857], [0.0, 0.0, 0.0, 1.0]], [[-0.6247677206993103, -0.46832746267318726, 0.6247677206993103, 0.11314318597316743], [-0.33115750551223755, 0.883554995059967, 0.33115750551223755, 0.05852841293811798], [-0.7071067094802856, 8.659559941682064e-17, -0.7071067094802856, 0.12434818720817567], [0.0, 0.0, 0.0, 1.0]], [[-0.6771335601806641, -0.2880628705024719, 0.6771335601806641, 0.13298289489746096], [0.20369119942188263, -0.9576115012168884, -0.20369119942188263, -0.03996927931904793], [0.7071067690849304, 0.0, 0.7071067690849304, -0.1348067387342453], [0.0, 0.0, 0.0, 1.0]], [[-0.6771335601806641, 0.2880628705024719, 0.6771335601806641, 0.13398691177368166], [0.20369119942188263, 0.9576115012168884, -0.20369119942188263, -0.04027136901021004], [-0.7071067690849304, 8.659560603426554e-17, -0.7071067690849304, 0.14531112277507782], [0.0, 0.0, 0.0, 1.0]], [[-0.09883379191160202, 0.9951039552688599, 1.0976144098096842e-16, 0.018746907636523247], [-0.9951039552688599, -0.09883379191160202, -1.3396874264098987e-16, 0.18988107609748842], [-1.2246468525851679e-16, -1.2246468525851679e-16, 1.0, -0.007680245876312235], [0.0, 0.0, 0.0, 1.0]], [[0.6771335601806641, -0.2880628705024719, 0.6771335601806641, -0.1348095302581787], [-0.20369119942188263, -0.9576115012168884, -0.20369119942188263, 0.040518886119127275], [0.7071067690849304, 0.0, -0.7071067690849304, -0.14510580050945282], [0.0, 0.0, 0.0, 1.0]], [[2.1945510278254425e-17, 0.9951039552688599, -0.09883379191160202, -0.00044118764996529], [2.2095746460701002e-16, -0.09883379191160202, -0.9951039552688599, -0.0016085118055344004], [-1.0, 2.7192622655495665e-32, -2.220446049250313e-16, 0.18568308734893801], [0.0, 0.0, 0.0, 1.0]], [[0.7037580609321594, 0.09720654785633087, 0.7037580609321594, -0.1305627900362015], [0.06873540580272675, -0.9952642321586609, 0.06873540580272675, -0.012752084583044054], [0.7071067690849304, 0.0, -0.7071067690849304, -0.1371289519071579], [0.0, 0.0, 0.0, 1.0]], [[0.9952642321586609, -0.09720654785633087, 1.0998035267571936e-16, -0.1934708231687546], [0.09720654785633087, 0.9952642321586609, 1.3378909224683315e-16, -0.01888470795750618], [-1.2246468525851679e-16, -1.2246468525851679e-16, 1.0, 0.008098992347717306], [0.0, 0.0, 0.0, 1.0]], [[-0.3355032503604889, -0.8802699446678162, -0.3355032503604889, 0.06215588718652725], [0.6224448084831238, -0.474473237991333, 0.6224448084831238, -0.11334681689739229], [-0.7071067690849304, -8.659560603426554e-17, 0.7071067690849304, 0.12393722712993623], [0.0, 0.0, 0.0, 1.0]], [[-0.06988604366779327, -0.9951039552688599, -0.06988604366779327, 0.0130235313475132], [-0.7036447525024414, 0.09883379191160202, -0.7036447525024414, 0.1367511329650879], [0.7071067690849304, 0.0, -0.7071067690849304, -0.13343804156780242], [0.0, 0.0, 0.0, 1.0]], [[-0.45082810521125793, -0.7703946828842163, -0.45082810521125793, 0.08969810992479324], [0.5447512865066528, -0.6375672221183777, 0.5447512865066528, -0.11079423260688782], [-0.7071067690849304, 0.0, 0.7071067690849304, 0.1235727504491806], [0.0, 0.0, 0.0, 1.0]], [[2.1945510278254425e-17, 0.9951039552688599, -0.09883379191160202, -0.0002548169791698493], [2.2095746460701002e-16, -0.09883379191160202, -0.9951039552688599, 0.0030586297512054067], [-1.0, 2.7192622655495665e-32, -2.220446049250313e-16, 0.19091224479675295], [0.0, 0.0, 0.0, 1.0]], [[-1.4156836194842486e-16, -0.7703946828842163, -0.6375672221183777, 0.0008151402473449948], [1.710619829973706e-16, -0.6375672221183777, 0.7703946828842163, -0.0014099605083465866], [-1.0, 0.0, 2.220446049250313e-16, 0.18487564373016357], [0.0, 0.0, 0.0, 1.0]], [[-0.6375672221183777, -0.7703946828842163, -9.43461427900996e-17, 0.1174364403486252], [-0.7703946828842163, 0.6375672221183777, 7.80794706081218e-17, 0.1397134063243866], [0.0, 1.2246468525851679e-16, -1.0, 0.010224614143371582], [0.0, 0.0, 0.0, 1.0]], [[-0.9576115012168884, 0.2880628705024719, 3.527752928099007e-17, 0.17723515450954438], [0.2880628705024719, 0.9576115012168884, 1.172735909017096e-16, -0.05334860146045685], [0.0, 1.2246468525851679e-16, -1.0, 0.0016716464757919312], [0.0, 0.0, 0.0, 1.0]], [[0.06988604366779327, -0.9951039552688599, -0.06988604366779327, -0.015136325627565384], [0.7036447525024414, 0.09883379191160202, -0.7036447525024414, -0.13982028579711916], [0.7071067690849304, 0.0, 0.7071067690849304, -0.14534661281108857], [0.0, 0.0, 0.0, 1.0]], [[0.45082810521125793, -0.7703946828842163, 0.45082810521125793, -0.08590371638536454], [0.5447512865066528, 0.6375672221183777, 0.5447512865066528, -0.10385798478126528], [-0.7071067690849304, -8.659560603426554e-17, 0.7071067690849304, 0.12489585340023042], [0.0, 0.0, 0.0, 1.0]], [[-0.2925190329551697, -0.9562597274780273, -1.171080489000806e-16, 0.059233326315879825], [-0.9562597274780273, 0.2925190329551697, 3.5823250109593354e-17, 0.18846878051757815], [0.0, 1.2246468525851679e-16, -1.0, -0.008350341796875], [0.0, 0.0, 0.0, 1.0]], [[-0.9952642321586609, 0.09720654785633087, 0.0, 0.18472958457469943], [-0.09720654785633087, -0.9952642321586609, 0.0, 0.018053780227899552], [0.0, 0.0, 1.0, 0.008098992347717285], [0.0, 0.0, 0.0, 1.0]], [[0.6375672221183777, -0.7703946828842163, -7.80794706081218e-17, -0.11972778022289278], [-0.7703946828842163, -0.6375672221183777, 9.43461427900996e-17, 0.14386191725730899], [-1.2246468525851679e-16, 0.0, -1.0, 0.0044788112640381066], [0.0, 0.0, 0.0, 1.0]], [[-0.7037580609321594, 0.09720654785633087, -0.7037580609321594, 0.13926348316669465], [-0.06873540580272675, -0.9952642321586609, -0.06873540580272675, 0.013590353220701219], [-0.7071067690849304, 0.0, 0.7071067690849304, 0.140035684466362], [0.0, 0.0, 0.0, 1.0]], [[0.9576115012168884, 0.2880628705024719, 1.5255112349142212e-16, -0.17661465013027192], [-0.2880628705024719, 0.9576115012168884, 8.199605831199708e-17, 0.05316190397739411], [-1.2246468525851679e-16, -1.2246468525851679e-16, 1.0, 0.010960836410522482], [0.0, 0.0, 0.0, 1.0]], [[-2.1945510278254425e-17, -0.9951039552688599, -0.09883379191160202, -0.0004411876499652825], [-2.2095746460701002e-16, 0.09883379191160202, -0.9951039552688599, -0.0016085118055343254], [1.0, 0.0, -2.220446049250313e-16, -0.1943169116973877], [0.0, 0.0, 0.0, 1.0]], [[-0.6375672221183777, 0.7703946828842163, 0.0, 0.12632825553417207], [-0.7703946828842163, -0.6375672221183777, 0.0, 0.15058700346946718], [0.0, 0.0, 1.0, 0.010224614143371582], [0.0, 0.0, 0.0, 1.0]], [[-0.7037580609321594, 0.09720654785633087, -0.7037580609321594, 0.13412675678730013], [-0.06873540580272675, -0.9952642321586609, -0.06873540580272675, 0.013100014418363573], [-0.7071067690849304, 0.0, 0.7071067690849304, 0.12492231976985932], [0.0, 0.0, 0.0, 1.0]], [[-0.45082810521125793, -0.7703946828842163, 0.45082810521125793, 0.08359634858369827], [0.5447512865066528, -0.6375672221183777, -0.5447512865066528, -0.101764137506485], [0.7071067690849304, 0.0, 0.7071067690849304, -0.12431149470806123], [0.0, 0.0, 0.0, 1.0]], [[0.3355032503604889, -0.8802699446678162, -0.3355032503604889, -0.06499468713998795], [-0.6224448084831238, -0.474473237991333, 0.6224448084831238, 0.12206829726696015], [-0.7071067690849304, 8.659560603426554e-17, -0.7071067690849304, 0.13153895461559295], [0.0, 0.0, 0.0, 1.0]], [[-0.45082810521125793, 0.7703946828842163, 0.45082810521125793, 0.08541096335649491], [-0.5447512865066528, -0.6375672221183777, 0.5447512865066528, 0.10314750409126283], [0.7071067690849304, 0.0, 0.7071067690849304, -0.14380471789836885], [0.0, 0.0, 0.0, 1.0]], [[0.3355032503604889, 0.8802699446678162, -0.3355032503604889, -0.06510595375299454], [-0.6224448084831238, 0.474473237991333, 0.6224448084831238, 0.12243211829662325], [0.7071067690849304, 0.0, 0.7071067690849304, -0.1254508823156357], [0.0, 0.0, 0.0, 1.0]], [[-2.1945510278254425e-17, -0.9951039552688599, -0.09883379191160202, -0.0018579772710800135], [-2.2095746460701002e-16, 0.09883379191160202, -0.9951039552688599, -0.006127783298492394], [1.0, 0.0, -2.220446049250313e-16, -0.2009963264465332], [0.0, 0.0, 0.0, 1.0]], [[0.6771335601806641, 0.2880628705024719, 0.6771335601806641, -0.1333664073944092], [-0.20369119942188263, 0.9576115012168884, -0.20369119942188263, 0.04008467152714729], [-0.7071067690849304, -8.659560603426554e-17, 0.7071067690849304, 0.13602193248271943], [0.0, 0.0, 0.0, 1.0]], [[-0.3355032503604889, -0.8802699446678162, 0.3355032503604889, 0.062385281145572666], [0.6224448084831238, -0.474473237991333, -0.6224448084831238, -0.11409690845012666], [0.7071067690849304, -8.659560603426554e-17, 0.7071067690849304, -0.1254508823156357], [0.0, 0.0, 0.0, 1.0]], [[0.09883379191160202, -0.9951039552688599, 0.0, -0.019535905525088312], [0.9951039552688599, 0.09883379191160202, 0.0, -0.18106594204902648], [0.0, 0.0, 1.0, -0.010996326446533203], [0.0, 0.0, 0.0, 1.0]], [[-0.45082810521125793, -0.7703946828842163, 0.45082810521125793, 0.08363511449098587], [-0.5447512865066528, 0.6375672221183777, 0.5447512865066528, 0.09995689272880555], [-0.7071067690849304, 8.659560603426554e-17, -0.7071067690849304, 0.13519182097911836], [0.0, 0.0, 0.0, 1.0]], [[0.06988604366779327, -0.9951039552688599, 0.06988604366779327, -0.013829851299524307], [0.7036447525024414, 0.09883379191160202, 0.7036447525024414, -0.12776311111450198], [-0.7071067690849304, 0.0, 0.7071067690849304, 0.14329393565654755], [0.0, 0.0, 0.0, 1.0]], [[0.45082810521125793, 0.7703946828842163, 0.45082810521125793, -0.08484219962358475], [-0.5447512865066528, 0.6375672221183777, -0.5447512865066528, 0.10209278416633608], [-0.7071067690849304, -8.659560603426554e-17, 0.7071067690849304, 0.12922593009471894], [0.0, 0.0, 0.0, 1.0]], [[0.09883379191160202, -0.9951039552688599, 0.0, -0.02124608199298382], [0.9951039552688599, 0.09883379191160202, 0.0, -0.1971910984516144], [0.0, 0.0, 1.0, 0.008943649291992187], [0.0, 0.0, 0.0, 1.0]], [[2.1945510278254425e-17, -0.9951039552688599, 0.09883379191160202, -0.0007574849724769629], [2.2095746460701002e-16, 0.09883379191160202, 0.9951039552688599, 0.008003809928894006], [-1.0, 0.0, 2.220446049250313e-16, 0.1790036735534668], [0.0, 0.0, 0.0, 1.0]], [[-0.9576115012168884, -0.2880628705024719, 0.0, 0.18627370488643646], [0.2880628705024719, -0.9576115012168884, 0.0, -0.055999897122383124], [0.0, 0.0, 1.0, -0.0004564526379108429], [0.0, 0.0, 0.0, 1.0]], [[-2.209930532256845e-16, -0.09720654785633087, 0.9952642321586609, -0.004370619297027551], [-2.1584189514885137e-17, 0.9952642321586609, 0.09720654785633087, -0.00041546389460563293], [-1.0, 2.7192622655495665e-32, -2.220446049250313e-16, 0.1980989933013916], [0.0, 0.0, 0.0, 1.0]], [[0.6375672221183777, 0.7703946828842163, 1.724256133982214e-16, -0.11709700191020966], [-0.7703946828842163, 0.6375672221183777, -1.62666721819778e-17, 0.13908350157737734], [-1.2246468525851679e-16, -1.2246468525851679e-16, 1.0, -0.010777535438537577], [0.0, 0.0, 0.0, 1.0]], [[-2.209930532256845e-16, 0.09720654785633087, -0.9952642321586609, 0.0031512413024902724], [-2.1584189514885137e-17, -0.9952642321586609, -0.09720654785633087, 0.00030764257907867803], [-1.0, 0.0, 2.220446049250313e-16, 0.18722133445739747], [0.0, 0.0, 0.0, 1.0]], [[0.6247677206993103, -0.46832746267318726, 0.6247677206993103, -0.11956380784511567], [0.33115750551223755, 0.883554995059967, 0.33115750551223755, -0.06355643999576568], [-0.7071067094802856, -8.659559941682064e-17, 0.7071067094802856, 0.13979371380805972], [0.0, 0.0, 0.0, 1.0]], [[-0.09883379191160202, 0.9951039552688599, 1.0976144098096842e-16, 0.018180286690592767], [-0.9951039552688599, -0.09883379191160202, -1.3396874264098987e-16, 0.18694840931892395], [-1.2246468525851679e-16, -1.2246468525851679e-16, 1.0, 0.0044230237007141324], [0.0, 0.0, 0.0, 1.0]], [[-1.4156836194842486e-16, -0.7703946828842163, 0.6375672221183777, -0.005059960842132544], [-1.710619829973706e-16, 0.6375672221183777, 0.7703946828842163, -0.009123319625854463], [-1.0, 2.7192622655495665e-32, -2.220446049250313e-16, 0.18195766258239748], [0.0, 0.0, 0.0, 1.0]], [[0.45082810521125793, 0.7703946828842163, 0.45082810521125793, -0.09071730071306229], [0.5447512865066528, -0.6375672221183777, 0.5447512865066528, -0.11262606358528138], [0.7071067690849304, 0.0, -0.7071067690849304, -0.1423926237821579], [0.0, 0.0, 0.0, 1.0]], [[-2.1263246745937013e-16, 0.2880628705024719, 0.9576115012168884, -0.006154153823852503], [6.396280627429183e-17, 0.9576115012168884, -0.2880628705024719, 0.0018175581693649183], [-1.0, 2.7192622655495665e-32, -2.220446049250313e-16, 0.17924448585510255], [0.0, 0.0, 0.0, 1.0]], [[-0.06988604366779327, -0.9951039552688599, 0.06988604366779327, 0.012726845294237137], [-0.7036447525024414, 0.09883379191160202, 0.7036447525024414, 0.1396218948364258], [-0.7071067690849304, 0.0, -0.7071067690849304, 0.14329393565654755], [0.0, 0.0, 0.0, 1.0]], [[0.6771335601806641, 0.2880628705024719, 0.6771335601806641, -0.12332384109497072], [-0.20369119942188263, 0.9576115012168884, -0.20369119942188263, 0.03713128665089607], [-0.7071067690849304, -8.659560603426554e-17, 0.7071067690849304, 0.14531112277507782], [0.0, 0.0, 0.0, 1.0]], [[-0.474473237991333, -0.8802699446678162, -1.65908197794912e-16, 0.08878957891464234], [0.8802699446678162, -0.474473237991333, 4.969576712254462e-17, -0.16308368432521822], [-1.2246468525851679e-16, -1.2246468525851679e-16, 1.0, 0.008899403572082541], [0.0, 0.0, 0.0, 1.0]], [[-0.06988604366779327, -0.9951039552688599, 0.06988604366779327, 0.014901536494493484], [0.7036447525024414, -0.09883379191160202, -0.7036447525024414, -0.1390525722503662], [0.7071067690849304, -8.659560603426554e-17, 0.7071067690849304, -0.1346539648771286], [0.0, 0.0, 0.0, 1.0]], [[-1.0535422267728589e-16, 0.8802699446678162, -0.474473237991333, -0.0013603365421294986], [1.954591920911444e-16, 0.474473237991333, 0.8802699446678162, 0.004167604923248258], [1.0, 0.0, -2.220446049250313e-16, -0.18110059642791748], [0.0, 0.0, 0.0, 1.0]], [[-0.06988604366779327, 0.9951039552688599, -0.06988604366779327, 0.014590793639421463], [0.7036447525024414, 0.09883379191160202, 0.7036447525024414, -0.1380365028381348], [0.7071067690849304, 0.0, -0.7071067690849304, -0.14261307895183564], [0.0, 0.0, 0.0, 1.0]], [[-0.06988604366779327, 0.9951039552688599, -0.06988604366779327, 0.012520863324403763], [-0.7036447525024414, -0.09883379191160202, -0.7036447525024414, 0.1416963119506836], [-0.7071067690849304, -8.659560603426554e-17, 0.7071067690849304, 0.12335395991802216], [0.0, 0.0, 0.0, 1.0]], [[0.9952642321586609, -0.09720654785633087, 1.0998035267571936e-16, -0.18594896304607395], [0.09720654785633087, 0.9952642321586609, 1.3378909224683315e-16, -0.01816160157322884], [-1.2246468525851679e-16, -1.2246468525851679e-16, 1.0, -0.0027786657810210972], [0.0, 0.0, 0.0, 1.0]], [[-0.6771335601806641, 0.2880628705024719, 0.6771335601806641, 0.12394434642791749], [0.20369119942188263, 0.9576115012168884, -0.20369119942188263, -0.03731798413395882], [-0.7071067690849304, 8.659560603426554e-17, -0.7071067690849304, 0.13602193248271943], [0.0, 0.0, 0.0, 1.0]], [[0.7037580609321594, -0.09720654785633087, 0.7037580609321594, -0.1281645795106888], [0.06873540580272675, 0.9952642321586609, 0.06873540580272675, -0.012529100924730302], [-0.7071067690849304, -8.659560603426554e-17, 0.7071067690849304, 0.140035684466362], [0.0, 0.0, 0.0, 1.0]], [[-0.6375672221183777, -0.7703946828842163, 0.0, 0.12195291221141817], [0.7703946828842163, -0.6375672221183777, 0.0, -0.1477849500179291], [0.0, 0.0, 1.0, -0.005124356269836426], [0.0, 0.0, 0.0, 1.0]], [[0.3355032503604889, 0.8802699446678162, 0.3355032503604889, -0.06499468713998795], [-0.6224448084831238, 0.474473237991333, -0.6224448084831238, 0.12206829726696015], [-0.7071067690849304, 0.0, 0.7071067690849304, 0.13153895461559295], [0.0, 0.0, 0.0, 1.0]], [[0.20684218406677246, 0.9562597274780273, -0.20684218406677246, -0.03700479912757874], [0.6761777400970459, -0.2925190329551697, -0.6761777400970459, -0.12421715116500855], [-0.7071067690849304, 0.0, -0.7071067690849304, 0.13564394080638886], [0.0, 0.0, 0.0, 1.0]], [[-0.45082810521125793, 0.7703946828842163, -0.45082810521125793, 0.08335596829652786], [0.5447512865066528, 0.6375672221183777, 0.5447512865066528, -0.10156859517097475], [0.7071067690849304, 8.659560603426554e-17, -0.7071067690849304, -0.13296879756450652], [0.0, 0.0, 0.0, 1.0]], [[-2.1945510278254425e-17, -0.9951039552688599, -0.09883379191160202, -3.151276707648858e-05], [-2.2095746460701002e-16, 0.09883379191160202, -0.9951039552688599, 0.0008113238215446848], [1.0, 0.0, -2.220446049250313e-16, -0.19768024635314943], [0.0, 0.0, 0.0, 1.0]], [[-0.3355032503604889, -0.8802699446678162, -0.3355032503604889, 0.062496548235416415], [0.6224448084831238, -0.474473237991333, 0.6224448084831238, -0.11446073043346407], [-0.7071067690849304, -8.659560603426554e-17, 0.7071067690849304, 0.13153895461559295], [0.0, 0.0, 0.0, 1.0]], [[-0.06988604366779327, -0.9951039552688599, 0.06988604366779327, 0.010810686856508255], [-0.7036447525024414, 0.09883379191160202, 0.7036447525024414, 0.12557115697860718], [-0.7071067690849304, 0.0, -0.7071067690849304, 0.14329393565654755], [0.0, 0.0, 0.0, 1.0]], [[2.1945510278254425e-17, -0.9951039552688599, -0.09883379191160202, 0.002136276960372921], [-2.2095746460701002e-16, -0.09883379191160202, 0.9951039552688599, -0.007037769317626916], [-1.0, 2.7192622655495665e-32, -2.220446049250313e-16, 0.19839346694946292], [0.0, 0.0, 0.0, 1.0]], [[-0.45082810521125793, 0.7703946828842163, -0.45082810521125793, 0.0908478234410286], [-0.5447512865066528, -0.6375672221183777, -0.5447512865066528, 0.10771475815773011], [-0.7071067690849304, 0.0, 0.7071067690849304, 0.14457489955425262], [0.0, 0.0, 0.0, 1.0]], [[-0.6375672221183777, -0.7703946828842163, -9.43461427900996e-17, 0.12632825553417207], [-0.7703946828842163, 0.6375672221183777, 7.80794706081218e-17, 0.15058700346946718], [0.0, 1.2246468525851679e-16, -1.0, 0.010224614143371582], [0.0, 0.0, 0.0, 1.0]], [[-0.7037580609321594, -0.09720654785633087, 0.7037580609321594, 0.13926348316669465], [-0.06873540580272675, 0.9952642321586609, 0.06873540580272675, 0.013590353220701219], [-0.7071067690849304, 8.659560603426554e-17, -0.7071067690849304, 0.140035684466362], [0.0, 0.0, 0.0, 1.0]], [[-1.4156836194842486e-16, -0.7703946828842163, 0.6375672221183777, -0.002022225618362403], [-1.710619829973706e-16, 0.6375672221183777, 0.7703946828842163, -0.0035458517074584673], [-1.0, 2.7192622655495665e-32, -2.220446049250313e-16, 0.19084153556823732], [0.0, 0.0, 0.0, 1.0]], [[-0.45082810521125793, 0.7703946828842163, 0.45082810521125793, 0.08863226824998856], [-0.5447512865066528, -0.6375672221183777, 0.5447512865066528, 0.10594762158393861], [0.7071067690849304, 0.0, 0.7071067690849304, -0.1423926237821579], [0.0, 0.0, 0.0, 1.0]], [[-0.3355032503604889, 0.8802699446678162, -0.3355032503604889, 0.06215588718652725], [0.6224448084831238, 0.474473237991333, 0.6224448084831238, -0.11334681689739229], [0.7071067690849304, 0.0, -0.7071067690849304, -0.1447633455991745], [0.0, 0.0, 0.0, 1.0]], [[0.09883379191160202, 0.9951039552688599, 1.2186509181097915e-16, -0.020636397764086725], [0.9951039552688599, -0.09883379191160202, -1.2103649175649498e-17, -0.19519753575325013], [0.0, 1.2246468525851679e-16, -1.0, -0.010996326446533203], [0.0, 0.0, 0.0, 1.0]], [[-0.09883379191160202, 0.9951039552688599, 1.2103649175649498e-17, 0.020090865775942802], [0.9951039552688599, 0.09883379191160202, -1.2186509181097915e-16, -0.19341375088691712], [-1.2246468525851679e-16, 0.0, -1.0, -0.008262792587280254], [0.0, 0.0, 0.0, 1.0]], [[1.4156836194842486e-16, -0.7703946828842163, -0.6375672221183777, -0.0002463765591383221], [1.710619829973706e-16, 0.6375672221183777, -0.7703946828842163, -0.0003552404344082169], [1.0, -2.7192622655495665e-32, 2.220446049250313e-16, -0.19945443344116212], [0.0, 0.0, 0.0, 1.0]], [[1.4156836194842486e-16, -0.7703946828842163, 0.6375672221183777, 0.004040770053863501], [-1.710619829973706e-16, -0.6375672221183777, -0.7703946828842163, -0.00729148817062375], [1.0, 0.0, -2.220446049250313e-16, -0.20077753639221194], [0.0, 0.0, 0.0, 1.0]], [[2.1945510278254425e-17, -0.9951039552688599, 0.09883379191160202, -0.0005515030026435889], [2.2095746460701002e-16, 0.09883379191160202, 0.9951039552688599, 0.005929392337799035], [-1.0, 0.0, 2.220446049250313e-16, 0.1989436492919922], [0.0, 0.0, 0.0, 1.0]], [[0.6771335601806641, -0.2880628705024719, -0.6771335601806641, -0.12341721630096436], [-0.20369119942188263, -0.9576115012168884, 0.20369119942188263, 0.03715937927365303], [-0.7071067690849304, 0.0, -0.7071067690849304, 0.12595247161388398], [0.0, 0.0, 0.0, 1.0]], [[-0.6771335601806641, 0.2880628705024719, -0.6771335601806641, 0.13389353561401368], [0.20369119942188263, 0.9576115012168884, 0.20369119942188263, -0.04024327662587166], [0.7071067690849304, 8.659560603426554e-17, -0.7071067690849304, -0.14274810016155243], [0.0, 0.0, 0.0, 1.0]], [[0.09883379191160202, 0.9951039552688599, 1.2186509181097915e-16, -0.019219608232378962], [0.9951039552688599, -0.09883379191160202, -1.2103649175649498e-17, -0.19067826390266418], [0.0, 1.2246468525851679e-16, -1.0, -0.004316912174224853], [0.0, 0.0, 0.0, 1.0]], [[0.6375672221183777, 0.7703946828842163, -7.80794706081218e-17, -0.11816284453868868], [0.7703946828842163, -0.6375672221183777, -9.43461427900996e-17, -0.14393011260032657], [-1.2246468525851679e-16, 0.0, -1.0, -0.008042337417602519], [0.0, 0.0, 0.0, 1.0]], [[-0.09883379191160202, -0.9951039552688599, -1.3396874264098987e-16, 0.020401608631014825], [0.9951039552688599, -0.09883379191160202, 1.0976144098096842e-16, -0.19442982029914857], [-1.2246468525851679e-16, -1.2246468525851679e-16, 1.0, -0.000303678482770899], [0.0, 0.0, 0.0, 1.0]], [[1.9618861980762837e-16, -0.46832746267318726, -0.883554995059967, -0.0077487525939941735], [1.0398958642481021e-16, 0.883554995059967, -0.46832746267318726, -0.00617101716995241], [0.9999999403953552, -2.719261971675979e-32, 2.220445916901415e-16, -0.17995279729366304], [0.0, 0.0, 0.0, 1.0]], [[0.6247677206993103, 0.46832746267318726, 0.6247677206993103, -0.12426854741573334], [0.33115750551223755, -0.883554995059967, 0.33115750551223755, -0.06731143963336944], [0.7071067094802856, 0.0, -0.7071067094802856, -0.14435236287117006], [0.0, 0.0, 0.0, 1.0]], [[-0.7037580609321594, 0.09720654785633087, -0.7037580609321594, 0.12806653892993927], [-0.06873540580272675, -0.9952642321586609, -0.06873540580272675, 0.01251952287554741], [-0.7071067690849304, 0.0, 0.7071067690849304, 0.13069062316417696], [0.0, 0.0, 0.0, 1.0]], [[-0.9576115012168884, -0.2880628705024719, 0.0, 0.1871843456029892], [0.2880628705024719, -0.9576115012168884, 0.0, -0.056273893952369695], [0.0, 0.0, 1.0, -0.008397814750671386], [0.0, 0.0, 0.0, 1.0]], [[0.45082810521125793, 0.7703946828842163, -0.45082810521125793, -0.08046685630083084], [0.5447512865066528, -0.6375672221183777, -0.5447512865066528, -0.09929073023796083], [-0.7071067690849304, 0.0, -0.7071067690849304, 0.14457489955425262], [0.0, 0.0, 0.0, 1.0]], [[-0.20684218406677246, -0.9562597274780273, -0.20684218406677246, 0.04159523105621338], [-0.6761777400970459, 0.2925190329551697, -0.6761777400970459, 0.1327303900718689], [0.7071067690849304, 8.659560603426554e-17, -0.7071067690849304, -0.13305663192272188], [0.0, 0.0, 0.0, 1.0]], [[0.7037580609321594, 0.09720654785633087, 0.7037580609321594, -0.13330130684375763], [0.06873540580272675, -0.9952642321586609, 0.06873540580272675, -0.013019439786672594], [0.7071067690849304, 0.0, -0.7071067690849304, -0.14377825152873994], [0.0, 0.0, 0.0, 1.0]], [[1.4156836194842486e-16, 0.7703946828842163, 0.6375672221183777, 0.002974927902221656], [1.710619829973706e-16, -0.6375672221183777, 0.7703946828842163, 0.002444877386093111], [1.0, 0.0, -2.220446049250313e-16, -0.19804233741760255], [0.0, 0.0, 0.0, 1.0]], [[0.6247677206993103, 0.46832746267318726, 0.6247677206993103, -0.11956380784511567], [0.33115750551223755, -0.883554995059967, 0.33115750551223755, -0.06355643999576568], [0.7071067094802856, 0.0, -0.7071067094802856, -0.12890683674812317], [0.0, 0.0, 0.0, 1.0]], [[-2.1263246745937013e-16, -0.2880628705024719, -0.9576115012168884, 0.005331535339355506], [6.396280627429183e-17, -0.9576115012168884, 0.2880628705024719, -0.001570041298866283], [-1.0, 0.0, 2.220446049250313e-16, 0.20096083641052248], [0.0, 0.0, 0.0, 1.0]], [[1.0535422267728589e-16, 0.8802699446678162, 0.474473237991333, -0.0012490694522857846], [-1.954591920911444e-16, 0.474473237991333, -0.8802699446678162, 0.003803782701492343], [-1.0, 0.0, 2.220446049250313e-16, 0.1871886672973633], [0.0, 0.0, 0.0, 1.0]], [[0.6375672221183777, 0.7703946828842163, 1.724256133982214e-16, -0.1231987637281418], [-0.7703946828842163, 0.6375672221183777, -1.62666721819778e-17, 0.14811359572410585], [-1.2246468525851679e-16, -1.2246468525851679e-16, 1.0, 0.010038791656494161], [0.0, 0.0, 0.0, 1.0]], [[-0.06988604366779327, 0.9951039552688599, 0.06988604366779327, 0.0130235313475132], [-0.7036447525024414, -0.09883379191160202, 0.7036447525024414, 0.1367511329650879], [0.7071067690849304, -8.659560603426554e-17, 0.7071067690849304, -0.13343804156780242], [0.0, 0.0, 0.0, 1.0]], [[-0.45082810521125793, 0.7703946828842163, -0.45082810521125793, 0.08059737926721573], [-0.5447512865066528, -0.6375672221183777, -0.5447512865066528, 0.09437942504882814], [-0.7071067690849304, 0.0, 0.7071067690849304, 0.12630794894695282], [0.0, 0.0, 0.0, 1.0]], [[6.495227310558286e-17, 0.9562597274780273, 0.2925190329551697, 0.0022952158451080215], [2.1233231339357669e-16, -0.2925190329551697, 0.9562597274780273, 0.004256618976592981], [1.0, 0.0, -2.220446049250313e-16, -0.18870634651184084], [0.0, 0.0, 0.0, 1.0]], [[0.883554995059967, 0.46832746267318726, -1.082042834040047e-16, -0.17362583887577057], [0.46832746267318726, -0.883554995059967, -5.735357362298904e-17, -0.09352652871608734], [-1.2246467202362698e-16, 0.0, -0.9999999403953552, -0.0014348592758178502], [0.0, 0.0, 0.0, 1.0]], [[1.4156836194842486e-16, -0.7703946828842163, -0.6375672221183777, -0.0020222256183624505], [1.710619829973706e-16, 0.6375672221183777, -0.7703946828842163, -0.0035458517074585254], [1.0, -2.7192622655495665e-32, 2.220446049250313e-16, -0.1891584644317627], [0.0, 0.0, 0.0, 1.0]], [[0.09883379191160202, 0.9951039552688599, 1.2186509181097915e-16, -0.019033237382769585], [0.9951039552688599, -0.09883379191160202, -1.2103649175649498e-17, -0.1860111210346222], [0.0, 1.2246468525851679e-16, -1.0, 0.0009122444987297059], [0.0, 0.0, 0.0, 1.0]], [[-0.883554995059967, 0.46832746267318726, 0.0, 0.16231276762485505], [-0.46832746267318726, -0.883554995059967, 0.0, 0.08459070479869843], [0.0, 0.0, 0.9999999403953552, -0.010002087593078614], [0.0, 0.0, 0.0, 1.0]], [[2.1945510278254425e-17, -0.9951039552688599, 0.09883379191160202, -0.0002548169791698493], [2.2095746460701002e-16, 0.09883379191160202, 0.9951039552688599, 0.0030586297512054067], [-1.0, 0.0, 2.220446049250313e-16, 0.19091224479675295], [0.0, 0.0, 0.0, 1.0]], [[0.6247677206993103, -0.46832746267318726, -0.6247677206993103, -0.11956380784511567], [0.33115750551223755, 0.883554995059967, -0.33115750551223755, -0.06355643999576568], [0.7071067094802856, -8.659559941682064e-17, 0.7071067094802856, -0.12890683674812317], [0.0, 0.0, 0.0, 1.0]], [[-0.7037580609321594, 0.0972