{"co_parameters": [[[0.9562597274780273, 0.0, -0.2925190329551697, 0.04789150500297547], [-0.2925190329551697, 0.0, -0.9562597274780273, 0.15512262725830078], [0.0, 1.0, 0.0, 0.011115622520446778], [0.0, 0.0, 0.0, 1.0]], [[0.8802699446678162, 0.0, 0.474473237991333, -0.07750544834136963], [0.474473237991333, 0.0, -0.8802699446678162, 0.145760888338089], [0.0, 1.0, 0.0, -0.01041305923461914], [0.0, 0.0, 0.0, 1.0]], [[0.7703946828842163, -0.6375672221183777, 1.4156836194842486e-16, -0.002060991525650044], [0.6375672221183777, 0.7703946828842163, -1.710619829973706e-16, 0.001738606810569787], [-2.7192622655495665e-32, 2.220446049250313e-16, 1.0, -0.14996120834350588], [0.0, 0.0, 0.0, 1.0]], [[-0.8802699446678162, -0.3355032503604889, -0.3355032503604889, 0.05209078967571259], [-0.474473237991333, 0.6224448084831238, 0.6224448084831238, -0.09467347264289858], [-8.659560603426554e-17, 0.7071067690849304, -0.7071067690849304, 0.10272402405738831], [0.0, 0.0, 0.0, 1.0]], [[-0.9951039552688599, 0.0, 0.09883379191160202, -0.017671384006738663], [0.09883379191160202, 0.0, 0.9951039552688599, -0.16534441709518435], [0.0, 1.0, 0.0, -0.010996326446533203], [0.0, 0.0, 0.0, 1.0]], [[-0.8802699446678162, -1.0780198245872831e-16, 0.474473237991333, -0.07750544834136963], [-0.474473237991333, -5.810621533618369e-17, -0.8802699446678162, 0.145760888338089], [1.2246468525851679e-16, -1.0, 0.0, -0.01041305923461914], [0.0, 0.0, 0.0, 1.0]], [[0.9951039552688599, 1.0976144098096842e-16, -0.09883379191160202, 0.015781893879175186], [-0.09883379191160202, -1.3396874264098987e-16, -0.9951039552688599, 0.16002795743942264], [-1.2246468525851679e-16, 1.0, -1.2246468525851679e-16, -0.0076802458763122385], [0.0, 0.0, 0.0, 1.0]], [[-0.9562597274780273, 0.20684218406677246, -0.20684218406677246, 0.03331303548812867], [0.2925190329551697, 0.6761777400970459, -0.6761777400970459, 0.10869581890106203], [8.659560603426554e-17, -0.7071067690849304, -0.7071067690849304, 0.10368265032768251], [0.0, 0.0, 0.0, 1.0]], [[-0.7703946828842163, 0.45082810521125793, 0.45082810521125793, -0.06915756881237031], [0.6375672221183777, 0.5447512865066528, 0.5447512865066528, -0.08471532869338991], [-8.659560603426554e-17, 0.7071067690849304, -0.7071067690849304, 0.10509474587440491], [0.0, 0.0, 0.0, 1.0]], [[-0.7703946828842163, -0.45082810521125793, -0.45082810521125793, 0.06749705970287324], [-0.6375672221183777, 0.5447512865066528, 0.5447512865066528, -0.08340000963211061], [0.0, 0.7071067690849304, -0.7071067690849304, 0.10235954785346986], [0.0, 0.0, 0.0, 1.0]], [[-0.9951039552688599, -0.09883379191160202, -2.1945510278254425e-17, -3.151276707648924e-05], [0.09883379191160202, -0.9951039552688599, -2.2095746460701002e-16, 0.0008113238215446782], [0.0, -2.220446049250313e-16, 1.0, -0.16768024635314943], [0.0, 0.0, 0.0, 1.0]], [[0.2880628705024719, 0.6771335601806641, 0.6771335601806641, -0.1144955234527588], [0.9576115012168884, -0.20369119942188263, -0.20369119942188263, 0.0344081501364708], [-8.659560603426554e-17, 0.7071067690849304, -0.7071067690849304, 0.1023815689086914], [0.0, 0.0, 0.0, 1.0]], [[0.7703946828842163, -0.6375672221183777, 1.4156836194842486e-16, 0.004040770053863506], [0.6375672221183777, 0.7703946828842163, -1.710619829973706e-16, -0.007291488170623755], [-2.7192622655495665e-32, 2.220446049250313e-16, 1.0, -0.17077753639221194], [0.0, 0.0, 0.0, 1.0]], [[0.09720654785633087, 0.9952642321586609, 2.209930532256845e-16, 0.000412724792957275], [-0.9952642321586609, 0.09720654785633087, 2.1584189514885137e-17, 4.028737172484096e-05], [0.0, -2.220446049250313e-16, 1.0, -0.1694279670715332], [0.0, 0.0, 0.0, 1.0]], [[0.9951039552688599, -0.06988604366779327, 0.06988604366779327, -0.013039744317531587], [-0.09883379191160202, -0.7036447525024414, 0.7036447525024414, -0.11871094322204591], [8.659560603426554e-17, -0.7071067690849304, -0.7071067690849304, 0.10214075684547425], [0.0, 0.0, 0.0, 1.0]], [[-0.7703946828842163, -7.80794706081218e-17, 0.6375672221183777, -0.10664619278907778], [-0.6375672221183777, 9.43461427900996e-17, -0.7703946828842163, 0.12702334451675415], [0.0, -1.0, -1.2246468525851679e-16, -0.01077753543853758], [0.0, 0.0, 0.0, 1.0]], [[-0.8802699446678162, -0.474473237991333, 1.0535422267728589e-16, -0.0013603365421295313], [-0.474473237991333, 0.8802699446678162, -1.954591920911444e-16, 0.004167604923248319], [2.7192622655495665e-32, -2.220446049250313e-16, -1.0, 0.16889940452575686], [0.0, 0.0, 0.0, 1.0]], [[-0.7703946828842163, -9.43461427900996e-17, -0.6375672221183777, 0.10720123887062073], [0.6375672221183777, 7.80794706081218e-17, -0.7703946828842163, 0.12747516298294068], [1.2246468525851679e-16, -1.0, 0.0, 0.010224614143371582], [0.0, 0.0, 0.0, 1.0]], [[-0.9951039552688599, -0.06988604366779327, 0.06988604366779327, -0.01173326998949051], [0.09883379191160202, -0.7036447525024414, 0.7036447525024414, -0.10665376853942872], [0.0, 0.7071067690849304, 0.7071067690849304, -0.10419343400001527], [0.0, 0.0, 0.0, 1.0]], [[-0.9562597274780273, -8.128480209920969e-17, 0.2925190329551697, -0.0465847589969635], [0.2925190329551697, 1.529312957009515e-16, 0.9562597274780273, -0.1524941749572754], [-1.2246468525851679e-16, 1.0, -1.2246468525851679e-16, -0.009454432487487776], [0.0, 0.0, 0.0, 1.0]], [[0.7703946828842163, -0.45082810521125793, -0.45082810521125793, 0.07011027133464814], [-0.6375672221183777, -0.5447512865066528, -0.5447512865066528, 0.08361435413360596], [0.0, 0.7071067690849304, -0.7071067690849304, 0.11397861790657043], [0.0, 0.0, 0.0, 1.0]], [[-0.9562597274780273, 0.2925190329551697, -6.495227310558286e-17, 0.0022952158451080415], [0.2925190329551697, 0.9562597274780273, -2.1233231339357669e-16, 0.004256618976593047], [2.7192622655495665e-32, -2.220446049250313e-16, -1.0, 0.1612936534881592], [0.0, 0.0, 0.0, 1.0]], [[0.7703946828842163, -0.45082810521125793, -0.45082810521125793, 0.07617326676845551], [0.6375672221183777, 0.5447512865066528, 0.5447512865066528, -0.09445169401168824], [8.659560603426554e-17, -0.7071067690849304, 0.7071067690849304, -0.12391461968421937], [0.0, 0.0, 0.0, 1.0]], [[-0.09720654785633087, -0.9952642321586609, 2.209930532256845e-16, 0.003151241302490204], [0.9952642321586609, -0.09720654785633087, 2.1584189514885137e-17, 0.0003076425790786713], [-2.7192622655495665e-32, 2.220446049250313e-16, 1.0, -0.16277866554260256], [0.0, 0.0, 0.0, 1.0]], [[0.46832746267318726, -1.082042834040047e-16, 0.883554995059967, -0.1469314811229706], [-0.883554995059967, -5.735357362298904e-17, 0.46832746267318726, -0.07932390713691712], [0.0, -0.9999999403953552, -1.2246467202362698e-16, -0.010002087593078596], [0.0, 0.0, 0.0, 1.0]], [[0.7703946828842163, -0.45082810521125793, -0.45082810521125793, 0.07732298028469087], [-0.6375672221183777, -0.5447512865066528, -0.5447512865066528, 0.09137221956253053], [0.0, 0.7071067690849304, -0.7071067690849304, 0.12336169648170472], [0.0, 0.0, 0.0, 1.0]], [[-0.2880628705024719, -0.6771335601806641, 0.6771335601806641, -0.10310320949554444], [-0.9576115012168884, 0.20369119942188263, -0.20369119942188263, 0.031048643290996554], [0.0, -0.7071067690849304, -0.7071067690849304, 0.10473926854133607], [0.0, 0.0, 0.0, 1.0]], [[-0.7703946828842163, 0.45082810521125793, 0.45082810521125793, -0.074433868765831], [-0.6375672221183777, -0.5447512865066528, -0.5447512865066528, 0.08909435510635377], [0.0, -0.7071067690849304, 0.7071067690849304, -0.11175559449195863], [0.0, 0.0, 0.0, 1.0]], [[0.9951039552688599, -0.06988604366779327, -0.06988604366779327, 0.009323789715766908], [-0.09883379191160202, -0.7036447525024414, -0.7036447525024414, 0.1064553771018982], [-8.659560603426554e-17, 0.7071067690849304, -0.7071067690849304, 0.10214075684547425], [0.0, 0.0, 0.0, 1.0]], [[0.46832746267318726, 0.0, -0.883554995059967, 0.14051085925102236], [-0.883554995059967, 0.0, -0.46832746267318726, 0.07429588055610657], [0.0, 0.9999999403953552, 0.0, 0.005443438529968262], [0.0, 0.0, 0.0, 1.0]], [[-0.9951039552688599, 0.06988604366779327, -0.06988604366779327, 0.01115025418996811], [0.09883379191160202, 0.7036447525024414, -0.7036447525024414, 0.11339448451995851], [0.0, -0.7071067690849304, -0.7071067690849304, 0.1054568374156952], [0.0, 0.0, 0.0, 1.0]], [[-0.7703946828842163, -0.6375672221183777, 1.4156836194842486e-16, 0.005190483570098857], [0.6375672221183777, -0.7703946828842163, 1.710619829973706e-16, 0.0042120141983031986], [-2.7192622655495665e-32, 2.220446049250313e-16, 1.0, -0.14977538585662842], [0.0, 0.0, 0.0, 1.0]], [[-0.9951039552688599, -0.09883379191160202, 2.1945510278254425e-17, 0.0013124454021453827], [-0.09883379191160202, 0.9951039552688599, -2.2095746460701002e-16, -0.004343999385833709], [2.7192622655495665e-32, -2.220446049250313e-16, -1.0, 0.15173720741271973], [0.0, 0.0, 0.0, 1.0]], [[-0.9951039552688599, -1.2186509181097915e-16, 0.09883379191160202, -0.01450096133351326], [-0.09883379191160202, -1.2103649175649498e-17, -0.9951039552688599, 0.15487263345718386], [1.2246468525851679e-16, -1.0, 0.0, -0.008262792587280274], [0.0, 0.0, 0.0, 1.0]], [[0.7703946828842163, -0.45082810521125793, -0.45082810521125793, 0.06749705970287324], [0.6375672221183777, 0.5447512865066528, 0.5447512865066528, -0.08340000963211061], [8.659560603426554e-17, -0.7071067690849304, 0.7071067690849304, -0.12391461777687074], [0.0, 0.0, 0.0, 1.0]], [[0.09720654785633087, -0.7037580609321594, -0.7037580609321594, 0.11575253081321717], [-0.9952642321586609, -0.06873540580272675, -0.06873540580272675, 0.01130530744791031], [0.0, 0.7071067690849304, -0.7071067690849304, 0.1103584167957306], [0.0, 0.0, 0.0, 1.0]], [[0.9562597274780273, -0.20684218406677246, 0.20684218406677246, -0.03200628995895386], [-0.2925190329551697, -0.6761777400970459, 0.6761777400970459, -0.10606736755371095], [0.0, -0.7071067690849304, -0.7071067690849304, 0.12425270485877991], [0.0, 0.0, 0.0, 1.0]], [[0.7703946828842163, -0.45082810521125793, 0.45082810521125793, -0.0741934884786606], [0.6375672221183777, 0.5447512865066528, -0.5447512865066528, 0.08889881277084352], [-8.659560603426554e-17, 0.7071067690849304, 0.7071067690849304, -0.10309829163551332], [0.0, 0.0, 0.0, 1.0]], [[0.9562597274780273, -3.5823250109593354e-17, 0.2925190329551697, -0.04450782942771912], [-0.2925190329551697, -1.171080489000806e-16, 0.9562597274780273, -0.1487449369430542], [0.0, -1.0, -1.2246468525851679e-16, 0.0012936544418335133], [0.0, 0.0, 0.0, 1.0]], [[0.09720654785633087, 0.9952642321586609, 2.209930532256845e-16, 0.003151241302490204], [-0.9952642321586609, 0.09720654785633087, 2.1584189514885137e-17, 0.0003076425790786713], [0.0, -2.220446049250313e-16, 1.0, -0.16277866554260256], [0.0, 0.0, 0.0, 1.0]], [[-0.9951039552688599, 1.2103649175649498e-17, -0.09883379191160202, 0.013955429419875145], [0.09883379191160202, 1.2186509181097915e-16, -0.9951039552688599, 0.15308884954452517], [0.0, -1.0, -1.2246468525851679e-16, -0.010996326446533186], [0.0, 0.0, 0.0, 1.0]], [[-0.9951039552688599, -1.3396874264098987e-16, -0.09883379191160202, 0.017949683576822282], [-0.09883379191160202, 1.0976144098096842e-16, 0.9951039552688599, -0.1662544016838074], [-1.2246468525851679e-16, 1.0, -1.2246468525851679e-16, 0.008393466949462908], [0.0, 0.0, 0.0, 1.0]], [[-0.09720654785633087, 0.7037580609321594, 0.7037580609321594, -0.107051837682724], [0.9952642321586609, 0.06873540580272675, 0.06873540580272675, -0.0104670387506485], [-8.659560603426554e-17, 0.7071067690849304, -0.7071067690849304, 0.1188224813938141], [0.0, 0.0, 0.0, 1.0]], [[-0.7703946828842163, -7.80794706081218e-17, 0.6375672221183777, -0.1011956150531769], [-0.6375672221183777, 9.43461427900996e-17, -0.7703946828842163, 0.12185318899154664], [0.0, -1.0, -1.2246468525851679e-16, -0.0051243562698364085], [0.0, 0.0, 0.0, 1.0]], [[0.2880628705024719, 3.527752928099007e-17, -0.9576115012168884, 0.1470636866092682], [0.9576115012168884, 1.172735909017096e-16, 0.2880628705024719, -0.04427250099182129], [1.2246468525851679e-16, -1.0, 0.0, -0.010755514144897461], [0.0, 0.0, 0.0, 1.0]], [[0.7703946828842163, 0.45082810521125793, -0.45082810521125793, 0.07007150542736054], [0.6375672221183777, -0.5447512865066528, 0.5447512865066528, -0.08542159891128541], [8.659560603426554e-17, -0.7071067690849304, -0.7071067690849304, 0.1231758749485016], [0.0, 0.0, 0.0, 1.0]], [[-0.9951039552688599, -0.06988604366779327, -0.06988604366779327, 0.01063026398420334], [0.09883379191160202, -0.7036447525024414, -0.7036447525024414, 0.11851255226135256], [0.0, -0.7071067690849304, 0.7071067690849304, -0.10419343400001527], [0.0, 0.0, 0.0, 1.0]], [[-0.7703946828842163, -9.43461427900996e-17, -0.6375672221183777, 0.09695079493522644], [0.6375672221183777, 7.80794706081218e-17, -0.7703946828842163, 0.11413982963562012], [1.2246468525851679e-16, -1.0, 0.0, -0.00804233741760254], [0.0, 0.0, 0.0, 1.0]], [[0.7703946828842163, -0.6375672221183777, 1.4156836194842486e-16, 0.0014099916219711107], [0.6375672221183777, 0.7703946828842163, -1.710619829973706e-16, -0.002513072490692115], [-2.7192622655495665e-32, 2.220446049250313e-16, 1.0, -0.15552118873596193], [0.0, 0.0, 0.0, 1.0]], [[-0.09720654785633087, 0.9952642321586609, -2.209930532256845e-16, -0.004370619297027557], [0.9952642321586609, 0.09720654785633087, -2.1584189514885137e-17, -0.0004154638946056336], [2.7192622655495665e-32, -2.220446049250313e-16, -1.0, 0.1680989933013916], [0.0, 0.0, 0.0, 1.0]], [[-0.7703946828842163, 0.45082810521125793, 0.45082810521125793, -0.06809172666072846], [-0.6375672221183777, -0.5447512865066528, -0.5447512865066528, 0.07986871790885926], [0.0, -0.7071067690849304, 0.7071067690849304, -0.12391461968421937], [0.0, 0.0, 0.0, 1.0]], [[0.09720654785633087, 0.7037580609321594, 0.7037580609321594, -0.107051837682724], [-0.9952642321586609, 0.06873540580272675, 0.06873540580272675, -0.0104670387506485], [0.0, -0.7071067690849304, 0.7071067690849304, -0.1074516842365265], [0.0, 0.0, 0.0, 1.0]], [[-0.9951039552688599, -0.09883379191160202, -2.1945510278254425e-17, -0.0002548169791698425], [0.09883379191160202, -0.9951039552688599, -2.2095746460701002e-16, 0.003058629751205475], [0.0, -2.220446049250313e-16, 1.0, -0.15908775520324708], [0.0, 0.0, 0.0, 1.0]], [[-0.2880628705024719, -0.6771335601806641, 0.6771335601806641, -0.1030098342895508], [-0.9576115012168884, 0.20369119942188263, -0.20369119942188263, 0.031020550668239597], [0.0, -0.7071067690849304, -0.7071067690849304, 0.12409791970252991], [0.0, 0.0, 0.0, 1.0]], [[-0.09720654785633087, 1.0998035267571936e-16, 0.9952642321586609, -0.1560910360813141], [0.9952642321586609, 1.3378909224683315e-16, 0.09720654785633087, -0.015245405137538911], [-1.2246468525851679e-16, 1.0, -1.2246468525851679e-16, -0.0027786657810211007], [0.0, 0.0, 0.0, 1.0]], [[0.8802699446678162, 0.3355032503604889, -0.3355032503604889, 0.05209078967571259], [0.474473237991333, -0.6224448084831238, 0.6224448084831238, -0.09467347264289858], [0.0, -0.7071067690849304, -0.7071067690849304, 0.10272402405738831], [0.0, 0.0, 0.0, 1.0]], [[0.9951039552688599, 0.09883379191160202, -2.1945510278254425e-17, -0.00044118764996528315], [-0.09883379191160202, 0.9951039552688599, -2.2095746460701002e-16, -0.001608511805534332], [-2.7192622655495665e-32, 2.220446049250313e-16, 1.0, -0.1643169116973877], [0.0, 0.0, 0.0, 1.0]], [[0.7703946828842163, 0.45082810521125793, -0.45082810521125793, 0.07617326676845551], [0.6375672221183777, -0.5447512865066528, 0.5447512865066528, -0.09445169401168824], [8.659560603426554e-17, -0.7071067690849304, -0.7071067690849304, 0.10235954737663269], [0.0, 0.0, 0.0, 1.0]], [[-0.7703946828842163, -0.45082810521125793, 0.45082810521125793, -0.0767679342031479], [-0.6375672221183777, 0.5447512865066528, -0.5447512865066528, 0.09092040205001832], [0.0, -0.7071067690849304, -0.7071067690849304, 0.10235954785346986], [0.0, 0.0, 0.0, 1.0]], [[-0.9951039552688599, -0.06988604366779327, -0.06988604366779327, 0.012804955184459687], [-0.09883379191160202, 0.7036447525024414, 0.7036447525024414, -0.11794322967529298], [-8.659560603426554e-17, 0.7071067690849304, -0.7071067690849304, 0.11283340477943421], [0.0, 0.0, 0.0, 1.0]], [[-0.46832746267318726, 0.6247677206993103, 0.6247677206993103, -0.10552551579475403], [0.883554995059967, 0.33115750551223755, 0.33115750551223755, -0.05737671446800233], [-8.659559941682064e-17, 0.7071067094802856, -0.7071067094802856, 0.1031349859237671], [0.0, 0.0, 0.0, 1.0]], [[-0.9562597274780273, -8.128480209920969e-17, 0.2925190329551697, -0.04314833498001099], [0.2925190329551697, 1.529312957009515e-16, 0.9562597274780273, -0.14622212409973145], [-1.2246468525851679e-16, 1.0, -1.2246468525851679e-16, -0.008350341796874983], [0.0, 0.0, 0.0, 1.0]], [[0.09720654785633087, -0.7037580609321594, 0.7037580609321594, -0.11218856501579286], [-0.9952642321586609, -0.06873540580272675, 0.06873540580272675, -0.010957377612590791], [0.0, -0.7071067690849304, -0.7071067690849304, 0.10370911669731141], [0.0, 0.0, 0.0, 1.0]], [[-0.7703946828842163, -0.6375672221183777, 1.4156836194842486e-16, -0.00024637655913831787], [0.6375672221183777, -0.7703946828842163, 1.710619829973706e-16, -0.0003552404344082118], [-2.7192622655495665e-32, 2.220446049250313e-16, 1.0, -0.16945443344116212], [0.0, 0.0, 0.0, 1.0]], [[-0.7703946828842163, -0.45082810521125793, -0.45082810521125793, 0.07011027133464814], [0.6375672221183777, -0.5447512865066528, -0.5447512865066528, 0.08361435413360596], [8.659560603426554e-17, -0.7071067690849304, 0.7071067690849304, -0.11229554867744447], [0.0, 0.0, 0.0, 1.0]], [[-0.2880628705024719, 0.9576115012168884, 2.1263246745937013e-16, -0.0061541538238525685], [-0.9576115012168884, -0.2880628705024719, -6.396280627429183e-17, 0.001817558169364938], [0.0, -2.220446049250313e-16, 1.0, -0.17075551414489748], [0.0, 0.0, 0.0, 1.0]], [[-0.7703946828842163, -0.6375672221183777, 1.4156836194842486e-16, -0.005059960842132588], [0.6375672221183777, -0.7703946828842163, 1.710619829973706e-16, -0.009123319625854517], [-2.7192622655495665e-32, 2.220446049250313e-16, 1.0, -0.16804233741760255], [0.0, 0.0, 0.0, 1.0]], [[0.8802699446678162, 0.0, 0.474473237991333, -0.07716478729248047], [0.474473237991333, 0.0, -0.8802699446678162, 0.1446469738483429], [0.0, 1.0, 0.0, -0.0028113319873809815], [0.0, 0.0, 0.0, 1.0]], [[-0.9951039552688599, -0.06988604366779327, 0.06988604366779327, -0.009045490086078646], [-0.09883379191160202, 0.7036447525024414, -0.7036447525024414, 0.10554539108276369], [8.659560603426554e-17, -0.7071067690849304, -0.7071067690849304, 0.12153055024147034], [0.0, 0.0, 0.0, 1.0]], [[0.2880628705024719, 0.9576115012168884, -2.1263246745937013e-16, -0.0061541538238525095], [0.9576115012168884, -0.2880628705024719, 6.396280627429183e-17, 0.0018175581693649202], [2.7192622655495665e-32, -2.220446049250313e-16, -1.0, 0.14924448585510255], [0.0, 0.0, 0.0, 1.0]], [[0.09720654785633087, -0.9952642321586609, -2.209930532256845e-16, 0.005549451828002961], [-0.9952642321586609, -0.09720654785633087, -2.1584189514885137e-17, 0.0005306261777877838], [0.0, 2.220446049250313e-16, -1.0, 0.16568539810180666], [0.0, 0.0, 0.0, 1.0]], [[0.7703946828842163, -0.45082810521125793, -0.45082810521125793, 0.07188612020015718], [-0.6375672221183777, -0.5447512865066528, -0.5447512865066528, 0.08680496549606324], [0.0, 0.7071067690849304, -0.7071067690849304, 0.10368265032768251], [0.0, 0.0, 0.0, 1.0]], [[-0.7703946828842163, -0.45082810521125793, -0.45082810521125793, 0.07354248845577241], [-0.6375672221183777, 0.5447512865066528, 0.5447512865066528, -0.0896732783317566], [0.0, 0.7071067690849304, -0.7071067690849304, 0.11761589455604554], [0.0, 0.0, 0.0, 1.0]], [[0.9562597274780273, 0.20684218406677246, 0.20684218406677246, -0.03200628995895386], [-0.2925190329551697, 0.6761777400970459, 0.6761777400970459, -0.10606736755371095], [0.0, -0.7071067690849304, 0.7071067690849304, -0.1020214605331421], [0.0, 0.0, 0.0, 1.0]], [[-0.09720654785633087, 0.7037580609321594, -0.7037580609321594, 0.1082306706905365], [0.9952642321586609, 0.06873540580272675, -0.06873540580272675, 0.010582201063632966], [8.659560603426554e-17, -0.7071067690849304, -0.7071067690849304, 0.12123607468605042], [0.0, 0.0, 0.0, 1.0]], [[-0.7703946828842163, -0.45082810521125793, 0.45082810521125793, -0.07131735646724702], [-0.6375672221183777, 0.5447512865066528, -0.5447512865066528, 0.08575024557113649], [0.0, -0.7071067690849304, -0.7071067690849304, 0.10801272702217103], [0.0, 0.0, 0.0, 1.0]], [[0.9951039552688599, 0.06988604366779327, 0.06988604366779327, -0.00986932159215212], [0.09883379191160202, -0.7036447525024414, -0.7036447525024414, 0.10823916149139406], [0.0, 0.7071067690849304, -0.7071067690849304, 0.10487429070472717], [0.0, 0.0, 0.0, 1.0]], [[0.9951039552688599, 0.06988604366779327, 0.06988604366779327, -0.011436583936214448], [-0.09883379191160202, 0.7036447525024414, 0.7036447525024414, -0.10952453041076661], [8.659560603426554e-17, -0.7071067690849304, 0.7071067690849304, -0.11222483849525453], [0.0, 0.0, 0.0, 1.0]], [[0.8802699446678162, 0.3355032503604889, 0.3355032503604889, -0.054929589629173284], [0.474473237991333, -0.6224448084831238, -0.6224448084831238, 0.10339495301246644], [0.0, 0.7071067690849304, -0.7071067690849304, 0.11032575154304505], [0.0, 0.0, 0.0, 1.0]], [[0.09720654785633087, -0.9952642321586609, -2.209930532256845e-16, 0.0031512413024902654], [-0.9952642321586609, -0.09720654785633087, -2.1584189514885137e-17, 0.0003076425790786774], [0.0, 2.220446049250313e-16, -1.0, 0.15722133445739747], [0.0, 0.0, 0.0, 1.0]]], "foliation_name": "rotate_1", "similarity_matrix": [[1.0, 0.44145109731861537, 0.07151748987646166, 0.02598461980199126, 0.0015409510609203844, 0.44145109731861537, 0.9317922077092337, 0.5774717005357333, 0.015214795108880965, 0.03463226950432966, 0.05187585165290535, 0.08228923860139827, 0.04348971073104168, 0.04965604780429446, 0.009850437593119443, 0.28212909744072645, 0.07878553476578685, 0.8066355132008342, 0.010933064072097246, 0.002432596106310948, 0.44340297377365057, 0.09069648959501794, 0.014091318808275816, 0.05725865158515316, 0.006309375550732197, 0.4144334484561436, 0.09275366197284782, 0.17633050230985167, 0.5435271848513674, 0.467339783794315, 0.5476457375161973, 0.07726666753086946, 0.09078738782391449, 0.8072193613837392, 0.01988870385071438, 0.17001066970639253, 0.009580616896688475, 0.19605083543588966, 0.003331547220691934, 0.05725865158515316, 0.9208086991967572, 0.0023746942878726494, 0.0398173603745674, 0.30516369913344693, 0.0789371735200317, 0.025834959803825604, 0.44705749623659413, 0.7997573651892497, 0.06173684061023861, 0.07302672326986953, 0.15189429555366904, 0.0348542574905209, 0.06293657682920348, 0.07546181454690692, 0.02595645770191804, 0.02598461980199126, 0.0529845792214904, 0.02511800246124932, 0.24441221767227161, 0.010406585866495986, 0.018067961357412607, 0.003830883601969239, 0.04257753337623859, 0.04914302253381237, 0.3507827371647377, 0.04809733255487805, 0.042357835493965004, 0.44890923442460196, 0.4069506530430079, 0.09999360461300388, 0.08096592908404243, 0.4997330007110201, 0.024403689143434448, 0.009580616794013905, 0.15732846198746753, 0.23920823740979696, 0.4869903006880998, 0.008742395232855775, 0.3130779872928981, 0.09105722589257662], [0.44145109731861537, 1.0, 0.09792675797887081, 0.009580619412338495, 0.003528520107077681, 1.0, 0.6392729205844061, 0.261233167541215, 0.032920885645282345, 0.010328720033279178, 0.07235081863363955, 0.2636504536420349, 0.05853053806669178, 0.06922578449021856, 0.00998949014779472, 0.9415641368778223, 0.05208756219508582, 0.17228318422385036, 0.01841639996776858, 0.008084565116687712, 0.1252172292776074, 0.058274600580702815, 0.005924448892456681, 0.07569832088926286, 0.059487965142002636, 0.10354494521931358, 0.2559753402315924, 0.5078651040487506, 0.33495403376707156, 0.06815490362544052, 0.3252803786898578, 0.09598266354355499, 0.06090228087026105, 0.8158214421637134, 0.010218365423610347, 0.027164512171492152, 0.012221302171124425, 0.5519752071318942, 0.009232930252765508, 0.07569832088926286, 0.6553509369898598, 0.001698746120474209, 0.11984020818690579, 0.9434382812668086, 0.010137951398087505, 0.00645017718508135, 0.4191440688686654, 0.20516210251687297, 0.0822970168708685, 0.05050161896497851, 0.4189780256184876, 0.17387052871852574, 0.08593111537580682, 0.2003397832271718, 0.197832785958554, 0.009580619412338495, 0.07388487365657932, 0.005999244771386006, 0.4538424169964484, 0.006538890194903686, 0.061201514068339256, 0.010207910532889674, 0.1411338365813951, 0.06914781582114438, 0.16243473369224729, 0.07320513842091496, 0.06402279442787, 0.9970380367161273, 0.30338693337665934, 0.07404601360039326, 0.04939326212474973, 0.14096036079528437, 0.005730433493348751, 0.021842442808547833, 0.027028626329972074, 0.4116301526275203, 0.37956252197759716, 0.015355893284152383, 0.4281640206655099, 0.05861733302423596], [0.07151748987646166, 0.09792675797887081, 1.0, 0.01924598443723956, 0.0903283550450664, 0.09792675797887081, 0.09940350457126143, 0.018210251028087293, 0.018206627979362004, 0.019612037353059504, 0.9841301728043822, 0.017830670065683223, 0.9726882383577804, 0.9807293182699269, 0.01701135555954999, 0.09743061353117334, 0.0031073205318824263, 0.06633419605171861, 0.49658880335801897, 0.0999456192859346, 0.013872411655257998, 0.004782648757167612, 0.4464564384031286, 0.9903416211215827, 0.09185678435072044, 0.008583145977839513, 0.019399170118069888, 0.486905306990539, 0.020899078780340623, 0.08030210078526132, 0.01731957732144971, 0.9970583872548554, 0.007455360058408333, 0.1098144538629217, 0.5267411544449127, 0.013736024630458438, 0.009386561633513323, 0.47081859990186536, 0.09101573303957682, 0.9903416211215827, 0.11684850980084521, 0.06533158995810774, 0.012379837656287035, 0.1013952212283794, 0.10953141478911273, 0.009580620438121691, 0.4500602697218289, 0.11622829946284545, 0.9969432889044388, 0.003266629479203766, 0.5715177695720304, 0.5211076635564457, 0.995581113170995, 0.01039714868967899, 0.09910331734259013, 0.01924598443723956, 0.989030590337949, 0.016169488057620283, 0.018025686450526265, 0.012234156799977877, 0.016937870661935358, 0.11009167131491535, 0.018628363222405044, 0.9807438500524472, 0.5119643590760611, 0.9777231285927778, 0.9774907420956813, 0.08919163423800826, 0.011539548851336692, 0.008294846656069034, 0.003756241661883859, 0.01819608615141565, 0.01073001015797821, 0.4750807864155943, 0.010646613936505988, 0.016790342892167565, 0.01894961649752551, 0.4977326192161038, 0.014475611193091889, 0.005839725884724818], [0.02598461980199126, 0.009580619412338495, 0.01924598443723956, 1.0, 0.31781027272988244, 0.009580619412338495, 0.016814925551231, 0.12150743997277774, 0.4753467100077394, 0.9818801594899361, 0.011235065440823205, 0.10576734322808432, 0.011382855063091368, 0.01070339855664446, 0.7851711413831732, 0.009691714084828341, 0.42551212086691415, 0.04453343604490045, 0.092405704915235, 0.27490131644540494, 0.1970215074212782, 0.4544944942069219, 0.07160173433604014, 0.013593198717980641, 0.06936634319377753, 0.16541667718145392, 0.13336097376746067, 0.0052388943683470465, 0.11800859647787762, 0.09830992872729766, 0.10274690278577903, 0.019633335838089908, 0.5169038672189508, 0.016182160148150347, 0.07241134911464844, 0.46267921145705804, 0.6806318530618976, 0.006970888218919695, 0.3218522023651869, 0.013593198717980641, 0.019589191184919252, 0.4663008420669811, 0.1926829691952102, 0.01350689593442505, 0.292482178251682, 0.959358639587429, 0.008046019042498784, 0.052406107427842956, 0.017449987149388762, 0.439879537098348, 0.005035558082259196, 0.018679476989830704, 0.014512018353891331, 0.13054676547121383, 0.0449257233628645, 1.0, 0.012919603351855382, 0.9713204439257291, 0.07502207642650811, 0.89609212732097, 0.2670897290177917, 0.29803830502555084, 0.18017065572950905, 0.010697740279013145, 0.016850408701891906, 0.009523535139584295, 0.012010501584262393, 0.011116201019302102, 0.10705008527388009, 0.4738849626525153, 0.46615176640059336, 0.1864131824150574, 0.9651622393516462, 0.08292417151973933, 0.4809487045780137, 0.08875980446812155, 0.10252829809837555, 0.07736322395054755, 0.07623276227965219, 0.4854882966112784], [0.0015409510609203844, 0.003528520107077681, 0.0903283550450664, 0.31781027272988244, 1.0, 0.003528520107077681, 0.00165606724440913, 0.0075730378090261815, 0.3204598518508243, 0.2593142165462917, 0.06967102268363877, 0.041787700304317575, 0.07528663585125488, 0.06854816310465539, 0.47081857607721583, 0.006296040653717312, 0.04354450208745362, 0.0030737504950604727, 0.5428713627047682, 0.9509114080075743, 0.01098465104903355, 0.04979801597301093, 0.26241541113032785, 0.07556195213715852, 0.2973852226582592, 0.006493698290140826, 0.04870753473611995, 0.017082429276454713, 0.009580618980074838, 0.012929380236647825, 0.006931622502073592, 0.08550512707809223, 0.06860549940448289, 0.0028403921024725827, 0.26061660518934077, 0.038328762023696866, 0.33060507468644756, 0.01897977759796424, 0.9441006828221294, 0.07556195213715852, 0.002887111576510754, 0.9207661607286113, 0.0841984502759032, 0.008321996802937317, 0.12098814187294893, 0.1985207140316136, 0.008001842791456673, 0.00735648125028509, 0.08896525391931788, 0.04821750844447183, 0.019990523908108414, 0.12423532945353084, 0.07682307619084258, 0.037593108627910314, 0.12122953716487035, 0.31781027272988244, 0.07674504635170315, 0.2611041462897368, 0.013505380936358117, 0.3944676134976841, 0.19539298592099008, 0.9500413132682239, 0.09783473451983823, 0.0690720417015135, 0.015313252557684866, 0.06567295911466492, 0.08247507640535656, 0.003753166235513531, 0.007482459391114411, 0.06514497441193273, 0.048690412532785776, 0.011380242509419363, 0.21424017692285877, 0.5472765556392574, 0.037199005705674526, 0.01518297099794213, 0.00900353645348429, 0.5101413275986589, 0.00900764098510076, 0.05737111587962087], [0.44145109731861537, 1.0, 0.09792675797887081, 0.009580619412338495, 0.003528520107077681, 1.0, 0.6392729205844061, 0.261233167541215, 0.032920885645282345, 0.010328720033279178, 0.07235081863363955, 0.2636504536420349, 0.05853053806669178, 0.06922578449021856, 0.00998949014779472, 0.9415641368778223, 0.05208756219508582, 0.17228318422385036, 0.01841639996776858, 0.008084565116687712, 0.1252172292776074, 0.058274600580702815, 0.005924448892456681, 0.07569832088926286, 0.059487965142002636, 0.10354494521931358, 0.2559753402315924, 0.5078651040487506, 0.33495403376707156, 0.06815490362544052, 0.3252803786898578, 0.09598266354355499, 0.06090228087026105, 0.8158214421637134, 0.010218365423610347, 0.027164512171492152, 0.012221302171124425, 0.5519752071318942, 0.009232930252765508, 0.07569832088926286, 0.6553509369898598, 0.001698746120474209, 0.11984020818690579, 0.9434382812668086, 0.010137951398087505, 0.00645017718508135, 0.4191440688686654, 0.20516210251687297, 0.0822970168708685, 0.05050161896497851, 0.4189780256184876, 0.17387052871852574, 0.08593111537580682, 0.2003397832271718, 0.197832785958554, 0.009580619412338495, 0.07388487365657932, 0.005999244771386006, 0.4538424169964484, 0.006538890194903686, 0.061201514068339256, 0.010207910532889674, 0.1411338365813951, 0.06914781582114438, 0.16243473369224729, 0.07320513842091496, 0.06402279442787, 0.9970380367161273, 0.30338693337665934, 0.07404601360039326, 0.04939326212474973, 0.14096036079528437, 0.005730433493348751, 0.021842442808547833, 0.027028626329972074, 0.4116301526275203, 0.37956252197759716, 0.015355893284152383, 0.4281640206655099, 0.05861733302423596], [0.9317922077092337, 0.6392729205844061, 0.09940350457126143, 0.016814925551231, 0.00165606724440913, 0.6392729205844061, 1.0, 0.4626461194825854, 0.015419878935960488, 0.02164283941507014, 0.0744374804223048, 0.1033292476151589, 0.061876388809413464, 0.07141705200125213, 0.007713881445258252, 0.4456493836748492, 0.05860733363728398, 0.613337877896623, 0.014202906900839687, 0.0031433620477028176, 0.3052572936221342, 0.0677676055481859, 0.013585459121996902, 0.08036995174571401, 0.012108412205823073, 0.27477898222284836, 0.11138212167836357, 0.29899039047663467, 0.4713817325581546, 0.3132526423469433, 0.4708185781849142, 0.10485321016765106, 0.06904534537374543, 0.9537548625099649, 0.019967634438921664, 0.09723347026432894, 0.0077626754727132576, 0.3264930916001345, 0.003978042605574599, 0.08036995174571401, 0.9968710029326296, 0.0017217911611766186, 0.046437326633953196, 0.4672433125096832, 0.04943940028104767, 0.014976913145062118, 0.5737612623258442, 0.6463555058557819, 0.0857206879822733, 0.05478167770333243, 0.25731938116673364, 0.06393372680886085, 0.08871149129585008, 0.08734859694183891, 0.046127475707923984, 0.016814925551231, 0.0755127339140828, 0.014797332059180818, 0.2778922988080323, 0.0070767316408924, 0.021372194235066904, 0.004642893844181189, 0.05203151904749547, 0.07083812482979558, 0.3708377305575206, 0.07100580007490725, 0.061784953298530176, 0.6397285049914282, 0.3607815632249892, 0.0786701162019583, 0.05912459330846015, 0.34948349265506945, 0.01403487055300951, 0.013524427474104567, 0.09019498419862401, 0.2636771871989509, 0.44742426540119795, 0.011689302904942049, 0.3285877654062066, 0.06825168186800816], [0.5774717005357333, 0.261233167541215, 0.018210251028087293, 0.12150743997277774, 0.0075730378090261815, 0.261233167541215, 0.4626461194825854, 1.0, 0.08830238337839992, 0.1463934568809453, 0.010241241140250119, 0.25220083783815245, 0.008239391397932627, 0.00953376154240803, 0.06476415940317684, 0.18929261641758535, 0.43909911180898376, 0.48159302978370516, 0.007170500087165234, 0.009580617192626269, 0.9005060619255795, 0.46627782357196607, 0.005611797088609692, 0.012193083702750244, 0.014576722336077565, 0.8766493862151251, 0.28951354044206684, 0.05097419532066585, 0.9711872879108525, 0.32540484033293343, 0.9744305896565376, 0.019390418418515732, 0.4451169208843944, 0.42670327387102347, 0.008108776987448317, 0.44033608319163026, 0.07595271618416945, 0.06196237035338842, 0.012852606860739546, 0.012193083702750244, 0.4591035904344717, 0.011262963961444196, 0.17894463577896952, 0.21954786289768127, 0.08159351711997889, 0.1366936329273926, 0.10902609427819455, 0.4351314265660664, 0.014747192912412074, 0.41557724189449113, 0.040062082040528614, 0.016716023739890534, 0.014079338619743325, 0.2837972386383977, 0.04081344461890881, 0.12150743997277774, 0.011108261772511153, 0.11311134399162572, 0.5355506717102029, 0.07188434607226808, 0.09324676448485614, 0.012407613694007029, 0.1670080405794998, 0.009442839350057398, 0.08507188518373288, 0.009026519998238551, 0.00849759556739691, 0.28661334304517966, 0.8989895350774091, 0.4693901890821697, 0.4405774207729033, 0.9060363625063372, 0.12498029672645714, 0.006626829427276425, 0.4579418759972036, 0.5615501306235577, 0.9106276298749265, 0.005049900546687416, 0.6740530720384028, 0.4584708987575248], [0.015214795108880965, 0.032920885645282345, 0.018206627979362004, 0.4753467100077394, 0.3204598518508243, 0.032920885645282345, 0.015419878935960488, 0.08830238337839992, 1.0, 0.3910194422309503, 0.01016757902587167, 0.441945443994821, 0.00954634602546251, 0.009591793877431727, 0.8053887662611475, 0.0476777467690377, 0.43500434496613577, 0.01111009749748798, 0.08982177942186315, 0.400162812510301, 0.08876404151047161, 0.44358334232473134, 0.022116647518909068, 0.011774872728097944, 0.37857972628161957, 0.0684860746603349, 0.4814186851826508, 0.01796087366958038, 0.11541984295009033, 0.016038025549356037, 0.09899828068894526, 0.016800753773533978, 0.5050560496101465, 0.02265384895813064, 0.025531896728345483, 0.11119945493236871, 0.8953687195238862, 0.022305989005437277, 0.4594424882792701, 0.011774872728097944, 0.018307081508840833, 0.30531988746837263, 0.6989366008886874, 0.058365390569522085, 0.04251639214064803, 0.37126449182531435, 0.007246771327486578, 0.015324547094401583, 0.015582265739493967, 0.464294836249959, 0.015697865518153237, 0.07093355492884323, 0.013314904405101387, 0.4730570405035997, 0.2987181267916819, 0.4753467100077394, 0.011776590935202657, 0.3440197755285713, 0.21072491153479606, 0.6732800362952032, 0.9011955712103432, 0.41863303710907873, 0.6934615112940421, 0.009683322853578494, 0.005575893359600898, 0.009487785435578206, 0.011617299679850078, 0.037142630693217604, 0.13208789749435307, 0.5100226213252566, 0.43606665364144576, 0.08210360639533143, 0.3560010301067079, 0.10403884526878215, 0.1272682446222913, 0.23134979391765123, 0.12767414187826137, 0.07453443367277017, 0.1659255413679983, 0.4666071753037532], [0.03463226950432966, 0.010328720033279178, 0.019612037353059504, 0.9818801594899361, 0.2593142165462917, 0.010328720033279178, 0.02164283941507014, 0.1463934568809453, 0.3910194422309503, 1.0, 0.011509742796574638, 0.09255773575305484, 0.011619837660350732, 0.010966189127300952, 0.6783293845271597, 0.009580623528855303, 0.42914458662129223, 0.0625320171399572, 0.0813917216530874, 0.21748265203457706, 0.24381550039401795, 0.46115414930277865, 0.07367581957104193, 0.013983938142659968, 0.050398336702432094, 0.20891862038779282, 0.11845489140673376, 0.005254191409120585, 0.1365783287453088, 0.13544800840483237, 0.12026727338853103, 0.020330501101429487, 0.5187724174361122, 0.019632312665681318, 0.07443748961623144, 0.5652635717770933, 0.5787096204922414, 0.006987687257802353, 0.25655677254549775, 0.013983938142659968, 0.024794449434870993, 0.4016900767812103, 0.16222851439738395, 0.013401651720369633, 0.35399277653849803, 0.9779747094250087, 0.01005704032447565, 0.07110657683735257, 0.017802452732804154, 0.43928802897014735, 0.005048961582845992, 0.01544295825308424, 0.014883177378576112, 0.11587744603420655, 0.0344668599481714, 0.9818801594899361, 0.013169769831528663, 0.9901472192776243, 0.07443750371381379, 0.8061764657170628, 0.21394229257204023, 0.23880424361362287, 0.15044216460937024, 0.010939893952238017, 0.02172086711235709, 0.009660483904222337, 0.012011054916798141, 0.011939665584220278, 0.12018078661864794, 0.47346571107396185, 0.4732920667876865, 0.23230060388778248, 0.9846380259904196, 0.07070603219210979, 0.580044376573707, 0.08828813079701701, 0.11540109131688354, 0.06790704570772123, 0.07946304503683088, 0.4911217255900324], [0.05187585165290535, 0.07235081863363955, 0.9841301728043822, 0.011235065440823205, 0.06967102268363877, 0.07235081863363955, 0.0744374804223048, 0.010241241140250119, 0.01016757902587167, 0.011509742796574638, 1.0, 0.009733617856931978, 0.9954046769368055, 0.9998071023267091, 0.00967339375269887, 0.0717156213773161, 0.0, 0.04889135866925963, 0.45405794783240383, 0.0763799169419188, 0.007435512517822092, 0.00136884357881336, 0.4299956544077519, 0.9982756818125391, 0.06824806357369799, 0.004036981454473216, 0.01067412483724351, 0.43743170404444276, 0.011895963918789583, 0.06062284345000024, 0.009580619380277804, 0.9821342696827595, 0.0029911431162870277, 0.08191783985723679, 0.5059208066316213, 0.007587553434990072, 0.0044864047928793995, 0.41651115100197367, 0.06812779062287574, 0.9982756818125391, 0.08819349058268756, 0.04877837887244937, 0.006170460179884813, 0.07401321150482017, 0.08656033517623021, 0.004765731748360004, 0.4047698789559368, 0.08911453860400248, 0.9919587814257314, 0.0, 0.5258844739157037, 0.4658238706868059, 0.9960489800935083, 0.004883203011375893, 0.0721271545175887, 0.011235065440823205, 0.999130910326423, 0.009329480956976138, 0.009885082593550433, 0.006505280333504918, 0.00929717363195719, 0.08404526268789783, 0.010253829439539487, 0.999771579394846, 0.4744450273754898, 0.9975976045616939, 0.9937943141093807, 0.06491635516965785, 0.005705183277665683, 0.0034911922666043356, 0.0, 0.010364529038337535, 0.005573492167460277, 0.4308871143791666, 0.005446675746692161, 0.009022892631670044, 0.010555403309928069, 0.46182351981906583, 0.007585966387308149, 0.0020080786194772837], [0.08228923860139827, 0.2636504536420349, 0.017830670065683223, 0.10576734322808432, 0.041787700304317575, 0.2636504536420349, 0.1033292476151589, 0.25220083783815245, 0.441945443994821, 0.09255773