{"co_parameters": [[[0.22407418489456177, 0.9745720624923706, -2.7441174190964858e-17, -0.040873659968376164], [0.9745720624923706, -0.22407418489456177, -1.1935066127216496e-16, -0.1823608615398407], [-1.2246467202362698e-16, 0.0, -0.9999999403953552, -0.02784008216857908], [0.0, 0.0, 0.0, 1.0]], [[-4.9754463858811386e-17, 0.9745720624923706, -0.22407418489456177, 0.00032582479715348136], [-2.1639846858709135e-16, -0.22407418489456177, -0.9745720624923706, 0.0002281271219253908], [-0.9999999403953552, 0.0, 2.220445916901415e-16, 0.21773814523220064], [0.0, 0.0, 0.0, 1.0]], [[-0.22407418489456177, -0.9745720624923706, -1.1935066127216496e-16, 0.04288364708423615], [-0.9745720624923706, 0.22407418489456177, 2.7441174190964858e-17, 0.18585114550590515], [0.0, 1.2246467202362698e-16, -0.9999999403953552, 0.0022350268363952636], [0.0, 0.0, 0.0, 1.0]], [[-0.1584443747997284, -0.9745720624923706, -0.1584443747997284, 0.030426682889461522], [-0.6891264915466309, 0.22407418489456177, -0.6891264915466309, 0.13126199436187744], [0.7071067094802856, 8.659559941682064e-17, -0.7071067094802856, -0.15466725468635562], [0.0, 0.0, 0.0, 1.0]], [[-0.5306757092475891, -0.8475749492645264, 0.0, 0.10107460606098176], [0.8475749492645264, -0.5306757092475891, 0.0, -0.16001007795333863], [0.0, 0.0, 0.9999999403953552, 0.020111204147338867], [0.0, 0.0, 0.0, 1.0]], [[-2.1639827006374434e-16, 0.2240782380104065, 0.974571168422699, 0.0014648104906082521], [4.9755363831317843e-17, 0.974571168422699, -0.2240782380104065, 0.00032098212838172066], [-1.0, 2.7192622655495665e-32, -2.220446049250313e-16, 0.19463946342468263], [0.0, 0.0, 0.0, 1.0]], [[0.4817847013473511, -0.7319610714912415, 0.4817847013473511, -0.08998526072502136], [0.5175746083259583, 0.6813464760780334, 0.5175746083259583, -0.0973258467912674], [-0.7071067094802856, -8.659559941682064e-17, 0.7071067094802856, 0.166202746629715], [0.0, 0.0, 0.0, 1.0]], [[0.1584443747997284, 0.9745720624923706, -0.1584443747997284, -0.0299863538146019], [0.6891264915466309, -0.22407418489456177, -0.6891264915466309, -0.13110856914520264], [-0.7071067094802856, 0.0, -0.7071067094802856, 0.15972822499275208], [0.0, 0.0, 0.0, 1.0]], [[0.025308189913630486, 0.9993593096733093, 0.025308189913630486, -0.004157776858657598], [-0.7066537141799927, 0.03579118475317955, -0.7066537141799927, 0.13397427582740784], [-0.7071067690849304, -8.659560603426554e-17, 0.7071067690849304, 0.1802162798643112], [0.0, 0.0, 0.0, 1.0]], [[1.178336782031917e-16, 0.8475749492645264, -0.5306757092475891, 0.0016718156337737838], [-1.8819944475379521e-16, 0.5306757092475891, 0.8475749492645264, -0.003619006633758513], [0.9999999403953552, -2.719261971675979e-32, 2.220445916901415e-16, -0.2325408071279526], [0.0, 0.0, 0.0, 1.0]], [[-0.8475692868232727, -0.530684769153595, 1.0379730332833858e-16, 0.15595215046405794], [-0.530684769153595, 0.8475692868232727, 6.499014474274799e-17, 0.09925264751911164], [-1.2246468525851679e-16, 0.0, -1.0, 0.04784477615356447], [0.0, 0.0, 0.0, 1.0]], [[-0.7319615483283997, -0.6813459396362305, -1.7308025075244077e-16, 0.1373455239534378], [0.6813459396362305, -0.7319615483283997, -6.198620195231472e-18, -0.12600163745880127], [-1.2246468525851679e-16, -1.2246468525851679e-16, 1.0, -0.03530774688720701], [0.0, 0.0, 0.0, 1.0]], [[-0.7319615483283997, 0.6813459396362305, 8.963943878255857e-17, 0.1363465348482132], [0.6813459396362305, 0.7319615483283997, -8.34408185873271e-17, -0.12440607166290285], [-1.2246468525851679e-16, 0.0, -1.0, -0.019106678009033182], [0.0, 0.0, 0.0, 1.0]], [[0.5993219614028931, -0.530684769153595, 0.5993219614028931, -0.11680121731758118], [0.37525078654289246, 0.8475692868232727, 0.37525078654289246, -0.07221382778882982], [-0.7071067690849304, 0.0, 0.7071067690849304, 0.15659195125102998], [0.0, 0.0, 0.0, 1.0]], [[0.3752443790435791, -0.8475749492645264, 0.3752443790435791, -0.06962461614608764], [-0.599325954914093, -0.5306757092475891, -0.599325954914093, 0.11025292503833771], [0.7071067094802856, 0.0, -0.7071067094802856, -0.17689109349250795], [0.0, 0.0, 0.0, 1.0]], [[0.6891258955001831, -0.2240782380104065, 0.6891258955001831, -0.13289358878135682], [-0.1584472358226776, -0.974571168422699, -0.1584472358226776, 0.03030329889059067], [0.7071067690849304, 0.0, -0.7071067690849304, -0.17740679728984834], [0.0, 0.0, 0.0, 1.0]], [[0.025308189913630486, 0.9993593096733093, -0.025308189913630486, -0.004161508779972792], [-0.7066537141799927, 0.03579118475317955, 0.7066537141799927, 0.13398643708229066], [0.7071067690849304, -8.659560603426554e-17, 0.7071067690849304, -0.16033801066875458], [0.0, 0.0, 0.0, 1.0]], [[0.22407418489456177, -0.9745720624923706, -9.19094870812001e-17, -0.04245601761341095], [0.9745720624923706, 0.22407418489456177, 1.4679184208057471e-16, -0.18534322810173035], [-1.2246467202362698e-16, -1.2246467202362698e-16, 0.9999999403953552, 0.02537794876098635], [0.0, 0.0, 0.0, 1.0]], [[0.1584443747997284, 0.9745720624923706, -0.1584443747997284, -0.02977860635519028], [0.6891264915466309, -0.22407418489456177, -0.6891264915466309, -0.13070590591430664], [-0.7071067094802856, 0.0, -0.7071067094802856, 0.16208843159675598], [0.0, 0.0, 0.0, 1.0]], [[-0.5993219614028931, 0.530684769153595, 0.5993219614028931, 0.11198139691352846], [-0.37525078654289246, -0.8475692868232727, 0.37525078654289246, 0.07070054119825364], [0.7071067690849304, -8.659560603426554e-17, 0.7071067690849304, -0.17772265422344208], [0.0, 0.0, 0.0, 1.0]], [[0.6813464760780334, 0.7319610714912415, -8.34408847617761e-17, -0.1279019981622696], [0.7319610714912415, -0.6813464760780334, -8.963937922555447e-17, -0.13805927479267122], [-1.2246467202362698e-16, 0.0, -0.9999999403953552, 0.03185247230529787], [0.0, 0.0, 0.0, 1.0]], [[0.5175749659538269, 0.6813459396362305, 0.5175749659538269, -0.09957520473003388], [-0.48178431391716003, 0.7319615483283997, -0.48178431391716003, 0.09420857495069504], [-0.7071067690849304, 0.0, 0.7071067690849304, 0.15600746333599091], [0.0, 0.0, 0.0, 1.0]], [[-0.8475692868232727, 0.530684769153595, -3.880715858559059e-17, 0.15595215046405794], [-0.530684769153595, -0.8475692868232727, -1.6878744807108658e-16, 0.09925264751911164], [-1.2246468525851679e-16, -1.2246468525851679e-16, 1.0, 0.04784477615356447], [0.0, 0.0, 0.0, 1.0]], [[0.5306757092475891, 0.8475749492645264, 1.6878703778950275e-16, -0.0994267693758011], [-0.8475749492645264, 0.5306757092475891, -3.880896514804841e-17, 0.15830122900009155], [-1.2246467202362698e-16, -1.2246467202362698e-16, 0.9999999403953552, 0.0002983665168285578], [0.0, 0.0, 0.0, 1.0]], [[0.7319615483283997, -0.6813459396362305, -8.34408185873271e-17, -0.14030865490436556], [-0.6813459396362305, -0.7319615483283997, -8.963943878255857e-17, 0.1321252841949463], [0.0, 1.2246468525851679e-16, -1.0, 0.021657176971435547], [0.0, 0.0, 0.0, 1.0]], [[-0.6813464760780334, -0.7319610714912415, -8.963937922555447e-17, 0.12921688520908356], [-0.7319610714912415, 0.6813464760780334, 8.34408847617761e-17, 0.13822513306140902], [0.0, 1.2246467202362698e-16, -0.9999999403953552, -0.004851984977722168], [0.0, 0.0, 0.0, 1.0]], [[0.22407418489456177, -0.9745720624923706, -9.19094870812001e-17, -0.04225184357166291], [0.9745720624923706, 0.22407418489456177, 1.4679184208057471e-16, -0.18484073138237], [-1.2246467202362698e-16, -1.2246467202362698e-16, 0.9999999403953552, -0.020316980361938457], [0.0, 0.0, 0.0, 1.0]], [[0.1584443747997284, 0.9745720624923706, 0.1584443747997284, -0.02835818845033646], [0.6891264915466309, -0.22407418489456177, 0.6891264915466309, -0.12803987884521484], [0.7071067094802856, 0.0, -0.7071067094802856, -0.1757257149219513], [0.0, 0.0, 0.0, 1.0]], [[0.22407418489456177, -0.9745720624923706, -9.19094870812001e-17, -0.04116678678989411], [0.9745720624923706, 0.22407418489456177, 1.4679184208057471e-16, -0.18291333651542663], [-1.2246467202362698e-16, -1.2246467202362698e-16, 0.9999999403953552, 0.03746276855468752], [0.0, 0.0, 0.0, 1.0]], [[-0.5175749659538269, 0.6813459396362305, -0.5175749659538269, 0.09661207282543183], [0.48178431391716003, 0.7319615483283997, 0.48178431391716003, -0.08808492869138718], [0.7071067690849304, 0.0, -0.7071067690849304, -0.1696580332517624], [0.0, 0.0, 0.0, 1.0]], [[0.6891258955001831, -0.2240782380104065, 0.6891258955001831, -0.13285897994041443], [-0.1584472358226776, -0.974571168422699, -0.1584472358226776, 0.030304538428783417], [0.7071067690849304, 0.0, -0.7071067690849304, -0.16954281795024873], [0.0, 0.0, 0.0, 1.0]], [[-0.1584443747997284, -0.9745720624923706, 0.1584443747997284, 0.030430256068706515], [-0.6891264915466309, 0.22407418489456177, 0.6891264915466309, 0.1311621608734131], [-0.7071067094802856, 8.659559941682064e-17, -0.7071067094802856, 0.16208843159675598], [0.0, 0.0, 0.0, 1.0]], [[-0.5993219614028931, 0.530684769153595, -0.5993219614028931, 0.10878515839576722], [-0.37525078654289246, -0.8475692868232727, -0.37525078654289246, 0.06972019118070603], [-0.7071067690849304, -8.659560603426554e-17, 0.7071067690849304, 0.18219506251811982], [0.0, 0.0, 0.0, 1.0]], [[-1.6252811281889371e-16, -0.6813459396362305, 0.7319615483283997, -0.0014651796817779267], [1.5128918998380102e-16, -0.7319615483283997, -0.6813459396362305, 0.0030356519222259266], [1.0, -2.7192622655495665e-32, 2.220446049250313e-16, -0.1909183006286621], [0.0, 0.0, 0.0, 1.0]], [[2.1639827006374434e-16, 0.2240782380104065, -0.974571168422699, -0.0019596682786941896], [-4.9755363831317843e-17, 0.974571168422699, 0.2240782380104065, 0.00019832408428192984], [1.0, -2.7192622655495665e-32, 2.220446049250313e-16, -0.23305651473999023], [0.0, 0.0, 0.0, 1.0]], [[0.22407418489456177, -0.9745720624923706, -9.19094870812001e-17, -0.0408278523683548], [0.9745720624923706, 0.22407418489456177, 1.4679184208057471e-16, -0.18227453684806824], [-1.2246467202362698e-16, -1.2246467202362698e-16, 0.9999999403953552, -0.041375442504882794], [0.0, 0.0, 0.0, 1.0]], [[-2.122840325155832e-16, 0.29322877526283264, -0.9560422897338867, 0.002236349582672155], [-6.510986755588647e-17, -0.9560422897338867, -0.29322877526283264, 0.00034861901402474555], [-1.0, 0.0, 2.220446049250313e-16, 0.21925004959106448], [0.0, 0.0, 0.0, 1.0]], [[1.178336782031917e-16, 0.8475749492645264, -0.5306757092475891, 0.0021435034275054735], [-1.8819944475379521e-16, 0.5306757092475891, 0.8475749492645264, -0.005157030582427946], [0.9999999403953552, -2.719261971675979e-32, 2.220445916901415e-16, -0.20263984048366548], [0.0, 0.0, 0.0, 1.0]], [[0.22407418489456177, -0.9745720624923706, -9.19094870812001e-17, -0.042374312043190004], [0.9745720624923706, 0.22407418489456177, 1.4679184208057471e-16, -0.18518923258781433], [-1.2246467202362698e-16, -1.2246467202362698e-16, 0.9999999403953552, 0.007799271106719991], [0.0, 0.0, 0.0, 1.0]], [[-0.5993219614028931, -0.530684769153595, -0.5993219614028931, 0.1121285412311554], [-0.37525078654289246, 0.8475692868232727, -0.37525078654289246, 0.07074567335844041], [0.7071067690849304, 0.0, -0.7071067690849304, -0.1651092051267624], [0.0, 0.0, 0.0, 1.0]], [[-0.7319615483283997, 0.6813459396362305, 8.963943878255857e-17, 0.1399197531938553], [0.6813459396362305, 0.7319615483283997, -8.34408185873271e-17, -0.13011306953430177], [-1.2246468525851679e-16, 0.0, -1.0, -0.04288823318481443], [0.0, 0.0, 0.0, 1.0]], [[-0.6813464760780334, 0.7319610714912415, 0.0, 0.12696019518375398], [-0.7319610714912415, -0.6813464760780334, 0.0, 0.13397172844409944], [0.0, 0.0, 0.9999999403953552, 0.02361890983581543], [0.0, 0.0, 0.0, 1.0]], [[-0.8475692868232727, -0.530684769153595, 1.0379730332833858e-16, 0.15778151810169222], [-0.530684769153595, 0.8475692868232727, 6.499014474274799e-17, 0.09981375229358674], [-1.2246468525851679e-16, 0.0, -1.0, 0.03714849853515627], [0.0, 0.0, 0.0, 1.0]], [[2.1639827006374434e-16, 0.2240782380104065, -0.974571168422699, 0.0005388458967208495], [-4.9755363831317843e-17, 0.974571168422699, 0.2240782380104065, 0.0002878194451332177], [1.0, -2.7192622655495665e-32, 2.220446049250313e-16, -0.21488981246948244], [0.0, 0.0, 0.0, 1.0]], [[-0.6813464760780334, 0.7319610714912415, 0.0, 0.13275669443607332], [-0.7319610714912415, -0.6813464760780334, 0.0, 0.14117978489398958], [0.0, 0.0, 0.9999999403953552, 0.009625772476196288], [0.0, 0.0, 0.0, 1.0]], [[0.22407418489456177, -0.9745720624923706, -9.19094870812001e-17, -0.04213577520847321], [0.9745720624923706, 0.22407418489456177, 1.4679184208057471e-16, -0.18808159327507018], [-1.2246467202362698e-16, -1.2246467202362698e-16, 0.9999999403953552, -0.01126439094543455], [0.0, 0.0, 0.0, 1.0]], [[-0.6760239601135254, -0.29322877526283264, -0.6760239601135254, 0.1318796510696411], [-0.20734405517578125, 0.9560422897338867, -0.20734405517578125, 0.03978692388534546], [0.7071067690849304, 8.659560603426554e-17, -0.7071067690849304, -0.17831673228740694], [0.0, 0.0, 0.0, 1.0]], [[-0.8475692868232727, -0.530684769153595, 1.0379730332833858e-16, 0.15914838898181916], [-0.530684769153595, 0.8475692868232727, 6.499014474274799e-17, 0.10023299801349642], [-1.2246468525851679e-16, 0.0, -1.0, -0.0433723678588867], [0.0, 0.0, 0.0, 1.0]], [[-0.22407418489456177, 0.9745720624923706, 0.0, 0.04308003437519074], [-0.9745720624923706, -0.22407418489456177, 0.0, 0.18036770701408386], [0.0, 0.0, 0.9999999403953552, -0.04456460571289063], [0.0, 0.0, 0.0, 1.0]], [[0.9560422897338867, 0.29322877526283264, -1.1708142030180128e-16, -0.17596928501129153], [0.29322877526283264, -0.9560422897338867, -3.5910170248360426e-17, -0.05524155670404435], [-1.2246468525851679e-16, 0.0, -1.0, 0.0008033060431480616], [0.0, 0.0, 0.0, 1.0]], [[0.03579118475317955, 0.9993593096733093, 1.2676938610580194e-16, -0.006153277806937695], [-0.9993593096733093, 0.03579118475317955, -1.1800307155775277e-16, 0.18960049998760226], [-1.2246468525851679e-16, -1.2246468525851679e-16, 1.0, -0.025987724304199197], [0.0, 0.0, 0.0, 1.0]], [[0.5175749659538269, 0.6813459396362305, -0.5175749659538269, -0.10006641376018525], [-0.48178431391716003, 0.7319615483283997, 0.48178431391716003, 0.09499311035871506], [0.7071067690849304, 0.0, 0.7071067690849304, -0.1696580332517624], [0.0, 0.0, 0.0, 1.0]], [[4.9754463858811386e-17, -0.9745720624923706, -0.22407418489456177, 0.001700435042381278], [2.1639846858709135e-16, 0.22407418489456177, -0.9745720624923706, 0.0028078310489654174], [0.9999999403953552, -2.719261971675979e-32, 2.220445916901415e-16, -0.21784007012844087], [0.0, 0.0, 0.0, 1.0]], [[-0.974571168422699, 0.2240782380104065, 2.744167049933239e-17, 0.18663333261013032], [0.2240782380104065, 0.974571168422699, 1.1935055539304655e-16, -0.04225388300418854], [0.0, 1.2246468525851679e-16, -1.0, 0.004639462947845459], [0.0, 0.0, 0.0, 1.0]], [[-0.5306757092475891, -0.8475749492645264, 0.0, 0.10185862457752229], [0.8475749492645264, -0.5306757092475891, 0.0, -0.16256638097763063], [0.0, 0.0, 0.9999999403953552, 0.04586599349975586], [0.0, 0.0, 0.0, 1.0]], [[0.22407418489456177, -0.9745720624923706, -9.19094870812001e-17, -0.04224827015399933], [0.9745720624923706, 0.22407418489456177, 1.4679184208057471e-16, -0.18494056391716004], [-1.2246467202362698e-16, -1.2246467202362698e-16, 0.9999999403953552, 0.027738155364990257], [0.0, 0.0, 0.0, 1.0]], [[0.6760239601135254, -0.29322877526283264, -0.6760239601135254, -0.12500945377349854], [0.20734405517578125, 0.9560422897338867, -0.20734405517578125, -0.03900381708145142], [0.7071067690849304, -8.659560603426554e-17, 0.7071067690849304, -0.17831673228740694], [0.0, 0.0, 0.0, 1.0]], [[0.974571168422699, -0.2240782380104065, -1.1935055539304655e-16, -0.18934489572048188], [-0.2240782380104065, -0.974571168422699, 2.744167049933239e-17, 0.042693802475929264], [-1.2246468525851679e-16, 0.0, -1.0, 0.03207390213012697], [0.0, 0.0, 0.0, 1.0]], [[-0.6813464760780334, -0.7319610714912415, -8.963937922555447e-17, 0.1269581962823868], [-0.7319610714912415, 0.6813464760780334, 8.34408847617761e-17, 0.13396794426441194], [0.0, 1.2246467202362698e-16, -0.9999999403953552, -0.01851419448852539], [0.0, 0.0, 0.0, 1.0]], [[0.9560422897338867, -0.29322877526283264, 8.117124674471841e-17, -0.17792974090576175], [0.29322877526283264, 0.9560422897338867, 1.5299159385888416e-16, -0.05531177288293839], [-1.2246468525851679e-16, -1.2246468525851679e-16, 1.0, -0.008892201423644998], [0.0, 0.0, 0.0, 1.0]], [[-0.3752443790435791, -0.8475749492645264, 0.3752443790435791, 0.07343993520736694], [0.599325954914093, -0.5306757092475891, -0.599325954914093, -0.11902896130084992], [0.7071067094802856, 0.0, 0.7071067094802856, -0.14699012684822083], [0.0, 0.0, 0.0, 1.0]], [[2.122840325155832e-16, 0.29322877526283264, 0.9560422897338867, 0.003718294143676722], [6.510986755588647e-17, -0.9560422897338867, 0.29322877526283264, 0.0004016945362090954], [1.0, 0.0, -2.220446049250313e-16, -0.19889220237731936], [0.0, 0.0, 0.0, 1.0]], [[0.5993219614028931, 0.530684769153595, 0.5993219614028931, -0.11426758408546449], [0.37525078654289246, -0.8475692868232727, 0.37525078654289246, -0.07143671101331711], [0.7071067690849304, 8.659560603426554e-17, -0.7071067690849304, -0.15727579295635224], [0.0, 0.0, 0.0, 1.0]], [[0.5993219614028931, 0.530684769153595, 0.5993219614028931, -0.11904878830909729], [0.37525078654289246, -0.8475692868232727, 0.37525078654289246, -0.07290319794416429], [0.7071067690849304, 8.659560603426554e-17, -0.7071067690849304, -0.1523777025938034], [0.0, 0.0, 0.0, 1.0]], [[-0.9560422897338867, -0.29322877526283264, -3.5910170248360426e-17, 0.1870626735687256], [-0.29322877526283264, 0.9560422897338867, 1.1708142030180128e-16, 0.05617591816186906], [0.0, 1.2246468525851679e-16, -1.0, -0.034347259521484375], [0.0, 0.0, 0.0, 1.0]], [[-7.947239478318557e-18, -0.9993593096733093, -0.03579118475317955, 0.0007560378909111037], [2.21902343094562e-16, -0.03579118475317955, 0.9993593096733093, -0.0006331197023392101], [-1.0, 0.0, 2.220446049250313e-16, 0.2040387420654297], [0.0, 0.0, 0.0, 1.0]], [[0.6813464760780334, -0.7319610714912415, -6.198494463778364e-18, -0.12645425093173981], [0.7319610714912415, 0.6813464760780334, 1.7308026398733057e-16, -0.13715281212329866], [-1.2246467202362698e-16, -1.2246467202362698e-16, 0.9999999403953552, -0.020782211303710916], [0.0, 0.0, 0.0, 1.0]], [[0.5175749659538269, -0.6813459396362305, 0.5175749659538269, -0.10106540286540985], [-0.48178431391716003, -0.7319615483283997, -0.48178431391716003, 0.0965886761546135], [0.7071067690849304, 8.659560603426554e-17, -0.7071067690849304, -0.15345696437358858], [0.0, 0.0, 0.0, 1.0]], [[-0.22407418489456177, 0.9745720624923706, 0.0, 0.04293140041828156], [-0.9745720624923706, -0.22407418489456177, 0.0, 0.18451783061027527], [0.0, 0.0, 0.9999999403953552, 0.016730239868164062], [0.0, 0.0, 0.0, 1.0]], [[0.3752443790435791, -0.8475749492645264, -0.3752443790435791, -0.06985131740570069], [-0.599325954914093, -0.5306757092475891, 0.599325954914093, 0.1109920951128006], [-0.7071067094802856, 0.0, -0.7071067094802856, 0.16228785252571107], [0.0, 0.0, 0.0, 1.0]], [[1.6252811281889371e-16, 0.6813459396362305, 0.7319615483283997, 0.000515361309051486], [-1.5128918998380102e-16, 0.7319615483283997, -0.6813459396362305, -0.00012756982445714287], [-1.0, 0.0, 2.220446049250313e-16, 0.220733829498291], [0.0, 0.0, 0.0, 1.0]], [[-0.8475692868232727, -0.530684769153595, 1.0379730332833858e-16, 0.16193338787555697], [-0.530684769153595, 0.8475692868232727, 6.499014474274799e-17, 0.10108722031116486], [-1.2246468525851679e-16, 0.0, -1.0, 0.04446160507202151], [0.0, 0.0, 0.0, 1.0]], [[2.122840325155832e-16, 0.29322877526283264, 0.9560422897338867, 0.005414638519287073], [6.510986755588647e-17, -0.9560422897338867, 0.29322877526283264, 0.0004624508917331585], [1.0, 0.0, -2.220446049250313e-16, -0.22434725952148438], [0.0, 0.0, 0.0, 1.0]], [[-0.6760239601135254, 0.29322877526283264, 0.6760239601135254, 0.13027666664123536], [-0.20734405517578125, -0.9560422897338867, 0.20734405517578125, 0.039729512214660645], [0.7071067690849304, 0.0, 0.7071067690849304, -0.15924009883403778], [0.0, 0.0, 0.0, 1.0]], [[0.03579118475317955, 0.9993593096733093, 1.2676938610580194e-16, -0.006776449285447598], [-0.9993593096733093, 0.03579118475317955, -1.1800307155775277e-16, 0.19163237559795382], [-1.2246468525851679e-16, -1.2246468525851679e-16, 1.0, -0.03702542877197264], [0.0, 0.0, 0.0, 1.0]], [[0.974571168422699, 0.2240782380104065, 1.4679222589237894e-16, -0.18712819039821627], [-0.2240782380104065, 0.974571168422699, 9.190888489371416e-17, 0.042773189187049865], [-1.2246468525851679e-16, -1.2246468525851679e-16, 1.0, -0.04305651473999021], [0.0, 0.0, 0.0, 1.0]], [[0.22407418489456177, -0.9745720624923706, -9.19094870812001e-17, -0.041547172188758856], [0.9745720624923706, 0.22407418489456177, 1.4679184208057471e-16, -0.18363026881217956], [-1.2246467202362698e-16, -1.2246467202362698e-16, 0.9999999403953552, -0.012398446083068827], [0.0, 0.0, 0.0, 1.0]], [[-1.8819818743926413e-16, 0.530684769153595, 0.8475692868232727, -0.002005307674407927], [-1.1783568990644144e-16, -0.8475692868232727, 0.530684769153595, -0.0006325416564941206], [1.0, -2.7192622655495665e-32, 2.220446049250313e-16, -0.19346157264709474], [0.0, 0.0, 0.0, 1.0]], [[-0.5993219614028931, -0.530684769153595, -0.5993219614028931, 0.11198139691352846], [-0.37525078654289246, 0.8475692868232727, -0.37525078654289246, 0.07070054119825364], [0.7071067690849304, 0.0, -0.7071067690849304, -0.17772265422344208], [0.0, 0.0, 0.0, 1.0]], [[0.5175749659538269, 0.6813459396362305, -0.5175749659538269, -0.10106540286540985], [-0.48178431391716003, 0.7319615483283997, 0.48178431391716003, 0.0965886761546135], [0.7071067690849304, 0.0, 0.7071067690849304, -0.15345696437358858], [0.0, 0.0, 0.0, 1.0]], [[2.122840325155832e-16, -0.29322877526283264, -0.9560422897338867, 0.003718294143676722], [6.510986755588647e-17, 0.9560422897338867, -0.29322877526283264, 0.0004016945362090954], [1.0, -2.7192622655495665e-32, 2.220446049250313e-16, -0.19889220237731936], [0.0, 0.0, 0.0, 1.0]], [[0.6813464760780334, -0.7319610714912415, -6.198494463778364e-18, -0.12615496695041659], [0.7319610714912415, 0.6813464760780334, 1.7308026398733057e-16, -0.13696542179584503], [-1.2246467202362698e-16, -1.2246467202362698e-16, 0.9999999403953552, 0.00962577247619631], [0.0, 0.0, 0.0, 1.0]], [[0.5993219614028931, -0.530684769153595, -0.5993219614028931, -0.11576094841957094], [0.37525078654289246, 0.8475692868232727, -0.37525078654289246, -0.07189475792646409], [0.7071067690849304, 0.0, 0.7071067690849304, -0.17772265422344208], [0.0, 0.0, 0.0, 1.0]], [[-2.1639827006374434e-16, 0.2240782380104065, 0.974571168422699, -0.0049423146247863405], [4.9755363831317843e-17, 0.974571168422699, -0.2240782380104065, 9.149956703185189e-05], [-1.0, 2.7192622655495665e-32, -2.220446049250313e-16, 0.2006758613586426], [0.0, 0.0, 0.0, 1.0]], [[-1.6252811281889371e-16, 0.6813459396362305, -0.7319615483283997, -0.0014651796817779267], [1.5128918998380102e-16, 0.7319615483283997, 0.6813459396362305, 0.0030356519222259266], [1.0, 0.0, -2.220446049250313e-16, -0.1909183006286621], [0.0, 0.0, 0.0, 1.0]], [[-0.6813464760780334, -0.7319610714912415, -8.963937922555447e-17, 0.13143498384952546], [-0.7319610714912415, 0.6813464760780334, 8.34408847617761e-17, 0.1403522378206253], [0.0, 1.2246467202362698e-16, -0.9999999403953552, -0.0412636833190918], [0.0, 0.0, 0.0, 1.0]], [[0.6760239601135254, 0.29322877526283264, -0.6760239601135254, -0.12620820236206057], [0.20734405517578125, -0.9560422897338867, -0.20734405517578125, -0.039046751499176025], [-0.7071067690849304, 0.0, -0.7071067690849304, 0.16360033595561982], [0.0, 0.0, 0.0, 1.0]], [[1.8819818743926413e-16, -0.530684769153595, 0.8475692868232727, -0.004255360603332552], [1.1783568990644144e-16, 0.8475692868232727, 0.530684769153595, -0.0013226767778396805], [-1.0, 0.0, 2.220446049250313e-16, 0.2033341522216797], [0.0, 0.0, 0.0, 1.0]], [[-7.947239478318557e-18, 0.9993593096733093, 0.03579118475317955, 4.817076772451536e-05], [2.21902343094562e-16, 0.03579118475317955, -0.9993593096733093, 0.0016748892068862537], [-1.0, 2.7192622655495665e-32, -2.220446049250313e-16, 0.22877394866943362], [0.0, 0.0, 0.0, 1.0]], [[0.5306757092475891, -0.8475749492645264, -6.498903301200472e-17, -0.09915656864643098], [-0.8475749492645264, -0.5306757092475891, 1.0379799816005313e-16, 0.1574202332496643], [-1.2246467202362698e-16, 0.0, -0.9999999403953552, -0.042540817260742166], [0.0, 0.0, 0.0, 1.0]], [[-4.9754463858811386e-17, -0.9745720624923706, 0.22407418489456177, 0.00032582479715348136], [-2.1639846858709135e-16, 0.22407418489456177, 0.9745720624923706, 0.0002281271219253908], [-0.9999999403953552, 2.719261971675979e-32, -2.220445916901415e-16, 0.21773814523220064], [0.0, 0.0, 0.0, 1.0]], [[-0.4817847013473511, 0.7319610714912415, 0.4817847013473511, 0.09642605948448181], [-0.5175746083259583, -0.6813464760780334, 0.5175746083259583, 0.10143944561481477], [0.7071067094802856, 0.0, 0.7071067094802856, -0.16899644780158998], [0.0, 0.0, 0.0, 1.0]], [[-0.4817847013473511, 0.7319610714912415, 0.4817847013473511, 0.09163409972190857], [-0.5175746083259583, -0.6813464760780334, 0.5175746083259583, 0.09843910229206086], [0.7071067094802856, 0.0, 0.7071067094802856, -0.16163132786750795], [0.0, 0.0, 0.0, 1.0]], [[-0.6813464760780334, -0.7319610714912415, -8.963937922555447e-17, 0.13100966227054597], [-0.7319610714912415, 0.6813464760780334, 8.34408847617761e-17, 0.14008593285083773], [0.0, 1.2246467202362698e-16, -0.9999999403953552, 0.03185247230529785], [0.0, 0.0, 0.0, 1.0]], [[4.9754463858811386e-17, 0.9745720624923706, 0.22407418489456177, 0.0003675818741321479], [2.1639846858709135e-16, -0.22407418489456177, 0.9745720624923706, 0.0002957097291946043], [0.9999999403953552, 0.0, -2.220445916901415e-16, -0.19485197389125825], [0.0, 0.0, 0.0, 1.0]], [[-1.8819818743926413e-16, -0.530684769153595, -0.8475692868232727, 0.0006913364529610001], [-1.1783568990644144e-16, 0.8475692868232727, -0.530684769153595, 0.0001945762932300768], [1.0, 0.0, -2.220446049250313e-16, -0.20007764625549318], [0.0, 0.0, 0.0, 1.0]], [[0.6891258955001831, -0.2240782380104065, -0.6891258955001831, -0.13002508807182311], [-0.1584472358226776, -0.974571168422699, 0.1584472358226776, 0.030406046092510224], [-0.7071067690849304, 0.0, -0.7071067690849304, 0.1747830446958542], [0.0, 0.0, 0.0, 1.0]], [[-0.025308189913630486, 0.9993593096733093, -0.025308189913630486, 0.005455603402107954], [0.7066537141799927, 0.03579118475317955, 0.7066537141799927, -0.13454197430610657], [0.7071067690849304, 8.659560603426554e-17, -0.7071067690849304, -0.16033801066875458], [0.0, 0.0, 0.0, 1.0]], [[-0.6760239601135254, 0.29322877526283264, -0.6760239601135254, 0.13445736598968508], [-0.20734405517578125, -0.9560422897338867, -0.20734405517578125, 0.039879215240478515], [-0.7071067690849304, 0.0, 0.7071067690849304, 0.17195943248271944], [0.0, 0.0, 0.0, 1.0]], [[-0.22407418489456177, -0.9745720624923706, -1.1935066127216496e-16, 0.04269217264652253], [-0.9745720624923706, 0.22407418489456177, 2.7441174190964858e-17, 0.1849941565990448], [0.0, 1.2246467202362698e-16, -0.9999999403953552, 0.02537794876098633], [0.0, 0.0, 0.0, 1.0]], [[-2.1639827006374434e-16, -0.2240782380104065, -0.974571168422699, -0.0041763730049132934], [4.9755363831317843e-17, -0.974571168422699, 0.2240782380104065, 0.00011893747001885522], [-1.0, 0.0, 2.220446049250313e-16, 0.22207390213012695], [0.0, 0.0, 0.0, 1.0]], [[-0.9560422897338867, 0.29322877526283264, 0.0, 0.18508313369750978], [-0.29322877526283264, -0.9560422897338867, 0.0, 0.05610502058267594], [0.0, 0.0, 1.0, -0.043966445922851566], [0.0, 0.0, 0.0, 1.0]], [[1.8819818743926413e-16, -0.530684769153595, 0.8475692868232727, -0.0032566466331482254], [1.1783568990644144e-16, 0.8475692868232727, 0.530684769153595, -0.0010163537263870438], [-1.0, 0.0, 2.220446049250313e-16, 0.22714849853515626], [0.0, 0.0, 0.0, 1.0]], [[1.178336782031917e-16, 0.8475749492645264, -0.5306757092475891, 0.0022071762084960736], [-1.8819944475379521e-16, 0.5306757092475891, 0.8475749492645264, -0.005364647865295378], [0.9999999403953552, -2.719261971675979e-32, 2.220445916901415e-16, -0.21145619714260103], [0.0, 0.0, 0.0, 1.0]], [[-0.8475692868232727, -0.530684769153595, 1.0379730332833858e-16, 0.1625258427858353], [-0.530684769153595, 0.8475692868232727, 6.499014474274799e-17, 0.10126893341541292], [-1.2246468525851679e-16, 0.0, -1.0, 0.003664156436920187], [0.0, 0.0, 0.0, 1.0]], [[0.6813464760780334, 0.7319610714912415, -8.34408847617761e-17, -0.12929993879795076], [0.7319610714912415, -0.6813464760780334, -8.963937922555447e-17, -0.13917590153217316], [-1.2246467202362698e-16, 0.0, -0.9999999403953552, -0.035328987121582014], [0.0, 0.0, 0.0, 1.0]], [[-0.5993219614028931, -0.530684769153595, -0.5993219614028931, 0.11347476124763489], [-0.37525078654289246, 0.8475692868232727, -0.37525078654289246, 0.07115858763456345], [0.7071067690849304, 0.0, -0.7071067690849304, -0.15727579295635224], [0.0, 0.0, 0.0, 1.0]], [[0.6813464760780334, 0.7319610714912415, -8.34408847617761e-17, -0.12865504896640778], [0.7319610714912415, -0.6813464760780334, -8.963937922555447e-17, -0.13796042835712435], [-1.2246467202362698e-16, 0.0, -0.9999999403953552, 0.03746276855468752], [0.0, 0.0, 0.0, 1.0]], [[0.7319615483283997, 0.6813459396362305, 0.0, -0.1392902899980545], [-0.6813459396362305, 0.7319615483283997, 0.0, 0.13049880409240724], [0.0, 0.0, 1.0, 0.043675136566162114], [0.0, 0.0, 0.0, 1.0]], [[0.22407418489456177, -0.9745720624923706, -9.19094870812001e-17, -0.03969017589092255], [0.9745720624923706, 0.22407418489456177, 1.4679184208057471e-16, -0.18013028502464296], [-1.2246467202362698e-16, -1.2246467202362698e-16, 0.9999999403953552, 0.04502053451538088], [0.0, 0.0, 0.0, 1.0]], [[0.9560422897338867, 0.29322877526283264, -1.1708142030180128e-16, -0.17623339653015138], [0.29322877526283264, -0.9560422897338867, -3.5910170248360426e-17, -0.05525101619958878], [-1.2246468525851679e-16, 0.0, -1.0, -0.034347259521484354], [0.0, 0.0, 0.0, 1.0]], [[-0.5993219614028931, -0.530684769153595, 0.5993219614028931, 0.11476639676094057], [-0.37525078654289246, 0.8475692868232727, 0.37525078654289246, 0.07155476301908494], [-0.7071067690849304, 0.0, -0.7071067690849304, 0.17881189143657686], [0.0, 0.0, 0.0, 1.0]], [[0.22407418489456177, 0.9745720624923706, -2.7441174190964858e-17, -0.04213577520847321], [0.9745720624923706, -0.22407418489456177, -1.1935066127216496e-16, -0.18808159327507018], [-1.2246467202362698e-16, 0.0, -0.9999999403953552, -0.01126439094543455], [0.0, 0.0, 0.0, 1.0]], [[-0.974571168422699, -0.2240782380104065, 0.0, 0.18099214875698091], [0.2240782380104065, -0.974571168422699, 0.0, -0.042455927968025206], [0.0, 0.0, 1.0, 0.03207390213012695], [0.0, 0.0, 0.0, 1.0]], [[-1.5128930909780923e-16, 0.7319610714912415, -0.6813464760780334, -0.0023592572212218985], [-1.625280069397753e-16, -0.6813464760780334, -0.7319610714912415, -0.004843822479248019], [-0.9999999403953552, 0.0, 2.220445916901415e-16, 0.19724177491664888], [0.0, 0.0, 0.0, 1.0]], [[0.6891258955001831, 0.2240782380104065, -0.6891258955001831, -0.13285897994041443], [-0.1584472358226776, 0.974571168422699, 0.1584472358226776, 0.030304538428783417], [0.7071067690849304, -8.659560603426554e-17, 0.7071067690849304, -0.16954281795024873], [0.0, 0.0, 0.0, 1.0]], [[0.8475692868232727, 0.530684769153595, 6.499014474274799e-17, -0.1627807961702347], [0.530684769153595, -0.8475692868232727, -1.0379730332833858e-16, -0.10138208210468294], [0.0, 1.2246468525851679e-16, -1.0, -0.030758918762207033], [0.0, 0.0, 0.0, 1.0]], [[-0.03579118475317955, 0.9993593096733093, 1.2238622883177736e-16, 0.00682420089095831], [0.9993593096733093, 0.03579118475317955, 4.38315603325367e-18, -0.1881241625547409], [0.0, 1.2246468525851679e-16, -1.0, -0.03702542877197266], [0.0, 0.0, 0.0, 1.0]], [[-4.9754463858811386e-17, 0.9745720624923706, -0.22407418489456177, 0.0014073082208633507], [-2.1639846858709135e-16, -0.22407418489456177, -0.9745720624923706, 0.0022553553581238163], [-0.9999999403953552, 0.0, 2.220445916901415e-16, 0.2274627584218979], [0.0, 0.0, 0.0, 1.0]], [[-0.1584443747997284, 0.9745720624923706, -0.1584443747997284, 0.030541188895702367], [-0.6891264915466309, -0.22407418489456177, -0.6891264915466309, 0.128064697265625], [-0.7071067094802856, 0.0, 0.7071067094802856, 0.1809138367176056], [0.0, 0.0, 0.0, 1.0]], [[0.4817847013473511, 0.7319610714912415, 0.4817847013473511, -0.09138320231437683], [0.5175746083259583, -0.6813464760780334, 0.5175746083259583, -0.09844247353076935], [0.7071067094802856, 0.0, -0.7071067094802856, -0.1696792633533478], [0.0, 0.0, 0.0, 1.0]], [[7.947239478318557e-18, -0.9993593096733093, 0.03579118475317955, 0.0006470472812652575], [-2.21902343094562e-16, -0.03579118475317955, -0.9993593096733093, -0.00027776867151256605], [1.0, 0.0, -2.220446049250313e-16, -0.21598772430419924], [0.0, 0.0, 0.0, 1.0]], [[-0.8475692868232727, -0.530684769153595, 1.0379730332833858e-16, 0.1558605490922928], [-0.530684769153595, 0.8475692868232727, 6.499014474274799e-17, 0.09922455799579621], [-1.2246468525851679e-16, 0.0, -1.0, -0.01802741813659666], [0.0, 0.0, 0.0, 1.0]], [[-0.025308189913630486, 0.9993593096733093, 0.025308189913630486, 0.005459335368126631], [0.7066537141799927, 0.03579118475317955, -0.7066537141799927, -0.13455413556098939], [-0.7071067690849304, 8.659560603426554e-17, -0.7071067690849304, 0.1802162798643112], [0.0, 0.0, 0.0, 1.0]], [[0.025308189913630486, 0.9993593096733093, 0.025308189913630486, -0.004876873534172773], [-0.7066537141799927, 0.03579118475317955, -0.7066537141799927, 0.13631888699531555], [-0.7071067690849304, -8.659560603426554e-17, 0.7071067690849304, 0.16490628612041475], [0.0, 0.0, 0.0, 1.0]], [[-0.6813464760780334, -0.7319610714912415, -8.963937922555447e-17, 0.12709657347202302], [-0.7319610714912415, 0.6813464760780334, 8.34408847617761e-17, 0.13422878086566925], [0.0, 1.2246467202362698e-16, -0.9999999403953552, 0.007241786003112793], [0.0, 0.0, 0.0, 1.0]], [[0.974571168422699, -0.2240782380104065, -1.1935055539304655e-16, -0.19011083734035494], [-0.2240782380104065, -0.974571168422699, 2.744167049933239e-17, 0.04266636478900909], [-1.2246468525851679e-16, 0.0, -1.0, 0.0106758613586426], [0.0, 0.0, 0.0, 1.0]], [[0.22407418489456177, -0.9745720624923706, -9.19094870812001e-17, -0.042137337327003484], [0.9745720624923706, 0.22407418489456177, 1.4679184208057471e-16, -0.18803802752494814], [-1.2246467202362698e-16, -1.2246467202362698e-16, 0.9999999403953552, 0.046563560485839865], [0.0, 0.0, 0.0, 1.0]], [[-0.5175749659538269, 0.6813459396362305, 0.5175749659538269, 0.09812164771556856], [0.48178431391716003, 0.7319615483283997, -0.48178431391716003, -0.09049594372510911], [-0.7071067690849304, 0.0, -0.7071067690849304, 0.1780254229307175], [0.0, 0.0, 0.0, 1.0]], [[-1.6252811281889371e-16, -0.6813459396362305, 0.7319615483283997, -0.0018358472585677825], [1.5128918998380102e-16, -0.7319615483283997, -0.6813459396362305, 0.003627670288085912], [1.0, -2.7192622655495665e-32, 2.220446049250313e-16, -0.21645408248901368], [0.0, 0.0, 0.0, 1.0]], [[-0.6813464760780334, -0.7319610714912415, -8.963937922555447e-17, 0.1295508371591568], [-0.7319610714912415, 0.6813464760780334, 8.34408847617761e-17, 0.13917253029346469], [0.0, 1.2246467202362698e-16, -0.9999999403953552, -0.027281053543090822], [0.0, 0.0, 0.0, 1.0]], [[0.5993219614028931, -0.530684769153595, 0.5993219614028931, -0.11712781929969789], [0.37525078654289246, 0.8475692868232727, 0.37525078654289246, -0.07231400269269944], [-0.7071067690849304, 0.0, 0.7071067690849304, 0.17149878489971163], [0.0, 0.0, 0.0, 1.0]], [[0.5993219614028931, -0.530684769153595, -0.5993219614028931, -0.11561380410194398], [0.37525078654289246, 0.8475692868232727, -0.37525078654289246, -0.07184962528944017], [0.7071067690849304, 0.0, 0.7071067690849304, -0.1651092051267624], [0.0, 0.0, 0.0, 1.0]], [[-0.025308189913630486, -0.9993593096733093, 0.025308189913630486, 0.005455603402107954], [0.7066537141799927, -0.03579118475317955, -0.7066537141799927, -0.13454197430610657], [0.7071067690849304, 0.0, 0.7071067690849304, -0.16033801066875458], [0.0, 0.0, 0.0, 1.0]], [[-0.6760239601135254, 0.29322877526283264, 0.6760239601135254, 0.1318796510696411], [-0.20734405517578125, -0.9560422897338867, 0.20734405517578125, 0.03978692388534546], [0.7071067690849304, 0.0, 0.7071067690849304, -0.17831673228740694], [0.0, 0.0, 0.0, 1.0]], [[-0.5306757092475891, 0.8475749492645264, 1.0379799816005313e-16, 0.10123172104358674], [0.8475749492645264, 0.5306757092475891, 6.498903301200472e-17, -0.16052234601974488], [0.0, 1.2246467202362698e-16, -0.9999999403953552, -0.03702542877197266], [0.0, 0.0, 0.0, 1.0]], [[-0.6891258955001831, -0.2240782380104065, -0.6891258955001831, 0.13184275221824646], [0.1584472358226776, -0.974571168422699, 0.1584472358226776, -0.02980390352010727], [-0.7071067690849304, 0.0, 0.7071067690849304, 0.1747830446958542], [0.0, 0.0, 0.0, 1.0]], [[0.6813464760780334, 0.7319610714912415, -8.34408847617761e-17, -0.12887198984622958], [0.7319610714912415, -0.6813464760780334, -8.963937922555447e-17, -0.13866660797595978], [-1.2246467202362698e-16, 0.0, -0.9999999403953552, -0.010675848960876444], [0.0, 0.0, 0.0, 1.0]], [[-0.22407418489456177, 0.9745720624923706, 0.0, 0.04277387821674347], [-0.9745720624923706, -0.22407418489456177, 0.0, 0.18514815020561218], [0.0, 0.0, 0.9999999403953552, 0.0077992711067199705], [0.0, 0.0, 0.0, 1.0]], [[0.4817847013473511, 0.7319610714912415, 0.4817847013473511, -0.09403672766685486], [0.5175746083259583, -0.6813464760780334, 0.5175746083259583, -0.10344383442401886], [0.7071067094802856, 0.0, -0.7071067094802856, -0.15286447072029113], [0.0, 0.0, 0.0, 1.0]], [[-0.22407418489456177, -0.9745720624923706, -1.1935066127216496e-16, 0.04432033789157868], [-0.9745720624923706, 0.22407418489456177, 2.7441174190964858e-17, 0.18806284594535827], [0.0, 1.2246467202362698e-16, -0.9999999403953552, -0.041375442504882814], [0.0, 0.0, 0.0, 1.0]], [[2.122840325155832e-16, 0.29322877526283264, 0.9560422897338867, 0.0018775084018706916], [6.510986755588647e-17, -0.9560422897338867, 0.29322877526283264, 0.00033576896786688653], [1.0, 0.0, -2.220446049250313e-16, -0.20655797195434572], [0.0, 0.0, 0.0, 1.0]], [[-0.6760239601135254, -0.29322877526283264, 0.6760239601135254, 0.1308013486862183], [-0.20734405517578125, 0.9560422897338867, 0.20734405517578125, 0.03974830198287964], [-0.7071067690849304, 8.659560603426554e-17, -0.7071067690849304, 0.18032368266582488], [0.0, 0.0, 0.0, 1.0]], [[-0.22407418489456177, 0.9745720624923706, 0.0, 0.042941677212715156], [-0.9745720624923706, -0.22407418489456177, 0.0, 0.18546440196037292], [0.0, 0.0, 0.9999999403953552, -0.004851984977722168], [0.0, 0.0, 0.0, 1.0]], [[-2.1639827006374434e-16, 0.2240782380104065, 0.974571168422699, -0.005324973106384241], [4.9755363831317843e-17, 0.974571168422699, -0.2240782380104065, 7.782974839209664e-05], [-1.0, 2.7192622655495665e-32, -2.220446049250313e-16, 0.2345727767944336], [0.0, 0.0, 0.0, 1.0]], [[-0.974571168422699, -0.2240782380104065, 0.0, 0.1797054456472397], [0.2240782380104065, -0.974571168422699, 0.0, -0.042501976609230045], [0.0, 0.0, 1.0, -0.005348647117614746], [0.0, 0.0, 0.0, 1.0]], [[0.9560422897338867, -0.29322877526283264, 8.117124674471841e-17, -0.17563522243499757], [0.29322877526283264, 0.9560422897338867, 1.5299159385888416e-16, -0.055229622423648844], [-1.2246468525851679e-16, -1.2246468525851679e-16, 1.0, 0.037609146118164086], [0.0, 0.0, 0.0, 1.0]], [[0.5175749659538269, -0.6813459396362305, -0.5175749659538269, -0.09980856597423554], [-0.48178431391716003, -0.7319615483283997, 0.48178431391716003, 0.09458128899335862], [-0.7071067690849304, 8.659560603426554e-17, -0.7071067690849304, 0.17105866420269014], [0.0, 0.0, 0.0, 1.0]], [[0.8475692868232727, -0.530684769153595, 0.0, -0.16292794048786163], [0.530684769153595, 0.8475692868232727, 0.0, -0.10142721378803254], [0.0, 0.0, 1.0, -0.04337236785