{"co_parameters": [[[0.9950041652780257, -0.09983341664682817, 0.0, 0.792], [0.09983341664682817, 0.9950041652780257, 0.0, -0.074], [0.0, 0.0, 1.0, 0.865], [0.0, 0.0, 0.0, 1.0]], [[0.9333101009578479, -0.3590713793245735, 0.0, 0.792], [0.3590713793245735, 0.9333101009578479, 0.0, -0.074], [0.0, 0.0, 1.0, 0.865], [0.0, 0.0, 0.0, 1.0]], [[0.8053412394385049, -0.5928115114095313, 0.0, 0.792], [0.5928115114095313, 0.8053412394385049, 0.0, -0.074], [0.0, 0.0, 1.0, 0.865], [0.0, 0.0, 0.0, 1.0]], [[0.6201847108563772, -0.7844558141922283, 0.0, 0.792], [0.7844558141922283, 0.6201847108563772, 0.0, -0.074], [0.0, 0.0, 1.0, 0.865], [0.0, 0.0, 0.0, 1.0]], [[0.39098856897118317, -0.9203955339601918, 0.0, 0.792], [0.9203955339601918, 0.39098856897118317, 0.0, -0.074], [0.0, 0.0, 1.0, 0.865], [0.0, 0.0, 0.0, 1.0]], [[0.1340281415723501, -0.990977526115836, 0.0, 0.792], [0.990977526115836, 0.1340281415723501, 0.0, -0.074], [0.0, 0.0, 1.0, 0.865], [0.0, 0.0, 0.0, 1.0]], [[-0.13244968834100823, -0.9911897295968972, 0.0, 0.792], [0.9911897295968972, -0.13244968834100823, 0.0, -0.074], [0.0, 0.0, 1.0, 0.865], [0.0, 0.0, 0.0, 1.0]], [[-0.38952220245966607, -0.9210170757325683, 0.0, 0.792], [0.9210170757325683, -0.38952220245966607, 0.0, -0.074], [0.0, 0.0, 1.0, 0.865], [0.0, 0.0, 0.0, 1.0]], [[-0.6189345584528598, -0.7854425582770287, 0.0, 0.792], [0.7854425582770287, -0.6189345584528598, 0.0, -0.074], [0.0, 0.0, 1.0, 0.865], [0.0, 0.0, 0.0, 1.0]], [[-0.8043960750638166, -0.5940933886367762, 0.0, 0.792], [0.5940933886367762, -0.8043960750638166, 0.0, -0.074], [0.0, 0.0, 1.0, 0.865], [0.0, 0.0, 0.0, 1.0]], [[-0.9327370411868412, -0.36055736297850866, 0.0, 0.792], [0.36055736297850866, -0.9327370411868412, 0.0, -0.074], [0.0, 0.0, 1.0, 0.865], [0.0, 0.0, 0.0, 1.0]], [[-0.9948439033594594, -0.10141798631660187, 0.0, 0.792], [0.10141798631660187, -0.9948439033594594, 0.0, -0.074], [0.0, 0.0, 1.0, 0.865], [0.0, 0.0, 0.0, 1.0]], [[-0.9951619033238301, 0.09824859374510869, 0.0, 0.792], [-0.09824859374510869, -0.9951619033238301, 0.0, -0.074], [0.0, 0.0, 1.0, 0.865], [0.0, 0.0, 0.0, 1.0]], [[-0.9338807933458588, 0.35758448486995453, 0.0, 0.792], [-0.35758448486995453, -0.9338807933458588, 0.0, -0.074], [0.0, 0.0, 1.0, 0.865], [0.0, 0.0, 0.0, 1.0]], [[-0.8062843610289632, 0.591528130489258, 0.0, 0.792], [-0.591528130489258, -0.8062843610289632, 0.0, -0.074], [0.0, 0.0, 1.0, 0.865], [0.0, 0.0, 0.0, 1.0]], [[-0.6214332901335167, 0.783467080300017, 0.0, 0.792], [-0.783467080300017, -0.6214332901335167, 0.0, -0.074], [0.0, 0.0, 1.0, 0.865], [0.0, 0.0, 0.0, 1.0]], [[-0.3924539437226331, 0.9197716575631981, 0.0, 0.792], [-0.9197716575631981, -0.3924539437226331, 0.0, -0.074], [0.0, 0.0, 1.0, 0.865], [0.0, 0.0, 0.0, 1.0]], [[-0.1356062548352912, 0.990762808975764, 0.0, 0.792], [-0.990762808975764, -0.1356062548352912, 0.0, -0.074], [0.0, 0.0, 1.0, 0.865], [0.0, 0.0, 0.0, 1.0]], [[0.13087089914508143, 0.9913994188806843, 0.0, 0.792], [-0.9913994188806843, 0.13087089914508143, 0.0, -0.074], [0.0, 0.0, 1.0, 0.865], [0.0, 0.0, 0.0, 1.0]], [[0.38805484790758416, 0.9216362813037593, 0.0, 0.792], [-0.9216362813037593, 0.38805484790758416, 0.0, -0.074], [0.0, 0.0, 1.0, 0.865], [0.0, 0.0, 0.0, 1.0]], [[0.6176828360940312, 0.7864273100514976, 0.0, 0.792], [-0.7864273100514976, 0.6176828360940312, 0.0, -0.074], [0.0, 0.0, 1.0, 0.865], [0.0, 0.0, 0.0, 1.0]], [[0.8034488703023484, 0.5953737589194542, 0.0, 0.792], [-0.5953737589194542, 0.8034488703023484, 0.0, -0.074], [0.0, 0.0, 1.0, 0.865], [0.0, 0.0, 0.0, 1.0]], [[0.9321616154864306, 0.36204243206249725, 0.0, 0.792], [-0.36204243206249725, 0.9321616154864306, 0.0, -0.074], [0.0, 0.0, 1.0, 0.865], [0.0, 0.0, 0.0, 1.0]], [[0.994681117974643, 0.10300229873509788, 0.0, 0.792], [-0.10300229873509788, 0.994681117974643, 0.0, -0.074], [0.0, 0.0, 1.0, 0.865], [0.0, 0.0, 0.0, 1.0]]], "foliation_name": "regrasp", "similarity_matrix": [[1.0, 0.0, 0.0, 0.0, 0.0, 0.0, 0.0, 0.0, 0.0, 0.0, 0.0, 0.0, 0.0, 0.0, 0.0, 0.0, 0.0, 0.0, 0.0, 0.0, 0.0, 0.0, 0.0, 0.0], [0.0, 1.0, 0.0, 0.0, 0.0, 0.0, 0.0, 0.0, 0.0, 0.0, 0.0, 0.0, 0.0, 0.0, 0.0, 0.0, 0.0, 0.0, 0.0, 0.0, 0.0, 0.0, 0.0, 0.0], [0.0, 0.0, 1.0, 0.0, 0.0, 0.0, 0.0, 0.0, 0.0, 0.0, 0.0, 0.0, 0.0, 0.0, 0.0, 0.0, 0.0, 0.0, 0.0, 0.0, 0.0, 0.0, 0.0, 0.0], [0.0, 0.0, 0.0, 1.0, 0.0, 0.0, 0.0, 0.0, 0.0, 0.0, 0.0, 0.0, 0.0, 0.0, 0.0, 0.0, 0.0, 0.0, 0.0, 0.0, 0.0, 0.0, 0.0, 0.0], [0.0, 0.0, 0.0, 0.0, 1.0, 0.0, 0.0, 0.0, 0.0, 0.0, 0.0, 0.0, 0.0, 0.0, 0.0, 0.0, 0.0, 0.0, 0.0, 0.0, 0.0, 0.0, 0.0, 0.0], [0.0, 0.0, 0.0, 0.0, 0.0, 1.0, 0.0, 0.0, 0.0, 0.0, 0.0, 0.0, 0.0, 0.0, 0.0, 0.0, 0.0, 0.0, 0.0, 0.0, 0.0, 0.0, 0.0, 0.0], [0.0, 0.0, 0.0, 0.0, 0.0, 0.0, 1.0, 0.0, 0.0, 0.0, 0.0, 0.0, 0.0, 0.0, 0.0, 0.0, 0.0, 0.0, 0.0, 0.0, 0.0, 0.0, 0.0, 0.0], [0.0, 0.0, 0.0, 0.0, 0.0, 0.0, 0.0, 1.0, 0.0, 0.0, 0.0, 0.0, 0.0, 0.0, 0.0, 0.0, 0.0, 0.0, 0.0, 0.0, 0.0, 0.0, 0.0, 0.0], [0.0, 0.0, 0.0, 0.0, 0.0, 0.0, 0.0, 0.0, 1.0, 0.0, 0.0, 0.0, 0.0, 0.0, 0.0, 0.0, 0.0, 0.0, 0.0, 0.0, 0.0, 0.0, 0.0, 0.0], [0.0, 0.0, 0.0, 0.0, 0.0, 0.0, 0.0, 0.0, 0.0, 1.0, 0.0, 0.0, 0.0, 0.0, 0.0, 0.0, 0.0, 0.0, 0.0, 0.0, 0.0, 0.0, 0.0, 0.0], [0.0, 0.0, 0.0, 0.0, 0.0, 0.0, 0.0, 0.0, 0.0, 0.0, 1.0, 0.0, 0.0, 0.0, 0.0, 0.0, 0.0, 0.0, 0.0, 0.0, 0.0, 0.0, 0.0, 0.0], [0.0, 0.0, 0.0, 0.0, 0.0, 0.0, 0.0, 0.0, 0.0, 0.0, 0.0, 1.0, 0.0, 0.0, 0.0, 0.0, 0.0, 0.0, 0.0, 0.0, 0.0, 0.0, 0.0, 0.0], [0.0, 0.0, 0.0, 0.0, 0.0, 0.0, 0.0, 0.0, 0.0, 0.0, 0.0, 0.0, 1.0, 0.0, 0.0, 0.0, 0.0, 0.0, 0.0, 0.0, 0.0, 0.0, 0.0, 0.0], [0.0, 0.0, 0.0, 0.0, 0.0, 0.0, 0.0, 0.0, 0.0, 0.0, 0.0, 0.0, 0.0, 1.0, 0.0, 0.0, 0.0, 0.0, 0.0, 0.0, 0.0, 0.0, 0.0, 0.0], [0.0, 0.0, 0.0, 0.0, 0.0, 0.0, 0.0, 0.0, 0.0, 0.0, 0.0, 0.0, 0.0, 0.0, 1.0, 0.0, 0.0, 0.0, 0.0, 0.0, 0.0, 0.0, 0.0, 0.0], [0.0, 0.0, 0.0, 0.0, 0.0, 0.0, 0.0, 0.0, 0.0, 0.0, 0.0, 0.0, 0.0, 0.0, 0.0, 1.0, 0.0, 0.0, 0.0, 0.0, 0.0, 0.0, 0.0, 0.0], [0.0, 0.0, 0.0, 0.0, 0.0, 0.0, 0.0, 0.0, 0.0, 0.0, 0.0, 0.0, 0.0, 0.0, 0.0, 0.0, 1.0, 0.0, 0.0, 0.0, 0.0, 0.0, 0.0, 0.0], [0.0, 0.0, 0.0, 0.0, 0.0, 0.0, 0.0, 0.0, 0.0, 0.0, 0.0, 0.0, 0.0, 0.0, 0.0, 0.0, 0.0, 1.0, 0.0, 0.0, 0.0, 0.0, 0.0, 0.0], [0.0, 0.0, 0.0, 0.0, 0.0, 0.0, 0.0, 0.0, 0.0, 0.0, 0.0, 0.0, 0.0, 0.0, 0.0, 0.0, 0.0, 0.0, 1.0, 0.0, 0.0, 0.0, 0.0, 0.0], [0.0, 0.0, 0.0, 0.0, 0.0, 0.0, 0.0, 0.0, 0.0, 0.0, 0.0, 0.0, 0.0, 0.0, 0.0, 0.0, 0.0, 0.0, 0.0, 1.0, 0.0, 0.0, 0.0, 0.0], [0.0, 0.0, 0.0, 0.0, 0.0, 0.0, 0.0, 0.0, 0.0, 0.0, 0.0, 0.0, 0.0, 0.0, 0.0, 0.0, 0.0, 0.0, 0.0, 0.0, 1.0, 0.0, 0.0, 0.0], [0.0, 0.0, 0.0, 0.0, 0.0, 0.0, 0.0, 0.0, 0.0, 0.0, 0.0, 0.0, 0.0, 0.0, 0.0, 0.0, 0.0, 0.0, 0.0, 0.0, 0.0, 1.0, 0.0, 0.0], [0.0, 0.0, 0.0, 0.0, 0.0, 0.0, 0.0, 0.0, 0.0, 0.0, 0.0, 0.0, 0.0, 0.0, 0.0, 0.0, 0.0, 0.0, 0.0, 0.0, 0.0, 0.0, 1.0, 0.0], [0.0, 0.0, 0.0, 0.0, 0.0, 0.0, 0.0, 0.0, 0.0, 0.0, 0.0, 0.0, 0.0, 0.0, 0.0, 0.0, 0.0, 0.0, 0.0, 0.0, 0.0, 0.0, 0.0, 1.0]], "constraint_parameters": {"obstacle_pose": [[0.0, 1.0, 0.0, 0.92], [-1.0, 0.0, 0.0, -0.25], [0.0, 0.0, 1.0, -0.02], [0.0, 0.0, 0.0, 1.0]], "frame_id": "base_link", "obstacle_mesh": "/root/catkin_ws/src/jiaming_manipulation/task_planner/mesh_dir/desk_with_bottle_frame.stl", "is_object_in_hand": false, "object_mesh_path": "/root/catkin_ws/src/jiaming_manipulation/task_planner/mesh_dir/lid.stl"}}