{"co_parameters": [[[0.20684218406677246, -0.9562597274780273, 0.20684218406677246, -0.03564530459046364], [0.6761777400970459, 0.2925190329551697, 0.6761777400970459, -0.1216943383216858], [-0.7071067690849304, -8.659560603426554e-17, 0.7071067690849304, 0.1259999440908432], [0.0, 0.0, 0.0, 1.0]], [[-0.6247677206993103, -0.46832746267318726, 0.6247677206993103, 0.11784792649745943], [-0.33115750551223755, 0.883554995059967, 0.33115750551223755, 0.062283412098884584], [-0.7071067094802856, 8.659559941682064e-17, -0.7071067094802856, 0.13979371380805972], [0.0, 0.0, 0.0, 1.0]], [[-0.883554995059967, 0.46832746267318726, 0.0, 0.16212505877017974], [-0.46832746267318726, -0.883554995059967, 0.0, 0.08443790709972382], [0.0, 0.0, 0.9999999403953552, -0.001434859275817871], [0.0, 0.0, 0.0, 1.0]], [[-2.209930532256845e-16, 0.09720654785633087, -0.9952642321586609, 0.005549451828002967], [-2.1584189514885137e-17, -0.9952642321586609, -0.09720654785633087, 0.0005306261777877845], [-1.0, 0.0, 2.220446049250313e-16, 0.19568539810180666], [0.0, 0.0, 0.0, 1.0]], [[-1.4156836194842486e-16, 0.7703946828842163, 0.6375672221183777, -0.004635437011718726], [1.710619829973706e-16, 0.6375672221183777, -0.7703946828842163, 0.0037601959705352494], [-1.0, 2.7192622655495665e-32, -2.220446049250313e-16, 0.1792224645614624], [0.0, 0.0, 0.0, 1.0]], [[-0.45082810521125793, -0.7703946828842163, -0.45082810521125793, 0.08647248011827469], [0.5447512865066528, -0.6375672221183777, 0.5447512865066528, -0.10491270470619203], [-0.7071067690849304, 0.0, 0.7071067690849304, 0.12922593009471894], [0.0, 0.0, 0.0, 1.0]], [[-1.0535422267728589e-16, 0.8802699446678162, -0.474473237991333, -0.0015897306203841984], [1.954591920911444e-16, 0.474473237991333, 0.8802699446678162, 0.0049176964759826336], [1.0, 0.0, -2.220446049250313e-16, -0.20041305923461916], [0.0, 0.0, 0.0, 1.0]], [[0.2925190329551697, 0.9562597274780273, -3.5823250109593354e-17, -0.054490156531333926], [0.9562597274780273, -0.2925190329551697, -1.171080489000806e-16, -0.17956827735900882], [-1.2246468525851679e-16, 0.0, -1.0, 0.011115622520446799], [0.0, 0.0, 0.0, 1.0]], [[-0.6771335601806641, -0.2880628705024719, -0.6771335601806641, 0.13298289489746096], [0.20369119942188263, -0.9576115012168884, 0.20369119942188263, -0.03996927931904793], [-0.7071067690849304, 0.0, 0.7071067690849304, 0.1338938330411911], [0.0, 0.0, 0.0, 1.0]], [[-0.09883379191160202, 0.9951039552688599, 1.0976144098096842e-16, 0.016310758993029598], [-0.9951039552688599, -0.09883379191160202, -1.3396874264098987e-16, 0.1809484055042267], [-1.2246468525851679e-16, -1.2246468525851679e-16, 1.0, 0.008943649291992208], [0.0, 0.0, 0.0, 1.0]], [[-0.6375672221183777, -0.7703946828842163, -9.43461427900996e-17, 0.11607781159877778], [-0.7703946828842163, 0.6375672221183777, 7.80794706081218e-17, 0.13725167012214662], [0.0, 1.2246468525851679e-16, -1.0, -0.00804233741760254], [0.0, 0.0, 0.0, 1.0]], [[-0.45082810521125793, 0.7703946828842163, 0.45082810521125793, 0.08102190285921097], [0.5447512865066528, 0.6375672221183777, -0.5447512865066528, -0.09974254822731018], [-0.7071067690849304, 8.659560603426554e-17, -0.7071067690849304, 0.12357275092601777], [0.0, 0.0, 0.0, 1.0]], [[-0.6771335601806641, -0.2880628705024719, -0.6771335601806641, 0.12250122261047365], [0.20369119942188263, -0.9576115012168884, 0.20369119942188263, -0.03688376978039742], [-0.7071067690849304, 0.0, 0.7071067690849304, 0.12359477198123933], [0.0, 0.0, 0.0, 1.0]], [[-0.06988604366779327, 0.9951039552688599, 0.06988604366779327, 0.0130235313475132], [-0.7036447525024414, -0.09883379191160202, 0.7036447525024414, 0.1367511329650879], [0.7071067690849304, -8.659560603426554e-17, 0.7071067690849304, -0.13343804156780242], [0.0, 0.0, 0.0, 1.0]], [[-2.1263246745937013e-16, 0.2880628705024719, 0.9576115012168884, 0.005331535339355506], [6.396280627429183e-17, 0.9576115012168884, -0.2880628705024719, -0.001570041298866283], [-1.0, 2.7192622655495665e-32, -2.220446049250313e-16, 0.20096083641052248], [0.0, 0.0, 0.0, 1.0]], [[-0.45082810521125793, 0.7703946828842163, -0.45082810521125793, 0.08647248011827469], [0.5447512865066528, 0.6375672221183777, 0.5447512865066528, -0.10491270470619203], [0.7071067690849304, 8.659560603426554e-17, -0.7071067690849304, -0.13947464168071746], [0.0, 0.0, 0.0, 1.0]], [[0.20684218406677246, 0.9562597274780273, 0.20684218406677246, -0.03908172869682312], [0.6761777400970459, -0.2925190329551697, 0.6761777400970459, -0.12796639013290406], [0.7071067690849304, 0.0, -0.7071067690849304, -0.14380471789836885], [0.0, 0.0, 0.0, 1.0]], [[-0.45082810521125793, -0.7703946828842163, -0.45082810521125793, 0.08969810992479324], [0.5447512865066528, -0.6375672221183777, 0.5447512865066528, -0.11079423260688782], [-0.7071067690849304, 0.0, 0.7071067690849304, 0.1235727504491806], [0.0, 0.0, 0.0, 1.0]], [[-0.6375672221183777, 0.7703946828842163, 0.0, 0.11607781159877778], [-0.7703946828842163, -0.6375672221183777, 0.0, 0.13725167012214662], [0.0, 0.0, 1.0, -0.00804233741760254], [0.0, 0.0, 0.0, 1.0]], [[0.06988604366779327, 0.9951039552688599, -0.06988604366779327, -0.013309861093759538], [0.7036447525024414, -0.09883379191160202, -0.7036447525024414, -0.132881178855896], [-0.7071067690849304, 8.659560603426554e-17, -0.7071067690849304, 0.1266700404882431], [0.0, 0.0, 0.0, 1.0]], [[-0.06988604366779327, -0.9951039552688599, -0.06988604366779327, 0.0130235313475132], [-0.7036447525024414, 0.09883379191160202, -0.7036447525024414, 0.1367511329650879], [0.7071067690849304, 0.0, -0.7071067690849304, -0.13343804156780242], [0.0, 0.0, 0.0, 1.0]], [[2.209930532256845e-16, -0.09720654785633087, -0.9952642321586609, 0.005549451828002892], [2.1584189514885137e-17, 0.9952642321586609, -0.09720654785633087, 0.0005306261777877771], [1.0, -2.7192622655495665e-32, 2.220446049250313e-16, -0.18431460094451907], [0.0, 0.0, 0.0, 1.0]], [[-0.09883379191160202, -0.9951039552688599, 1.2103649175649498e-17, 0.018180286690592767], [-0.9951039552688599, 0.09883379191160202, 1.2186509181097915e-16, 0.18694840931892395], [-1.2246468525851679e-16, 0.0, -1.0, 0.0044230237007141324], [0.0, 0.0, 0.0, 1.0]], [[0.20684218406677246, 0.9562597274780273, 0.20684218406677246, -0.03700479912757874], [0.6761777400970459, -0.2925190329551697, 0.6761777400970459, -0.12421715116500855], [0.7071067690849304, 0.0, -0.7071067690849304, -0.13305663192272188], [0.0, 0.0, 0.0, 1.0]], [[-0.06988604366779327, 0.9951039552688599, -0.06988604366779327, 0.012520863324403763], [-0.7036447525024414, -0.09883379191160202, -0.7036447525024414, 0.1416963119506836], [-0.7071067690849304, -8.659560603426554e-17, 0.7071067690849304, 0.12335395991802216], [0.0, 0.0, 0.0, 1.0]], [[2.209930532256845e-16, -0.09720654785633087, -0.9952642321586609, -0.004370619297027626], [2.1584189514885137e-17, 0.9952642321586609, -0.09720654785633087, -0.0004154638946056403], [1.0, -2.7192622655495665e-32, 2.220446049250313e-16, -0.18190100765228273], [0.0, 0.0, 0.0, 1.0]], [[-0.6247677206993103, -0.46832746267318726, 0.6247677206993103, 0.11295547616481783], [-0.33115750551223755, 0.883554995059967, 0.33115750551223755, 0.058375615000724794], [-0.7071067094802856, 8.659559941682064e-17, -0.7071067094802856, 0.13291541504859924], [0.0, 0.0, 0.0, 1.0]], [[-0.09883379191160202, -0.9951039552688599, 1.2103649175649498e-17, 0.018020935460925105], [-0.9951039552688599, 0.09883379191160202, 1.2186509181097915e-16, 0.19707356190681458], [-1.2246468525851679e-16, 0.0, -1.0, -0.010996326446533183], [0.0, 0.0, 0.0, 1.0]], [[-0.6771335601806641, 0.2880628705024719, 0.6771335601806641, 0.13298289489746096], [0.20369119942188263, 0.9576115012168884, -0.20369119942188263, -0.03996927931904793], [-0.7071067690849304, 8.659560603426554e-17, -0.7071067690849304, 0.1338938330411911], [0.0, 0.0, 0.0, 1.0]], [[-2.1945510278254425e-17, -0.9951039552688599, 0.09883379191160202, 0.0021362769603729286], [2.2095746460701002e-16, -0.09883379191160202, -0.9951039552688599, -0.007037769317626991], [1.0, -2.7192622655495665e-32, 2.220446049250313e-16, -0.18160653305053712], [0.0, 0.0, 0.0, 1.0]], [[-0.45082810521125793, -0.7703946828842163, -0.45082810521125793, 0.0908478234410286], [-0.5447512865066528, 0.6375672221183777, -0.5447512865066528, 0.10771475815773011], [0.7071067690849304, 8.659560603426554e-17, -0.7071067690849304, -0.12412567222118379], [0.0, 0.0, 0.0, 1.0]], [[-0.6375672221183777, -0.7703946828842163, 0.0, 0.11907678020000459], [0.7703946828842163, -0.6375672221183777, 0.0, -0.14463638281822205], [0.0, 0.0, 1.0, 0.01003879165649414], [0.0, 0.0, 0.0, 1.0]], [[0.09883379191160202, 0.9951039552688599, 0.0, -0.0171552322357893], [-0.9951039552688599, 0.09883379191160202, 0.0, 0.18370968270301818], [0.0, 0.0, 1.0, -0.0003036784827709198], [0.0, 0.0, 0.0, 1.0]], [[-0.7037580609321594, 0.09720654785633087, -0.7037580609321594, 0.13686527264118195], [-0.06873540580272675, -0.9952642321586609, -0.06873540580272675, 0.013367369621992113], [-0.7071067690849304, 0.0, 0.7071067690849304, 0.1315716198682785], [0.0, 0.0, 0.0, 1.0]], [[-0.6247677206993103, 0.46832746267318726, 0.6247677206993103, 0.11784792649745943], [-0.33115750551223755, -0.883554995059967, 0.33115750551223755, 0.062283412098884584], [0.7071067094802856, 0.0, 0.7071067094802856, -0.12890683674812317], [0.0, 0.0, 0.0, 1.0]], [[0.45082810521125793, 0.7703946828842163, -0.45082810521125793, -0.08484219962358475], [-0.5447512865066528, 0.6375672221183777, 0.5447512865066528, 0.10209278416633608], [0.7071067690849304, -8.659560603426554e-17, 0.7071067690849304, -0.13947464168071746], [0.0, 0.0, 0.0, 1.0]], [[-0.06988604366779327, 0.9951039552688599, -0.06988604366779327, 0.011420371025800706], [-0.7036447525024414, -0.09883379191160202, -0.7036447525024414, 0.12756471967697144], [-0.7071067690849304, -8.659560603426554e-17, 0.7071067690849304, 0.12335395991802216], [0.0, 0.0, 0.0, 1.0]], [[0.45082810521125793, -0.7703946828842163, -0.45082810521125793, -0.09029277735948563], [-0.5447512865066528, -0.6375672221183777, 0.5447512865066528, 0.10726294064521791], [-0.7071067690849304, 0.0, -0.7071067690849304, 0.12357275092601777], [0.0, 0.0, 0.0, 1.0]], [[0.883554995059967, 0.46832746267318726, -1.082042834040047e-16, -0.1734381309747696], [0.46832746267318726, -0.883554995059967, -5.735357362298904e-17, -0.09337373101711273], [-1.2246467202362698e-16, 0.0, -0.9999999403953552, -0.010002087593078593], [0.0, 0.0, 0.0, 1.0]], [[0.3355032503604889, -0.8802699446678162, -0.3355032503604889, -0.06533534771203994], [-0.6224448084831238, -0.474473237991333, 0.6224448084831238, 0.12318220984935761], [-0.7071067690849304, 8.659560603426554e-17, -0.7071067690849304, 0.12393722712993623], [0.0, 0.0, 0.0, 1.0]], [[0.7037580609321594, 0.09720654785633087, 0.7037580609321594, -0.1281645795106888], [0.06873540580272675, -0.9952642321586609, 0.06873540580272675, -0.012529100924730302], [0.7071067690849304, 0.0, -0.7071067690849304, -0.1286648873090744], [0.0, 0.0, 0.0, 1.0]], [[-0.45082810521125793, 0.7703946828842163, -0.45082810521125793, 0.08102190285921097], [0.5447512865066528, 0.6375672221183777, 0.5447512865066528, -0.09974254822731018], [0.7071067690849304, 8.659560603426554e-17, -0.7071067690849304, -0.14512782084941864], [0.0, 0.0, 0.0, 1.0]], [[0.9952642321586609, 0.09720654785633087, -1.218847191525538e-16, -0.1947476958036423], [0.09720654785633087, -0.9952642321586609, -1.1904368958376285e-17, -0.01900944831967354], [-1.2246468525851679e-16, 0.0, -1.0, -0.003659662961959818], [0.0, 0.0, 0.0, 1.0]], [[-6.495227310558286e-17, 0.9562597274780273, -0.2925190329551697, 0.002295215845108043], [-2.1233231339357669e-16, -0.2925190329551697, -0.9562597274780273, 0.004256618976593054], [-1.0, 0.0, 2.220446049250313e-16, 0.1912936534881592], [0.0, 0.0, 0.0, 1.0]], [[0.20684218406677246, 0.9562597274780273, 0.20684218406677246, -0.03564530459046364], [0.6761777400970459, -0.2925190329551697, 0.6761777400970459, -0.1216943383216858], [0.7071067690849304, 0.0, -0.7071067690849304, -0.14270062816143037], [0.0, 0.0, 0.0, 1.0]], [[2.1263246745937013e-16, -0.2880628705024719, 0.9576115012168884, -0.004711030483245886], [-6.396280627429183e-17, -0.9576115012168884, -0.2880628705024719, 0.0013833438158035386], [1.0, 0.0, -2.220446049250313e-16, -0.18832835388183594], [0.0, 0.0, 0.0, 1.0]], [[0.6375672221183777, -0.7703946828842163, -1.62666721819778e-17, -0.12138414847850801], [0.7703946828842163, 0.6375672221183777, 1.724256133982214e-16, -0.14673023009300235], [-1.2246468525851679e-16, -1.2246468525851679e-16, 1.0, -0.009454432487487773], [0.0, 0.0, 0.0, 1.0]], [[0.20684218406677246, 0.9562597274780273, -0.20684218406677246, -0.03700479912757874], [0.6761777400970459, -0.2925190329551697, -0.6761777400970459, -0.12421715116500855], [-0.7071067690849304, 0.0, -0.7071067690849304, 0.13564394080638886], [0.0, 0.0, 0.0, 1.0]], [[0.6375672221183777, -0.7703946828842163, -7.80794706081218e-17, -0.12032263171672822], [-0.7703946828842163, -0.6375672221183777, 9.43461427900996e-17, 0.14496502947807313], [-1.2246468525851679e-16, 0.0, -1.0, -0.005124356269836405], [0.0, 0.0, 0.0, 1.0]], [[-0.6771335601806641, -0.2880628705024719, 0.6771335601806641, 0.13389353561401368], [0.20369119942188263, -0.9576115012168884, -0.20369119942188263, -0.04024327662587166], [0.7071067690849304, 0.0, 0.7071067690849304, -0.14274810016155243], [0.0, 0.0, 0.0, 1.0]], [[0.6771335601806641, -0.2880628705024719, 0.6771335601806641, -0.12341721630096436], [-0.20369119942188263, -0.9576115012168884, -0.20369119942188263, 0.03715937927365303], [0.7071067690849304, 0.0, -0.7071067690849304, -0.14274810016155243], [0.0, 0.0, 0.0, 1.0]], [[0.45082810521125793, 0.7703946828842163, -0.45082810521125793, -0.08771833163499833], [-0.5447512865066528, 0.6375672221183777, 0.5447512865066528, 0.1052413513660431], [0.7071067690849304, -8.659560603426554e-17, 0.7071067690849304, -0.12431149470806123], [0.0, 0.0, 0.0, 1.0]], [[-0.883554995059967, -0.46832746267318726, -5.735357362298904e-17, 0.16231276762485505], [-0.46832746267318726, 0.883554995059967, 1.082042834040047e-16, 0.08459070479869843], [0.0, 1.2246467202362698e-16, -0.9999999403953552, -0.010002087593078614], [0.0, 0.0, 0.0, 1.0]], [[-0.6375672221183777, -0.7703946828842163, 0.0, 0.1188364008665085], [0.7703946828842163, -0.6375672221183777, 0.0, -0.1444408404827118], [0.0, 0.0, 1.0, 0.0013814889192581177], [0.0, 0.0, 0.0, 1.0]], [[0.45082810521125793, 0.7703946828842163, 0.45082810521125793, -0.08771833163499833], [-0.5447512865066528, 0.6375672221183777, -0.5447512865066528, 0.1052413513660431], [-0.7071067690849304, -8.659560603426554e-17, 0.7071067690849304, 0.1443890780210495], [0.0, 0.0, 0.0, 1.0]], [[0.45082810521125793, 0.7703946828842163, -0.45082810521125793, -0.08767956572771073], [0.5447512865066528, -0.6375672221183777, -0.5447512865066528, -0.10704859566688539], [-0.7071067690849304, 0.0, -0.7071067690849304, 0.13519182097911836], [0.0, 0.0, 0.0, 1.0]], [[-0.06988604366779327, -0.9951039552688599, 0.06988604366779327, 0.012837160617113114], [-0.7036447525024414, 0.09883379191160202, 0.7036447525024414, 0.13208399105072022], [-0.7071067690849304, 0.0, -0.7071067690849304, 0.13003337371349336], [0.0, 0.0, 0.0, 1.0]], [[6.495227310558286e-17, -0.9562597274780273, -0.2925190329551697, 0.0010884594917297253], [2.1233231339357669e-16, 0.2925190329551697, -0.9562597274780273, 0.0021210711002349492], [1.0, -2.7192622655495665e-32, 2.220446049250313e-16, -0.17888437747955324], [0.0, 0.0, 0.0, 1.0]], [[0.06988604366779327, -0.9951039552688599, 0.06988604366779327, -0.013876482158899308], [0.7036447525024414, 0.09883379191160202, 0.7036447525024414, -0.13581384468078614], [-0.7071067690849304, 0.0, 0.7071067690849304, 0.13877330958843231], [0.0, 0.0, 0.0, 1.0]], [[-2.1945510278254425e-17, 0.9951039552688599, 0.09883379191160202, -0.00025481697916984183], [-2.2095746460701002e-16, -0.09883379191160202, 0.9951039552688599, 0.003058629751205482], [1.0, -2.7192622655495665e-32, 2.220446049250313e-16, -0.18908775520324708], [0.0, 0.0, 0.0, 1.0]], [[-0.45082810521125793, -0.7703946828842163, 0.45082810521125793, 0.0908478234410286], [-0.5447512865066528, 0.6375672221183777, 0.5447512865066528, 0.10771475815773011], [-0.7071067690849304, 8.659560603426554e-17, -0.7071067690849304, 0.14457489955425262], [0.0, 0.0, 0.0, 1.0]], [[-6.495227310558286e-17, -0.9562597274780273, 0.2925190329551697, 0.0010884594917297474], [-2.1233231339357669e-16, 0.2925190329551697, 0.9562597274780273, 0.0021210711002350212], [-1.0, 2.7192622655495665e-32, -2.220446049250313e-16, 0.2011156234741211], [0.0, 0.0, 0.0, 1.0]], [[2.1945510278254425e-17, -0.9951039552688599, 0.09883379191160202, -0.002467661380767826], [2.2095746460701002e-16, 0.09883379191160202, 0.9951039552688599, -0.008121346473693886], [-1.0, 0.0, 2.220446049250313e-16, 0.1989436492919922], [0.0, 0.0, 0.0, 1.0]], [[0.2925190329551697, -0.9562597274780273, -8.128480209920969e-17, -0.054490156531333926], [0.9562597274780273, 0.2925190329551697, 1.529312957009515e-16, -0.17956827735900882], [-1.2246468525851679e-16, -1.2246468525851679e-16, 1.0, 0.011115622520446799], [0.0, 0.0, 0.0, 1.0]], [[1.9618861980762837e-16, -0.46832746267318726, -0.883554995059967, -0.0077487525939941735], [1.0398958642481021e-16, 0.883554995059967, -0.46832746267318726, -0.00617101716995241], [0.9999999403953552, -2.719261971675979e-32, 2.220445916901415e-16, -0.17995279729366304], [0.0, 0.0, 0.0, 1.0]], [[2.209930532256845e-16, 0.09720654785633087, 0.9952642321586609, 0.003151241302490197], [2.1584189514885137e-17, -0.9952642321586609, 0.09720654785633087, 0.00030764257907867066], [1.0, 0.0, -2.220446049250313e-16, -0.19277866554260256], [0.0, 0.0, 0.0, 1.0]], [[0.45082810521125793, 0.7703946828842163, 0.45082810521125793, -0.08935867148637772], [0.5447512865066528, -0.6375672221183777, 0.5447512865066528, -0.11016432881355287], [0.7071067690849304, 0.0, -0.7071067690849304, -0.12412567222118379], [0.0, 0.0, 0.0, 1.0]], [[-0.7037580609321594, 0.09720654785633087, -0.7037580609321594, 0.1293434125185013], [-0.06873540580272675, -0.9952642321586609, -0.06873540580272675, 0.012644263237714769], [-0.7071067690849304, 0.0, 0.7071067690849304, 0.14244927775859834], [0.0, 0.0, 0.0, 1.0]], [[-0.6375672221183777, 0.7703946828842163, 0.0, 0.12632825553417207], [-0.7703946828842163, -0.6375672221183777, 0.0, 0.15058700346946718], [0.0, 0.0, 1.0, 0.010224614143371582], [0.0, 0.0, 0.0, 1.0]], [[0.6771335601806641, -0.2880628705024719, -0.6771335601806641, -0.1348095302581787], [-0.20369119942188263, -0.9576115012168884, 0.20369119942188263, 0.040518886119127275], [-0.7071067690849304, 0.0, -0.7071067690849304, 0.12359477198123933], [0.0, 0.0, 0.0, 1.0]], [[0.45082810521125793, -0.7703946828842163, 0.45082810521125793, -0.08771833163499833], [-0.5447512865066528, -0.6375672221183777, -0.5447512865066528, 0.1052413513660431], [0.7071067690849304, 0.0, -0.7071067690849304, -0.12431149470806123], [0.0, 0.0, 0.0, 1.0]], [[0.45082810521125793, -0.7703946828842163, 0.45082810521125793, -0.08795871192216873], [-0.5447512865066528, -0.6375672221183777, -0.5447512865066528, 0.10543689370155336], [0.7071067690849304, 0.0, -0.7071067690849304, -0.13296879756450652], [0.0, 0.0, 0.0, 1.0]], [[0.06988604366779327, 0.9951039552688599, 0.06988604366779327, -0.013829851299524307], [0.7036447525024414, -0.09883379191160202, 0.7036447525024414, -0.12776311111450198], [0.7071067690849304, 8.659560603426554e-17, -0.7071067690849304, -0.12540663707256317], [0.0, 0.0, 0.0, 1.0]], [[0.9952642321586609, -0.09720654785633087, 1.0998035267571936e-16, -0.1934708231687546], [0.09720654785633087, 0.9952642321586609, 1.3378909224683315e-16, -0.01888470795750618], [-1.2246468525851679e-16, -1.2246468525851679e-16, 1.0, 0.008098992347717306], [0.0, 0.0, 0.0, 1.0]], [[2.209930532256845e-16, 0.09720654785633087, 0.9952642321586609, 0.005549451828002892], [2.1584189514885137e-17, -0.9952642321586609, 0.09720654785633087, 0.0005306261777877771], [1.0, 0.0, -2.220446049250313e-16, -0.18431460094451907], [0.0, 0.0, 0.0, 1.0]], [[-0.7037580609321594, 0.09720654785633087, 0.7037580609321594, 0.12806653892993927], [-0.06873540580272675, -0.9952642321586609, 0.06873540580272675, 0.01251952287554741], [0.7071067690849304, 0.0, 0.7071067690849304, -0.13800994861125948], [0.0, 0.0, 0.0, 1.0]], [[-0.6247677206993103, 0.46832746267318726, 0.6247677206993103, 0.11295547616481783], [-0.33115750551223755, -0.883554995059967, 0.33115750551223755, 0.058375615000724794], [0.7071067094802856, 0.0, 0.7071067094802856, -0.1357851345539093], [0.0, 0.0, 0.0, 1.0]], [[0.06988604366779327, -0.9951039552688599, 0.06988604366779327, -0.0116551600843668], [-0.7036447525024414, -0.09883379191160202, -0.7036447525024414, 0.12833243465423586], [0.7071067690849304, 8.659560603426554e-17, -0.7071067690849304, -0.1346539648771286], [0.0, 0.0, 0.0, 1.0]], [[0.09883379191160202, 0.9951039552688599, 0.0, -0.016642143562436106], [-0.9951039552688599, 0.09883379191160202, 0.0, 0.18203198170661927], [0.0, 0.0, 1.0, 0.00839346694946289], [0.0, 0.0, 0.0, 1.0]], [[0.7037580609321594, 0.09720654785633087, 0.7037580609321594, -0.1305627900362015], [0.06873540580272675, -0.9952642321586609, 0.06873540580272675, -0.012752084583044054], [0.7071067690849304, 0.0, -0.7071067690849304, -0.1371289519071579], [0.0, 0.0, 0.0, 1.0]], [[-0.45082810521125793, -0.7703946828842163, -0.45082810521125793, 0.08059737926721573], [-0.5447512865066528, 0.6375672221183777, -0.5447512865066528, 0.09437942504882814], [0.7071067690849304, 8.659560603426554e-17, -0.7071067690849304, -0.1423926237821579], [0.0, 0.0, 0.0, 1.0]], [[0.06988604366779327, -0.9951039552688599, -0.06988604366779327, -0.013829851299524307], [0.7036447525024414, 0.09883379191160202, -0.7036447525024414, -0.12776311111450198], [0.7071067690849304, 0.0, 0.7071067690849304, -0.12540663707256317], [0.0, 0.0, 0.0, 1.0]], [[0.6247677206993103, -0.46832746267318726, -0.6247677206993103, -0.12426854741573334], [0.33115750551223755, 0.883554995059967, -0.33115750551223755, -0.06731143963336944], [0.7071067094802856, -8.659559941682064e-17, 0.7071067094802856, -0.14435236287117006], [0.0, 0.0, 0.0, 1.0]], [[2.1945510278254425e-17, 0.9951039552688599, -0.09883379191160202, -0.002467661380767826], [2.2095746460701002e-16, -0.09883379191160202, -0.9951039552688599, -0.008121346473693886], [-1.0, 2.7192622655495665e-32, -2.220446049250313e-16, 0.1989436492919922], [0.0, 0.0, 0.0, 1.0]], [[-0.45082810521125793, -0.7703946828842163, 0.45082810521125793, 0.08863226824998856], [-0.5447512865066528, 0.6375672221183777, 0.5447512865066528, 0.10594762158393861], [-0.7071067690849304, 8.659560603426554e-17, -0.7071067690849304, 0.12630794894695282], [0.0, 0.0, 0.0, 1.0]], [[-0.06988604366779327, 0.9951039552688599, -0.06988604366779327, 0.012680214494466782], [-0.7036447525024414, -0.09883379191160202, -0.7036447525024414, 0.1315711603164673], [-0.7071067690849304, -8.659560603426554e-17, 0.7071067690849304, 0.13877330958843231], [0.0, 0.0, 0.0, 1.0]], [[1.9618861980762837e-16, -0.46832746267318726, -0.883554995059967, -0.005750390529632602], [1.0398958642481021e-16, 0.883554995059967, -0.46832746267318726, -0.0045443110466003595], [0.9999999403953552, -2.719261971675979e-32, 2.220445916901415e-16, -0.19143484818935397], [0.0, 0.0, 0.0, 1.0]], [[0.6375672221183777, -0.7703946828842163, -1.62666721819778e-17, -0.12619773375988008], [0.7703946828842163, 0.6375672221183777, 1.724256133982214e-16, -0.15549830985069277], [-1.2246468525851679e-16, -1.2246468525851679e-16, 1.0, -0.008042337417602519], [0.0, 0.0, 0.0, 1.0]], [[1.4156836194842486e-16, -0.7703946828842163, 0.6375672221183777, -0.0023013715744018793], [-1.710619829973706e-16, -0.6375672221183777, -0.7703946828842163, 0.0019341493844986252], [1.0, 0.0, -2.220446049250313e-16, -0.18861851119995118], [0.0, 0.0, 0.0, 1.0]], [[1.4156836194842486e-16, -0.7703946828842163, 0.6375672221183777, 0.0014099916219711063], [-1.710619829973706e-16, -0.6375672221183777, -0.7703946828842163, -0.0025130724906921096], [1.0, 0.0, -2.220446049250313e-16, -0.18552118873596193], [0.0, 0.0, 0.0, 1.0]], [[-0.6375672221183777, -0.7703946828842163, 0.0, 0.12254776370525361], [0.7703946828842163, -0.6375672221183777, 0.0, -0.14888806128501894], [0.0, 0.0, 1.0, 0.004478811264038086], [0.0, 0.0, 0.0, 1.0]], [[-0.6375672221183777, 0.7703946828842163, 0.0, 0.11911554706096651], [-0.7703946828842163, -0.6375672221183777, 0.0, 0.14282913851737977], [0.0, 0.0, 1.0, 0.0008415347933769227], [0.0, 0.0, 0.0, 1.0]], [[-0.06988604366779327, -0.9951039552688599, 0.06988604366779327, 0.011420371025800706], [-0.7036447525024414, 0.09883379191160202, 0.7036447525024414, 0.12756471967697144], [-0.7071067690849304, 0.0, -0.7071067690849304, 0.12335395991802216], [0.0, 0.0, 0.0, 1.0]], [[-0.06988604366779327, -0.9951039552688599, -0.06988604366779327, 0.012837160617113114], [-0.7036447525024414, 0.09883379191160202, -0.7036447525024414, 0.13208399105072022], [0.7071067690849304, 0.0, -0.7071067690849304, -0.13866719806194305], [0.0, 0.0, 0.0, 1.0]], [[-1.9618861980762837e-16, -0.46832746267318726, 0.883554995059967, -0.0008579407334327364], [-1.0398958642481021e-16, 0.883554995059967, 0.46832746267318726, -0.0006365137696265998], [-0.9999999403953552, 2.719261971675979e-32, -2.220445916901415e-16, 0.19544342744350435], [0.0, 0.0, 0.0, 1.0]], [[1.4156836194842486e-16, 0.7703946828842163, 0.6375672221183777, -0.0002463765591383221], [1.710619829973706e-16, -0.6375672221183777, 0.7703946828842163, -0.0003552404344082169], [1.0, 0.0, -2.220446049250313e-16, -0.19945443344116212], [0.0, 0.0, 0.0, 1.0]], [[-0.20684218406677246, 0.9562597274780273, 0.20684218406677246, 0.04159523105621338], [-0.6761777400970459, -0.2925190329551697, 0.6761777400970459, 0.1327303900718689], [0.7071067690849304, 0.0, 0.7071067690849304, -0.13305663192272188], [0.0, 0.0, 0.0, 1.0]], [[-1.4156836194842486e-16, 0.7703946828842163, 0.6375672221183777, 0.0008151402473449948], [1.710619829973706e-16, 0.6375672221183777, -0.7703946828842163, -0.0014099605083465866], [-1.0, 2.7192622655495665e-32, -2.220446049250313e-16, 0.18487564373016357], [0.0, 0.0, 0.0, 1.0]], [[0.3355032503604889, 0.8802699446678162, 0.3355032503604889, -0.06499468713998795], [-0.6224448084831238, 0.474473237991333, -0.6224448084831238, 0.12206829726696015], [-0.7071067690849304, 0.0, 0.7071067690849304, 0.13153895461559295], [0.0, 0.0, 0.0, 1.0]], [[1.9618861980762837e-16, 0.46832746267318726, 0.883554995059967, -0.0008579407334328032], [1.0398958642481021e-16, -0.883554995059967, 0.46832746267318726, -0.0006365137696266351], [0.9999999403953552, 0.0, -2.220445916901415e-16, -0.18455655038356783], [0.0, 0.0, 0.0, 1.0]], [[0.2925190329551697, 0.9562597274780273, -3.5823250109593354e-17, -0.051923905968666084], [0.9562597274780273, -0.2925190329551697, -1.171080489000806e-16, -0.1749099159240723], [-1.2246468525851679e-16, 0.0, -1.0, -0.00835034179687498], [0.0, 0.0, 0.0, 1.0]], [[-2.1945510278254425e-17, -0.9951039552688599, -0.09883379191160202, -0.0005981338024139368], [-2.2095746460701002e-16, 0.09883379191160202, -0.9951039552688599, -0.0021213424205779653], [1.0, 0.0, -2.220446049250313e-16, -0.18557697677612306], [0.0, 0.0, 0.0, 1.0]], [[0.883554995059967, 0.46832746267318726, -1.082042834040047e-16, -0.17562420237064363], [0.46832746267318726, -0.883554995059967, -5.735357362298904e-17, -0.0951532348394394], [-1.2246467202362698e-16, 0.0, -0.9999999403953552, 0.010047191619873068], [0.0, 0.0, 0.0, 1.0]], [[0.6375672221183777, -0.7703946828842163, -7.80794706081218e-17, -0.1257732094526291], [-0.7703946828842163, -0.6375672221183777, 9.43461427900996e-17, 0.15013518500328066], [-1.2246468525851679e-16, 0.0, -1.0, -0.010777535438537577], [0.0, 0.0, 0.0, 1.0]], [[0.06988604366779327, -0.9951039552688599, 0.06988604366779327, -0.014035833388566971], [0.7036447525024414, 0.09883379191160202, 0.7036447525024414, -0.12568869304656985], [-0.7071067690849304, 0.0, 0.7071067690849304, 0.12335395991802216], [0.0, 0.0, 0.0, 1.0]], [[-0.09883379191160202, 0.9951039552688599, 1.0976144098096842e-16, 0.01692044317722321], [-0.9951039552688599, -0.09883379191160202, -1.3396874264098987e-16, 0.18294196820259095], [-1.2246468525851679e-16, -1.2246468525851679e-16, 1.0, -0.010996326446533183], [0.0, 0.0, 0.0, 1.0]], [[-0.09883379191160202, -0.9951039552688599, -1.3396874264098987e-16, 0.020914697334170344], [0.9951039552688599, -0.09883379191160202, 1.0976144098096842e-16, -0.19610752034187318], [-1.2246468525851679e-16, -1.2246468525851679e-16, 1.0, 0.008393466949462912], [0.0, 0.0, 0.0, 1.0]], [[1.4156836194842486e-16, 0.7703946828842163, -0.6375672221183777, -0.0023013715744018793], [-1.710619829973706e-16, 0.6375672221183777, 0.7703946828842163, 0.0019341493844986252], [1.0, -2.7192622655495665e-32, 2.220446049250313e-16, -0.18861851119995118], [0.0, 0.0, 0.0, 1.0]], [[0.06988604366779327, -0.9951039552688599, -0.06988604366779327, -0.013533165246248246], [0.7036447525024414, 0.09883379191160202, -0.7036447525024414, -0.13063387298583987], [0.7071067690849304, 0.0, 0.7071067690849304, -0.13343804156780242], [0.0, 0.0, 0.0, 1.0]], [[-0.9952642321586609, 0.09720654785633087, 0.0, 0.18472958457469943], [-0.09720654785633087, -0.9952642321586609, 0.0, 0.018053780227899552], [0.0, 0.0, 1.0, 0.008098992347717285], [0.0, 0.0, 0.0, 1.0]], [[1.4156836194842486e-16, 0.7703946828842163, 0.6375672221183777, -0.0050599608421325925], [1.710619829973706e-16, -0.6375672221183777, 0.7703946828842163, -0.009123319625854522], [1.0, 0.0, -2.220446049250313e-16, -0.19804233741760255], [0.0, 0.0, 0.0, 1.0]], [[0.7037580609321594, -0.09720654785633087, -0.7037580609321594, -0.13330130684375763], [0.06873540580272675, 0.9952642321586609, -0.06873540580272675, -0.013019439786672594], [0.7071067690849304, -8.659560603426554e-17, 0.7071067690849304, -0.14377825152873994], [0.0, 0.0, 0.0, 1.0]], [[-0.45082810521125793, -0.7703946828842163, 0.45082810521125793, 0.08969810992479324], [0.5447512865066528, -0.6375672221183777, -0.5447512865066528, -0.11079423260688782], [0.7071067690849304, 0.0, 0.7071067690849304, -0.14512782275676728], [0.0, 0.0, 0.0, 1.0]], [[0.2925190329551697, 0.9562597274780273, -3.5823250109593354e-17, -0.0553603299856186], [0.9562597274780273, -0.2925190329551697, -1.171080489000806e-16, -0.18118196678161624], [-1.2246468525851679e-16, 0.0, -1.0, -0.009454432487487773], [0.0, 0.0, 0.0, 1.0]], [[-1.4156836194842486e-16, -0.7703946828842163, 0.6375672221183777, -0.0037013318538665534], [-1.710619829973706e-16, 0.6375672221183777, 0.7703946828842163, -0.006661583423614473], [-1.0, 2.7192622655495665e-32, -2.220446049250313e-16, 0.20022461318969728], [0.0, 0.0, 0.0, 1.0]], [[0.3355032503604889, -0.8802699446678162, 0.3355032503604889, -0.06499468713998795], [-0.6224448084831238, -0.474473237991333, -0.6224448084831238, 0.12206829726696015], [0.7071067690849304, 8.659560603426554e-17, -0.7071067690849304, -0.13716161715984346], [0.0, 0.0, 0.0, 1.0]], [[-2.209930532256845e-16, 0.09720654785633087, -0.9952642321586609, -0.005647492408752404], [-2.1584189514885137e-17, -0.9952642321586609, -0.09720654785633087, -0.0005402042269706689], [-1.0, 0.0, 2.220446049250313e-16, 0.18634033775329592], [0.0, 0.0, 0.0, 1.0]], [[1.4156836194842486e-16, -0.7703946828842163, 0.6375672221183777, -0.002060991525650048], [-1.710619829973706e-16, -0.6375672221183777, -0.7703946828842163, 0.0017386068105697922], [1.0, 0.0, -2.220446049250313e-16, -0.17996120834350587], [0.0, 0.0, 0.0, 1.0]], [[0.6375672221183777, -0.7703946828842163, -1.62666721819778e-17, -0.1231599978208542], [0.7703946828842163, 0.6375672221183777, 1.724256133982214e-16, -0.14992084097862246], [-1.2246468525851679e-16, -1.2246468525851679e-16, 1.0, 0.0008415347933769435], [0.0, 0.0, 0.0, 1.0]], [[0.6375672221183777, 0.7703946828842163, -7.80794706081218e-17, -0.11816284453868868], [0.7703946828842163, -0.6375672221183777, -9.43461427900996e-17, -0.14393011260032657], [-1.2246468525851679e-16, 0.0, -1.0, -0.008042337417602519], [0.0, 0.0, 0.0, 1.0]], [[-0.45082810521125793, 0.7703946828842163, 0.45082810521125793, 0.0908478234410286], [-0.5447512865066528, -0.6375672221183777, 0.5447512865066528, 0.10771475815773011], [0.7071067690849304, 0.0, 0.7071067690849304, -0.12412567222118379], [0.0, 0.0, 0.0, 1.0]], [[0.6771335601806641, -0.2880628705024719, 0.6771335601806641, -0.1333664073944092], [-0.20369119942188263, -0.9576115012168884, -0.20369119942188263, 0.04008467152714729], [0.7071067690849304, 0.0, -0.7071067690849304, -0.13267863929271698], [0.0, 0.0, 0.0, 1.0]], [[-0.9576115012168884, -0.2880628705024719, 0.0, 0.17579203164577484], [0.2880628705024719, -0.9576115012168884, 0.0, -0.05291438710689545], [0.0, 0.0, 1.0, -0.010755514144897461], [0.0, 0.0, 0.0, 1.0]], [[0.9576115012168884, 0.2880628705024719, 1.5255112349142212e-16, -0.1881003383398056], [-0.2880628705024719, 0.9576115012168884, 8.199605831199708e-17, 0.05654950344562531], [-1.2246468525851679e-16, -1.2246468525851679e-16, 1.0, -0.01075551414489744], [0.0, 0.0, 0.0, 1.0]], [[-0.6247677206993103, -0.46832746267318726, -0.6247677206993103, 0.11314318597316743], [-0.33115750551223755, 0.883554995059967, -0.33115750551223755, 0.05852841293811798], [0.7071067094802856, 8.659559941682064e-17, -0.7071067094802856, -0.14435236287117006], [0.0, 0.0, 0.0, 1.0]], [[-6.495227310558286e-17, 0.9562597274780273, -0.2925190329551697, 0.003654710292816173], [-2.1233231339357669e-16, -0.2925190329551697, -0.9562597274780273, 0.006779432296752966], [-1.0, 0.0, 2.220446049250313e-16, 0.181649658203125], [0.0, 0.0, 0.0, 1.0]], [[0.9952642321586609, -0.09720654785633087, 1.0998035267571936e-16, -0.1947476958036423], [0.09720654785633087, 0.9952642321586609, 1.3378909224683315e-16, -0.01900944831967354], [-1.2246468525851679e-16, -1.2246468525851679e-16, 1.0, -0.003659662961959818], [0.0, 0.0, 0.0, 1.0]], [[-0.20684218406677246, 0.9562597274780273, -0.20684218406677246, 0.04159523105621338], [-0.6761777400970459, -0.2925190329551697, -0.6761777400970459, 0.1327303900718689], [-0.7071067690849304, 0.0, 0.7071067690849304, 0.13564394080638886], [0.0, 0.0, 0.0, 1.0]], [[2.1263246745937013e-16, -0.2880628705024719, 0.9576115012168884, -0.0061541538238525755], [-6.396280627429183e-17, -0.9576115012168884, -0.2880628705024719, 0.00181755816936494], [1.0, 0.0, -2.220446049250313e-16, -0.20075551414489748], [0.0, 0.0, 0.0, 1.0]], [[0.45082810521125793, 0.7703946828842163, -0.45082810521125793, -0.08935867148637772], [0.5447512865066528, -0.6375672221183777, -0.5447512865066528, -0.11016432881355287], [-0.7071067690849304, 0.0, -0.7071067690849304, 0.14457489955425262], [0.0, 0.0, 0.0, 1.0]], [[-0.09883379191160202, -0.9951039552688599, 1.2103649175649498e-17, 0.016310758993029598], [-0.9951039552688599, 0.09883379191160202, 1.2186509181097915e-16, 0.1809484055042267], [-1.2246468525851679e-16, 0.0, -1.0, 0.008943649291992208], [0.0, 0.0, 0.0, 1.0]], [[-1.0583866596611125e-16, 0.879090428352356, 0.476654976606369, 0.02791781425476076], [-1.9519728685687542e-16, -0.476654976606369, 0.879090428352356, -0.015121080398559538], [1.0, -2.7192622655495665e-32, 2.220446049250313e-16, -0.1974302558898926], [0.0, 0.0, 0.0, 1.0]], [[0.6375672221183777, -0.7703946828842163, -1.62666721819778e-17, -0.12483910453319551], [0.7703946828842163, 0.6375672221183777, 1.724256133982214e-16, -0.15303657317161562], [-1.2246468525851679e-16, -1.2246468525851679e-16, 1.0, 0.010224614143371603], [0.0, 0.0, 0.0, 1.0]], [[-0.20684218406677246, -0.9562597274780273, 0.20684218406677246, 0.04295472526550293], [-0.6761777400970459, 0.2925190329551697, 0.6761777400970459, 0.13525320386886597], [-0.7071067690849304, 8.659560603426554e-17, -0.7071067690849304, 0.1259999440908432], [0.0, 0.0, 0.0, 1.0]], [[-1.0535422267728589e-16, -0.8802699446678162, 0.474473237991333, -0.0015897306203841984], [1.954591920911444e-16, -0.474473237991333, -0.8802699446678162, 0.0049176964759826336], [1.0, -2.7192622655495665e-32, 2.220446049250313e-16, -0.20041305923461916], [0.0, 0.0, 0.0, 1.0]], [[-0.06988604366779327, 0.9951039552688599, 0.06988604366779327, 0.012520863324403763], [-0.7036447525024414, -0.09883379191160202, 0.7036447525024414, 0.1416963119506836], [0.7071067690849304, -8.659560603426554e-17, 0.7071067690849304, -0.14534661281108857], [0.0, 0.0, 0.0, 1.0]], [[-0.45082810521125793, -0.7703946828842163, -0.45082810521125793, 0.08363511449098587], [-0.5447512865066528, 0.6375672221183777, -0.5447512865066528, 0.09995689272880555], [0.7071067690849304, 8.659560603426554e-17, -0.7071067690849304, -0.13350875174999238], [0.0, 0.0, 0.0, 1.0]], [[-0.2925190329551697, 0.9562597274780273, 0.0, 0.05787383210659028], [-0.9562597274780273, -0.2925190329551697, 0.0, 0.18594596672058109], [0.0, 0.0, 1.0, 0.0012936544418334962], [0.0, 0.0, 0.0, 1.0]], [[-2.1263246745937013e-16, -0.2880628705024719, -0.9576115012168884, 0.005238160133361853], [6.396280627429183e-17, -0.9576115012168884, 0.2880628705024719, -0.0015419486761093248], [-1.0, 0.0, 2.220446049250313e-16, 0.18160218524932864], [0.0, 0.0, 0.0, 1.0]], [[0.45082810521125793, 0.7703946828842163, 0.45082810521125793, -0.09071730071306229], [0.5447512865066528, -0.6375672221183777, 0.5447512865066528, -0.11262606358528138], [0.7071067690849304, 0.0, -0.7071067690849304, -0.1423926237821579], [0.0, 0.0, 0.0, 1.0]], [[0.7037580609321594, 0.09720654785633087, 0.7037580609321594, -0.13936152470111848], [0.06873540580272675, -0.9952642321586609, 0.06873540580272675, -0.013599931329488755], [0.7071067690849304, 0.0, -0.7071067690849304, -0.13800994861125948], [0.0, 0.0, 0.0, 1.0]], [[-0.20684218406677246, 0.9562597274780273, -0.20684218406677246, 0.04295472526550293], [-0.6761777400970459, -0.2925190329551697, -0.6761777400970459, 0.13525320386886597], [-0.7071067690849304, 0.0, 0.7071067690849304, 0.1259999440908432], [0.0, 0.0, 0.0, 1.0]], [[0.20684218406677246, 0.9562597274780273, -0.20684218406677246, -0.03564530459046364], [0.6761777400970459, -0.2925190329551697, -0.6761777400970459, -0.1216943383216858], [-0.7071067690849304, 0.0, -0.7071067690849304, 0.1259999440908432], [0.0, 0.0, 0.0, 1.0]], [[0.6247677206993103, 0.46832746267318726, -0.6247677206993103, -0.12426854741573334], [0.33115750551223755, -0.883554995059967, -0.33115750551223755, -0.06731143963336944], [-0.7071067094802856, 0.0, -0.7071067094802856, 0.12434818720817567], [0.0, 0.0, 0.0, 1.0]], [[-1.4156836194842486e-16, -0.7703946828842163, -0.6375672221183777, 0.00404077005386355], [1.710619829973706e-16, -0.6375672221183777, 0.7703946828842163, -0.007291488170623809], [-1.0, 0.0, 2.220446049250313e-16, 0.1792224645614624], [0.0, 0.0, 0.0, 1.0]], [[0.09883379191160202, -0.9951039552688599, -1.2186509181097915e-16, -0.0171552322357893], [-0.9951039552688599, -0.09883379191160202, -1.2103649175649498e-17, 0.18370968270301818], [0.0, 1.2246468525851679e-16, -1.0, -0.0003036784827709198], [0.0, 0.0, 0.0, 1.0]], [[0.6375672221183777, 0.7703946828842163, -7.80794706081218e-17, -0.12138414847850801], [0.7703946828842163, -0.6375672221183777, -9.43461427900996e-17, -0.14673023009300235], [-1.2246468525851679e-16, 0.0, -1.0, -0.009454432487487773], [0.0, 0.0, 0.0, 1.0]], [[-2.1945510278254425e-17, -0.9951039552688599, -0.09883379191160202, -0.0018579772710800135], [-2.2095746460701002e-16, 0.09883379191160202, -0.9951039552688599, -0.006127783298492394], [1.0, 0.0, -2.220446049250313e-16, -0.2009963264465332], [0.0, 0.0, 0.0, 1.0]], [[6.495227310558286e-17, 0.9562597274780273, 0.2925190329551697, 0.00021828623116015286], [2.1233231339357669e-16, -0.2925190329551697, 0.9562597274780273, 0.0005073806643485662], [1.0, 0.0, -2.220446049250313e-16, -0.19945443344116212], [0.0, 0.0, 0.0, 1.0]], [[-2.1945510278254425e-17, -0.9951039552688599, -0.09883379191160202, -0.0004411876499652825], [-2.2095746460701002e-16, 0.09883379191160202, -0.9951039552688599, -0.0016085118055343254], [1.0, 0.0, -2