{"co_parameters": [[[-1.8819818743926413e-16, 0.530684769153595, 0.8475692868232727, -0.0018897756338119185], [-1.1783568990644144e-16, -0.8475692868232727, 0.530684769153595, -0.0005971081256866254], [1.0, -2.7192622655495665e-32, 2.220446049250313e-16, -0.23337236785888674], [0.0, 0.0, 0.0, 1.0]], [[-0.6813464760780334, 0.7319610714912415, 0.0, 0.13245741045475007], [-0.7319610714912415, -0.6813464760780334, 0.0, 0.14099239552021028], [0.0, 0.0, 0.9999999403953552, -0.020782211303710937], [0.0, 0.0, 0.0, 1.0]], [[1.8819818743926413e-16, 0.530684769153595, -0.8475692868232727, -0.004255360603332552], [1.1783568990644144e-16, -0.8475692868232727, -0.530684769153595, -0.0013226767778396805], [-1.0, 2.7192622655495665e-32, -2.220446049250313e-16, 0.2033341522216797], [0.0, 0.0, 0.0, 1.0]], [[1.8819818743926413e-16, -0.530684769153595, 0.8475692868232727, -0.0029300448894501053], [1.1783568990644144e-16, 0.8475692868232727, 0.530684769153595, -0.0009161786437034807], [-1.0, 0.0, 2.220446049250313e-16, 0.2122416648864746], [0.0, 0.0, 0.0, 1.0]], [[0.1584443747997284, -0.9745720624923706, -0.1584443747997284, -0.02840399616956711], [0.6891264915466309, 0.22407418489456177, -0.6891264915466309, -0.128126202583313], [0.7071067094802856, -8.659559941682064e-17, 0.7071067094802856, -0.16219035649299623], [0.0, 0.0, 0.0, 1.0]], [[-0.7319615483283997, -0.6813459396362305, -1.7308025075244077e-16, 0.13760751450061798], [0.6813459396362305, -0.7319615483283997, -6.198620195231472e-18, -0.12642007637023928], [-1.2246468525851679e-16, -1.2246468525851679e-16, 1.0, -0.000918301582336405], [0.0, 0.0, 0.0, 1.0]], [[-0.1584443747997284, 0.9745720624923706, -0.1584443747997284, 0.03151173943281174], [-0.6891264915466309, -0.22407418489456177, -0.6891264915466309, 0.13318938922882081], [-0.7071067094802856, 0.0, 0.7071067094802856, 0.17181304478645326], [0.0, 0.0, 0.0, 1.0]], [[0.6813464760780334, -0.7319610714912415, -6.198494463778364e-18, -0.12936082422733308], [0.7319610714912415, 0.6813464760780334, 1.7308026398733057e-16, -0.13897267639636995], [-1.2246467202362698e-16, -1.2246467202362698e-16, 0.9999999403953552, -0.0272810535430908], [0.0, 0.0, 0.0, 1.0]], [[0.7319615483283997, -0.6813459396362305, -8.34408185873271e-17, -0.1388444186449051], [-0.6813459396362305, -0.7319615483283997, -8.963943878255857e-17, 0.12978668022155762], [0.0, 1.2246468525851679e-16, -1.0, 0.006618118286132813], [0.0, 0.0, 0.0, 1.0]], [[0.025308189913630486, -0.9993593096733093, 0.025308189913630486, -0.0050732909254729746], [-0.7066537141799927, -0.03579118475317955, -0.7066537141799927, 0.1369593040943146], [0.7071067690849304, 0.0, -0.7071067690849304, -0.14984692752361298], [0.0, 0.0, 0.0, 1.0]], [[0.22407418489456177, 0.9745720624923706, -2.7441174190964858e-17, -0.04220651304721833], [0.9745720624923706, -0.22407418489456177, -1.1935066127216496e-16, -0.18487298274040223], [-1.2246467202362698e-16, 0.0, -0.9999999403953552, -0.004851984977722147], [0.0, 0.0, 0.0, 1.0]], [[0.6813464760780334, -0.7319610714912415, -6.198494463778364e-18, -0.12929993879795076], [0.7319610714912415, 0.6813464760780334, 1.7308026398733057e-16, -0.13917590153217316], [-1.2246467202362698e-16, -1.2246467202362698e-16, 0.9999999403953552, -0.035328987121582014], [0.0, 0.0, 0.0, 1.0]], [[0.5993219614028931, -0.530684769153595, 0.5993219614028931, -0.11712781929969789], [0.37525078654289246, 0.8475692868232727, 0.37525078654289246, -0.07231400269269944], [-0.7071067690849304, 0.0, 0.7071067690849304, 0.17149878489971163], [0.0, 0.0, 0.0, 1.0]], [[-0.3752443790435791, 0.8475749492645264, -0.3752443790435791, 0.07343993520736694], [0.599325954914093, 0.5306757092475891, 0.599325954914093, -0.11902896130084992], [0.7071067094802856, 8.659559941682064e-17, -0.7071067094802856, -0.14699012684822083], [0.0, 0.0, 0.0, 1.0]], [[0.7319615483283997, -0.6813459396362305, -8.34408185873271e-17, -0.1409085417985916], [-0.6813459396362305, -0.7319615483283997, -8.963943878255857e-17, 0.13308339881896974], [0.0, 1.2246468525851679e-16, -1.0, -0.02645408058166504], [0.0, 0.0, 0.0, 1.0]], [[-0.03579118475317955, -0.9993593096733093, 0.0, 0.007556363008916379], [0.9993593096733093, -0.03579118475317955, 0.0, -0.19051138865947725], [0.0, 0.0, 1.0, 0.014038742065429688], [0.0, 0.0, 0.0, 1.0]], [[-4.9754463858811386e-17, 0.9745720624923706, -0.22407418489456177, 0.0003573050498962487], [-2.1639846858709135e-16, -0.22407418489456177, -0.9745720624923706, -0.0006508605480193725], [-0.9999999403953552, 0.0, 2.220445916901415e-16, 0.20673022973537447], [0.0, 0.0, 0.0, 1.0]], [[-0.9560422897338867, 0.29322877526283264, 0.0, 0.1854179382324219], [-0.29322877526283264, -0.9560422897338867, 0.0, 0.05611701112985612], [0.0, 0.0, 1.0, 0.020226324081420898], [0.0, 0.0, 0.0, 1.0]], [[-0.6891258955001831, -0.2240782380104065, 0.6891258955001831, 0.1314727656841278], [0.1584472358226776, -0.974571168422699, -0.1584472358226776, -0.029817155301570895], [0.7071067690849304, 0.0, 0.7071067690849304, -0.15924009883403778], [0.0, 0.0, 0.0, 1.0]], [[-7.947239478318557e-18, 0.9993593096733093, 0.03579118475317955, -0.0006306867003440844], [2.21902343094562e-16, 0.03579118475317955, -0.9993593096733093, 0.003888299703597985], [-1.0, 2.7192622655495665e-32, -2.220446049250313e-16, 0.19233708000183106], [0.0, 0.0, 0.0, 1.0]], [[-0.5993219614028931, -0.530684769153595, 0.5993219614028931, 0.10878515839576722], [-0.37525078654289246, 0.8475692868232727, 0.37525078654289246, 0.06972019118070603], [-0.7071067690849304, 0.0, -0.7071067690849304, 0.18219506251811982], [0.0, 0.0, 0.0, 1.0]], [[-0.5175749659538269, 0.6813459396362305, -0.5175749659538269, 0.09650339591503145], [0.48178431391716003, 0.7319615483283997, 0.48178431391716003, -0.08791134947538376], [0.7071067690849304, 0.0, -0.7071067690849304, -0.16080436885356902], [0.0, 0.0, 0.0, 1.0]], [[-4.9754463858811386e-17, -0.9745720624923706, 0.22407418489456177, -0.00011697716265915978], [-2.1639846858709135e-16, 0.22407418489456177, 0.9745720624923706, -0.0006175670027732482], [-0.9999999403953552, 2.719261971675979e-32, -2.220445916901415e-16, 0.20790397393703464], [0.0, 0.0, 0.0, 1.0]], [[-0.025308189913630486, 0.9993593096733093, -0.025308189913630486, 0.005455603402107954], [0.7066537141799927, 0.03579118475317955, 0.7066537141799927, -0.13454197430610657], [0.7071067690849304, 8.659560603426554e-17, -0.7071067690849304, -0.16033801066875458], [0.0, 0.0, 0.0, 1.0]], [[-0.3752443790435791, -0.8475749492645264, -0.3752443790435791, 0.07354913663864136], [0.599325954914093, -0.5306757092475891, 0.599325954914093, -0.11938499653339386], [-0.7071067094802856, 0.0, 0.7071067094802856, 0.15127325558662416], [0.0, 0.0, 0.0, 1.0]], [[-2.122840325155832e-16, 0.29322877526283264, -0.9560422897338867, 0.002236349582672155], [-6.510986755588647e-17, -0.9560422897338867, -0.29322877526283264, 0.00034861901402474555], [-1.0, 0.0, 2.220446049250313e-16, 0.21925004959106448], [0.0, 0.0, 0.0, 1.0]], [[0.025308189913630486, -0.9993593096733093, -0.025308189913630486, -0.004876873534172773], [-0.7066537141799927, -0.03579118475317955, 0.7066537141799927, 0.13631888699531555], [-0.7071067690849304, 0.0, -0.7071067690849304, 0.16490628612041475], [0.0, 0.0, 0.0, 1.0]], [[-0.1584443747997284, 0.9745720624923706, -0.1584443747997284, 0.030403753697872165], [-0.6891264915466309, -0.22407418489456177, -0.6891264915466309, 0.13190217304229737], [-0.7071067094802856, 0.0, 0.7071067094802856, 0.17454180455207827], [0.0, 0.0, 0.0, 1.0]], [[-0.5993219614028931, -0.530684769153595, 0.5993219614028931, 0.11476639676094057], [-0.37525078654289246, 0.8475692868232727, 0.37525078654289246, 0.07155476301908494], [-0.7071067690849304, 0.0, -0.7071067690849304, 0.17881189143657686], [0.0, 0.0, 0.0, 1.0]], [[-1.8819818743926413e-16, -0.530684769153595, -0.8475692868232727, 0.0006913364529610001], [-1.1783568990644144e-16, 0.8475692868232727, -0.530684769153595, 0.0001945762932300768], [1.0, 0.0, -2.220446049250313e-16, -0.20007764625549318], [0.0, 0.0, 0.0, 1.0]], [[-1.5128930909780923e-16, -0.7319610714912415, 0.6813464760780334, 0.0008007810711860914], [-1.625280069397753e-16, 0.6813464760780334, 0.7319610714912415, 0.0011121752262115755], [-0.9999999403953552, 2.719261971675979e-32, -2.220445916901415e-16, 0.2274627584218979], [0.0, 0.0, 0.0, 1.0]], [[-0.03579118475317955, 0.9993593096733093, 1.2238622883177736e-16, 0.006535590253770352], [0.9993593096733093, 0.03579118475317955, 4.38315603325367e-18, -0.18718317019939423], [0.0, 1.2246468525851679e-16, -1.0, -0.015496641159057618], [0.0, 0.0, 0.0, 1.0]], [[1.8819818743926413e-16, 0.530684769153595, -0.8475692868232727, -0.0029300448894501053], [1.1783568990644144e-16, -0.8475692868232727, -0.530684769153595, -0.0009161786437034807], [-1.0, 2.7192622655495665e-32, -2.220446049250313e-16, 0.2122416648864746], [0.0, 0.0, 0.0, 1.0]], [[0.7319615483283997, -0.6813459396362305, -8.34408185873271e-17, -0.1400534955263138], [-0.6813459396362305, -0.7319615483283997, -8.963943878255857e-17, 0.13171775722503665], [0.0, 1.2246468525851679e-16, -1.0, -0.009895602226257325], [0.0, 0.0, 0.0, 1.0]], [[-0.6813464760780334, -0.7319610714912415, -8.963937922555447e-17, 0.130039670586586], [-0.7319610714912415, 0.6813464760780334, 8.34408847617761e-17, 0.13947859871387483], [0.0, 1.2246467202362698e-16, -0.9999999403953552, -0.010675848960876465], [0.0, 0.0, 0.0, 1.0]], [[0.5993219614028931, -0.530684769153595, -0.5993219614028931, -0.11904878830909729], [0.37525078654289246, 0.8475692868232727, -0.37525078654289246, -0.07290319794416429], [0.7071067690849304, 0.0, 0.7071067690849304, -0.1523777025938034], [0.0, 0.0, 0.0, 1.0]], [[-0.1584443747997284, -0.9745720624923706, 0.1584443747997284, 0.03298835057020188], [-0.6891264915466309, 0.22407418489456177, 0.6891264915466309, 0.13597243976593018], [-0.7071067094802856, 8.659559941682064e-17, -0.7071067094802856, 0.17937081074714661], [0.0, 0.0, 0.0, 1.0]], [[0.9560422897338867, -0.29322877526283264, 8.117124674471841e-17, -0.17941168594360352], [0.29322877526283264, 0.9560422897338867, 1.5299159385888416e-16, -0.05536484819650651], [-1.2246468525851679e-16, -1.2246468525851679e-16, 1.0, 0.029250049591064475], [0.0, 0.0, 0.0, 1.0]], [[-0.6760239601135254, 0.29322877526283264, -0.6760239601135254, 0.1306809024810791], [-0.20734405517578125, -0.9560422897338867, -0.20734405517578125, 0.03974398946762085], [-0.7071067690849304, 0.0, 0.7071067690849304, 0.16360033595561982], [0.0, 0.0, 0.0, 1.0]], [[1.5128930909780923e-16, 0.7319610714912415, 0.6813464760780334, 0.001979153394699071], [1.625280069397753e-16, -0.6813464760780334, 0.7319610714912415, 0.0012796344757079804], [0.9999999403953552, 0.0, -2.220445916901415e-16, -0.2312636731863022], [0.0, 0.0, 0.0, 1.0]], [[0.8475692868232727, 0.530684769153595, 6.499014474274799e-17, -0.15955048668384553], [0.530684769153595, -0.8475692868232727, -1.0379730332833858e-16, -0.10039127933979036], [0.0, 1.2246468525851679e-16, -1.0, 0.0036641564369201663], [0.0, 0.0, 0.0, 1.0]], [[-0.7319615483283997, 0.6813459396362305, 8.963943878255857e-17, 0.13958805572986605], [0.6813459396362305, 0.7319615483283997, -8.34408185873271e-17, -0.1295832986831665], [-1.2246468525851679e-16, 0.0, -1.0, 0.03073383140563967], [0.0, 0.0, 0.0, 1.0]], [[0.3752443790435791, -0.8475749492645264, -0.3752443790435791, -0.07086880016326905], [-0.599325954914093, -0.5306757092475891, 0.599325954914093, 0.11430960953235626], [-0.7071067094802856, 0.0, -0.7071067094802856, 0.17312422108650208], [0.0, 0.0, 0.0, 1.0]], [[-0.6813464760780334, 0.7319610714912415, 0.0, 0.13100966227054597], [-0.7319610714912415, -0.6813464760780334, 0.0, 0.14008593285083773], [0.0, 0.0, 0.9999999403953552, 0.03185247230529785], [0.0, 0.0, 0.0, 1.0]], [[-0.1584443747997284, 0.9745720624923706, -0.1584443747997284, 0.030541188895702367], [-0.6891264915466309, -0.22407418489456177, -0.6891264915466309, 0.128064697265625], [-0.7071067094802856, 0.0, 0.7071067094802856, 0.1809138367176056], [0.0, 0.0, 0.0, 1.0]], [[-0.1584443747997284, -0.9745720624923706, -0.1584443747997284, 0.030610370337963107], [-0.6891264915466309, 0.22407418489456177, -0.6891264915466309, 0.12613304901123049], [0.7071067094802856, 8.659559941682064e-17, -0.7071067094802856, -0.17891488194465638], [0.0, 0.0, 0.0, 1.0]], [[-0.5306757092475891, -0.8475749492645264, 0.0, 0.10250020039081574], [0.8475749492645264, -0.5306757092475891, 0.0, -0.16465824651718142], [0.0, 0.0, 0.9999999403953552, -0.042540817260742186], [0.0, 0.0, 0.0, 1.0]], [[4.9754463858811386e-17, 0.9745720624923706, 0.22407418489456177, 0.00046388989686965096], [2.1639846858709135e-16, -0.22407418489456177, 0.9745720624923706, -0.0036269452571869266], [0.9999999403953552, 0.0, -2.220445916901415e-16, -0.22597485101222994], [0.0, 0.0, 0.0, 1.0]], [[4.9754463858811386e-17, 0.9745720624923706, 0.22407418489456177, 0.00174624276161193], [2.1639846858709135e-16, -0.22407418489456177, 0.9745720624923706, 0.0028941543102264035], [0.9999999403953552, 0.0, -2.220445916901415e-16, -0.23137542855739596], [0.0, 0.0, 0.0, 1.0]], [[0.5306757092475891, 0.8475749492645264, 1.6878703778950275e-16, -0.10058216392993928], [-0.8475749492645264, 0.5306757092475891, -3.880896514804841e-17, 0.1620684027671814], [-1.2246467202362698e-16, -1.2246467202362698e-16, 0.9999999403953552, 0.020111204147338888], [0.0, 0.0, 0.0, 1.0]], [[-0.5306757092475891, -0.8475749492645264, 0.0, 0.10185862457752229], [0.8475749492645264, -0.5306757092475891, 0.0, -0.16256638097763063], [0.0, 0.0, 0.9999999403953552, 0.04586599349975586], [0.0, 0.0, 0.0, 1.0]], [[-0.9560422897338867, -0.29322877526283264, -3.5910170248360426e-17, 0.1870626735687256], [-0.29322877526283264, 0.9560422897338867, 1.1708142030180128e-16, 0.05617591816186906], [0.0, 1.2246468525851679e-16, -1.0, -0.034347259521484375], [0.0, 0.0, 0.0, 1.0]], [[-7.947239478318557e-18, 0.9993593096733093, 0.03579118475317955, -6.831747293472155e-05], [2.21902343094562e-16, 0.03579118475317955, -0.9993593096733093, 0.002054682254791222], [-1.0, 2.7192622655495665e-32, -2.220446049250313e-16, 0.22055599975585938], [0.0, 0.0, 0.0, 1.0]], [[0.4817847013473511, -0.7319610714912415, 0.4817847013473511, -0.08998526072502136], [0.5175746083259583, 0.6813464760780334, 0.5175746083259583, -0.0973258467912674], [-0.7071067094802856, -8.659559941682064e-17, 0.7071067094802856, 0.166202746629715], [0.0, 0.0, 0.0, 1.0]], [[0.22407418489456177, 0.9745720624923706, -2.7441174190964858e-17, -0.04227477276325226], [0.9745720624923706, -0.22407418489456177, -1.1935066127216496e-16, -0.18420055270195007], [-1.2246467202362698e-16, 0.0, -0.9999999403953552, 0.04019153213500979], [0.0, 0.0, 0.0, 1.0]], [[0.7319615483283997, -0.6813459396362305, -8.34408185873271e-17, -0.14030865490436556], [-0.6813459396362305, -0.7319615483283997, -8.963943878255857e-17, 0.1321252841949463], [0.0, 1.2246468525851679e-16, -1.0, 0.021657176971435547], [0.0, 0.0, 0.0, 1.0]], [[-0.9560422897338867, 0.29322877526283264, 0.0, 0.18352554321289063], [-0.29322877526283264, -0.9560422897338867, 0.0, 0.056049236357212075], [0.0, 0.0, 1.0, -0.016557973861694338], [0.0, 0.0, 0.0, 1.0]], [[0.4817847013473511, -0.7319610714912415, -0.4817847013473511, -0.09403672766685486], [0.5175746083259583, 0.6813464760780334, -0.5175746083259583, -0.10344383442401886], [0.7071067094802856, -8.659559941682064e-17, 0.7071067094802856, -0.15286447072029113], [0.0, 0.0, 0.0, 1.0]], [[-0.6891258955001831, -0.2240782380104065, 0.6891258955001831, 0.12900886034965517], [0.1584472358226776, -0.974571168422699, -0.1584472358226776, -0.02990541118383408], [0.7071067690849304, 0.0, 0.7071067690849304, -0.16954281795024873], [0.0, 0.0, 0.0, 1.0]], [[4.9754463858811386e-17, -0.9745720624923706, -0.22407418489456177, 0.0003222517073154365], [2.1639846858709135e-16, 0.22407418489456177, -0.9745720624923706, 0.000327960789203607], [0.9999999403953552, -2.719261971675979e-32, 2.220445916901415e-16, -0.21031696832180025], [0.0, 0.0, 0.0, 1.0]], [[0.22407418489456177, 0.9745720624923706, -2.7441174190964858e-17, -0.042137337327003484], [0.9745720624923706, -0.22407418489456177, -1.1935066127216496e-16, -0.18803802752494814], [-1.2246467202362698e-16, 0.0, -0.9999999403953552, 0.046563560485839865], [0.0, 0.0, 0.0, 1.0]], [[0.4817847013473511, 0.7319610714912415, 0.4817847013473511, -0.0866521270275116], [0.5175746083259583, -0.6813464760780334, 0.5175746083259583, -0.09523890554904939], [0.7071067094802856, 0.0, -0.7071067094802856, -0.16899644780158998], [0.0, 0.0, 0.0, 1.0]], [[0.6891258955001831, -0.2240782380104065, -0.6891258955001831, -0.13002508807182311], [-0.1584472358226776, -0.974571168422699, 0.1584472358226776, 0.030406046092510224], [-0.7071067690849304, 0.0, -0.7071067690849304, 0.1747830446958542], [0.0, 0.0, 0.0, 1.0]], [[-0.5306757092475891, -0.8475749492645264, 0.0, 0.10297188770771028], [0.8475749492645264, -0.5306757092475891, 0.0, -0.16619627141952514], [0.0, 0.0, 0.9999999403953552, -0.012639851570129396], [0.0, 0.0, 0.0, 1.0]], [[-0.6760239601135254, 0.29322877526283264, 0.6760239601135254, 0.13027666664123536], [-0.20734405517578125, -0.9560422897338867, 0.20734405517578125, 0.039729512214660645], [0.7071067690849304, 0.0, 0.7071067690849304, -0.15924009883403778], [0.0, 0.0, 0.0, 1.0]], [[1.6252811281889371e-16, 0.6813459396362305, 0.7319615483283997, -0.0014693226814270295], [-1.5128918998380102e-16, 0.7319615483283997, -0.6813459396362305, 0.0030422689914703627], [-1.0, 0.0, 2.220446049250313e-16, 0.22670837783813477], [0.0, 0.0, 0.0, 1.0]], [[0.025308189913630486, 0.9993593096733093, -0.025308189913630486, -0.004784680288285017], [-0.7066537141799927, 0.03579118475317955, 0.7066537141799927, 0.13601831173896792], [0.7071067690849304, -8.659560603426554e-17, 0.7071067690849304, -0.17137571513652802], [0.0, 0.0, 0.0, 1.0]], [[-0.8475692868232727, 0.530684769153595, -3.880715858559059e-17, 0.15929553329944612], [-0.530684769153595, -0.8475692868232727, -1.6878744807108658e-16, 0.10027812969684602], [-1.2246468525851679e-16, -1.2246468525851679e-16, 1.0, -0.030758918762207012], [0.0, 0.0, 0.0, 1.0]], [[-0.8475692868232727, -0.530684769153595, 1.0379730332833858e-16, 0.15914838898181916], [-0.530684769153595, 0.8475692868232727, 6.499014474274799e-17, 0.10023299801349642], [-1.2246468525851679e-16, 0.0, -1.0, -0.0433723678588867], [0.0, 0.0, 0.0, 1.0]], [[0.974571168422699, -0.2240782380104065, -1.1935055539304655e-16, -0.18458428132534027], [-0.2240782380104065, -0.974571168422699, 2.744167049933239e-17, 0.042864311814308165], [-1.2246468525851679e-16, 0.0, -1.0, -0.016557973861694317], [0.0, 0.0, 0.0, 1.0]], [[2.1639827006374434e-16, 0.2240782380104065, -0.974571168422699, 0.0005842404961585631], [-4.9755363831317843e-17, 0.974571168422699, 0.2240782380104065, 0.0002894468009471978], [1.0, -2.7192622655495665e-32, 2.220446049250313e-16, -0.20655797195434572], [0.0, 0.0, 0.0, 1.0]], [[0.5993219614028931, 0.530684769153595, -0.5993219614028931, -0.11297594857215883], [0.37525078654289246, -0.8475692868232727, -0.37525078654289246, -0.07104053562879563], [-0.7071067690849304, 8.659560603426554e-17, -0.7071067690849304, 0.17881189143657686], [0.0, 0.0, 0.0, 1.0]], [[-0.22407418489456177, 0.9745720624923706, 0.0, 0.04288364708423615], [-0.9745720624923706, -0.22407418489456177, 0.0, 0.18585114550590515], [0.0, 0.0, 0.9999999403953552, 0.0022350268363952636], [0.0, 0.0, 0.0, 1.0]], [[0.6891258955001831, -0.2240782380104065, 0.6891258955001831, -0.13039507460594177], [-0.1584472358226776, -0.974571168422699, -0.1584472358226776, 0.030392794311046602], [0.7071067690849304, 0.0, -0.7071067690849304, -0.15924009883403778], [0.0, 0.0, 0.0, 1.0]], [[0.1584443747997284, -0.9745720624923706, -0.1584443747997284, -0.029598492085933688], [0.6891264915466309, 0.22407418489456177, -0.6891264915466309, -0.13573501873016358], [0.7071067094802856, -8.659559941682064e-17, 0.7071067094802856, -0.17891488194465638], [0.0, 0.0, 0.0, 1.0]], [[-1.6252811281889371e-16, -0.6813459396362305, 0.7319615483283997, -0.0018358472585677825], [1.5128918998380102e-16, -0.7319615483283997, -0.6813459396362305, 0.003627670288085912], [1.0, -2.7192622655495665e-32, 2.220446049250313e-16, -0.21645408248901368], [0.0, 0.0, 0.0, 1.0]], [[0.3752443790435791, 0.8475749492645264, 0.3752443790435791, -0.07026619195938111], [-0.599325954914093, 0.5306757092475891, -0.599325954914093, 0.11234479057788849], [-0.7071067094802856, -8.659559941682064e-17, 0.7071067094802856, 0.1802162697315216], [0.0, 0.0, 0.0, 1.0]], [[-0.5993219614028931, 0.530684769153595, 0.5993219614028931, 0.11198139691352846], [-0.37525078654289246, -0.8475692868232727, 0.37525078654289246, 0.07070054119825364], [0.7071067690849304, -8.659560603426554e-17, 0.7071067690849304, -0.17772265422344208], [0.0, 0.0, 0.0, 1.0]], [[0.6813464760780334, -0.7319610714912415, -6.198494463778364e-18, -0.1279019981622696], [0.7319610714912415, 0.6813464760780334, 1.7308026398733057e-16, -0.13805927479267122], [-1.2246467202362698e-16, -1.2246467202362698e-16, 0.9999999403953552, 0.03185247230529787], [0.0, 0.0, 0.0, 1.0]], [[-0.22407418489456177, 0.9745720624923706, 0.0, 0.04360101807117463], [-0.9745720624923706, -0.22407418489456177, 0.0, 0.1867071158885956], [0.0, 0.0, 0.9999999403953552, -0.012398446083068847], [0.0, 0.0, 0.0, 1.0]], [[-0.03579118475317955, 0.9993593096733093, 1.2238622883177736e-16, 0.00744737245887518], [0.9993593096733093, 0.03579118475317955, 4.38315603325367e-18, -0.19015603816509247], [0.0, 1.2246468525851679e-16, -1.0, -0.025987724304199218], [0.0, 0.0, 0.0, 1.0]], [[0.03579118475317955, 0.9993593096733093, 1.2676938610580194e-16, -0.006149545870721341], [-0.9993593096733093, 0.03579118475317955, -1.1800307155775277e-16, 0.18958833873271944], [-1.2246468525851679e-16, -1.2246468525851679e-16, 1.0, 0.04586599349975588], [0.0, 0.0, 0.0, 1.0]], [[-0.22407418489456177, 0.9745720624923706, 0.0, 0.044274530053138736], [-0.9745720624923706, -0.22407418489456177, 0.0, 0.18797652316093444], [0.0, 0.0, 0.9999999403953552, -0.0278400821685791], [0.0, 0.0, 0.0, 1.0]], [[0.3752443790435791, -0.8475749492645264, -0.3752443790435791, -0.06985131740570069], [-0.599325954914093, -0.5306757092475891, 0.599325954914093, 0.1109920951128006], [-0.7071067094802856, 0.0, -0.7071067094802856, 0.16228785252571107], [0.0, 0.0, 0.0, 1.0]], [[-7.947239478318557e-18, 0.9993593096733093, 0.03579118475317955, 0.0006507792472839369], [2.21902343094562e-16, 0.03579118475317955, -0.9993593096733093, -0.00028992983698848684], [-1.0, 2.7192622655495665e-32, -2.220446049250313e-16, 0.23586599731445312], [0.0, 0.0, 0.0, 1.0]], [[0.8475692868232727, -0.530684769153595, 0.0, -0.16014294064044954], [0.530684769153595, 0.8475692868232727, 0.0, -0.1005729924440384], [0.0, 0.0, 1.0, 0.04446160507202149], [0.0, 0.0, 0.0, 1.0]], [[4.9754463858811386e-17, 0.9745720624923706, 0.22407418489456177, 0.001700435042381278], [2.1639846858709135e-16, -0.22407418489456177, 0.9745720624923706, 0.0028078310489654174], [0.9999999403953552, 0.0, -2.220445916901415e-16, -0.21784007012844087], [0.0, 0.0, 0.0, 1.0]], [[-0.1584443747997284, 0.9745720624923706, 0.1584443747997284, 0.030426682889461522], [-0.6891264915466309, -0.22407418489456177, 0.6891264915466309, 0.13126199436187744], [0.7071067094802856, 0.0, 0.7071067094802856, -0.15466725468635562], [0.0, 0.0, 0.0, 1.0]], [[-0.974571168422699, 0.2240782380104065, 2.744167049933239e-17, 0.17990437352657318], [0.2240782380104065, 0.974571168422699, 1.1935055539304655e-16, -0.04249485838413239], [0.0, 1.2246468525851679e-16, -1.0, 0.02479325866699219], [0.0, 0.0, 0.0, 1.0]], [[-0.7319615483283997, -0.6813459396362305, -1.7308025075244077e-16, 0.13930096924304963], [0.6813459396362305, -0.7319615483283997, -6.198620195231472e-18, -0.12912477684020998], [-1.2246468525851679e-16, -1.2246468525851679e-16, 1.0, 0.006618118286132834], [0.0, 0.0, 0.0, 1.0]], [[0.6813464760780334, 0.7319610714912415, -8.34408847617761e-17, -0.12645425093173981], [0.7319610714912415, -0.6813464760780334, -8.963937922555447e-17, -0.13715281212329866], [-1.2246467202362698e-16, 0.0, -0.9999999403953552, -0.020782211303710916], [0.0, 0.0, 0.0, 1.0]], [[-0.3752443790435791, 0.8475749492645264, 0.3752443790435791, 0.07172406387329101], [0.599325954914093, 0.5306757092475891, -0.599325954914093, -0.11343425381183625], [-0.7071067094802856, 8.659559941682064e-17, -0.7071067094802856, 0.17312422108650208], [0.0, 0.0, 0.0, 1.0]], [[0.22407418489456177, -0.9745720624923706, -9.19094870812001e-17, -0.04220651304721833], [0.9745720624923706, 0.22407418489456177, 1.4679184208057471e-16, -0.18487298274040223], [-1.2246467202362698e-16, -1.2246467202362698e-16, 0.9999999403953552, -0.004851984977722147], [0.0, 0.0, 0.0, 1.0]], [[0.6760239601135254, -0.29322877526283264, -0.6760239601135254, -0.12500945377349854], [0.20734405517578125, 0.9560422897338867, -0.20734405517578125, -0.03900381708145142], [0.7071067690849304, -8.659560603426554e-17, 0.7071067690849304, -0.17831673228740694], [0.0, 0.0, 0.0, 1.0]], [[0.974571168422699, -0.2240782380104065, -1.1935055539304655e-16, -0.1842596906423569], [-0.2240782380104065, -0.974571168422699, 2.744167049933239e-17, 0.042875936627388006], [-1.2246468525851679e-16, 0.0, -1.0, 0.04043275833129885], [0.0, 0.0, 0.0, 1.0]], [[-0.5993219614028931, -0.530684769153595, -0.5993219614028931, 0.11198139691352846], [-0.37525078654289246, 0.8475692868232727, -0.37525078654289246, 0.07070054119825364], [0.7071067690849304, 0.0, -0.7071067690849304, -0.17772265422344208], [0.0, 0.0, 0.0, 1.0]], [[-1.178336782031917e-16, -0.8475749492645264, -0.5306757092475891, 0.0010302400588989458], [1.8819944475379521e-16, -0.5306757092475891, 0.8475749492645264, -0.0015271410942077957], [-0.9999999403953552, 0.0, 2.220445916901415e-16, 0.235865979552269], [0.0, 0.0, 0.0, 1.0]], [[-0.974571168422699, 0.2240782380104065, 2.744167049933239e-17, 0.17984354913234712], [0.2240782380104065, 0.974571168422699, 1.1935055539304655e-16, -0.04249703562259674], [0.0, 1.2246468525851679e-16, -1.0, 0.04457277297973633], [0.0, 0.0, 0.0, 1.0]], [[0.5175749659538269, -0.6813459396362305, 0.5175749659538269, -0.09749218451976777], [-0.48178431391716003, -0.7319615483283997, -0.48178431391716003, 0.09088167923688889], [0.7071067690849304, 8.659560603426554e-17, -0.7071067690849304, -0.1772385195493698], [0.0, 0.0, 0.0, 1.0]], [[0.5993219614028931, 0.530684769153595, -0.5993219614028931, -0.11680121731758118], [0.37525078654289246, -0.8475692868232727, -0.37525078654289246, -0.07221382778882982], [-0.7071067690849304, 8.659560603426554e-17, -0.7071067690849304, 0.15659195125102998], [0.0, 0.0, 0.0, 1.0]]], "foliation_name": "trans", "similarity_matrix": [[1.0, 0.015520165813674864, 0.0, 0.0, 0.33230207387752664, 0.011473510011447858, 0.0, 0.020357407175908573, 0.009378432858423701, 0.27377083243147143, 0.012381540057730098, 0.023906479948574408, 0.0, 0.2571293989394669, 0.018288531172950533, 0.007668885044657253, 0.0, 0.005896282616949013, 0.2991568252930648, 0.0, 0.0, 0.3234890669142536, 0.0, 0.31145621242346977, 0.0, 0.0, 0.0, 0.0, 0.0, 0.9457355271908551, 0.0, 0.016264689707756585, 0.0, 0.013191908603979563, 0.013137851612895463, 0.27921596417610467, 0.0, 0.005644277308368486, 0.0, 0.9988537700509524, 0.01054973406243734, 0.004874948913872198, 0.0, 0.004545919926129197, 0.0, 0.36635623212788343, 0.024424692020661696, 0.9965338180958874, 0.9985311899412908, 0.006570228386956523, 0.0031707775549927025, 0.019689237485389362, 0.0, 0.0, 0.004034009804866928, 0.006136936982389628, 0.014538906543760714, 0.2787208956601428, 0.3317361457093671, 0.9734922027989569, 0.003147555281352434, 0.36264592809067026, 0.0, 0.012799237238617806, 0.29243000941768627, 0.0, 0.3243859179052491, 0.02104261591309227, 0.02703575255052772, 0.016330369052268756, 0.96435428189485, 0.0, 0.009896479462346145, 0.31710745723790323, 0.3329325303085684, 0.9849107456731343, 0.0, 0.3473662625446076, 0.005199896531094802, 0.013564623933658477, 0.01921138688649581, 0.0033023685640892636, 0.018359320605234618, 0.0, 0.0, 0.0036389264636597107, 0.9868008864170458, 0.291905930512209, 0.006249035595087208, 0.009056348339766866, 0.01889655628862717, 0.0, 0.012381540057730098, 0.3740894471252749, 0.004046269405005557, 0.3473662625446076, 0.0, 0.0036747141990281077, 0.3559411641069922, 0.0], [0.015520165813674864, 1.0, 0.011562151362485234, 0.009656813808647685, 0.002682504364404559, 0.027402711126664883, 0.09372856105248659, 0.0, 0.024119842745388455, 0.1687200372123473, 0.001045610870054058, 0.0, 0.0, 0.012875904547642335, 0.023709863019274646, 0.0017559670125135416, 0.011502642882613594, 0.5573674548211658, 0.08914046097342744, 0.016614676214428997, 0.09612081941696195, 0.02559340567242521, 0.011133417660918415, 0.0037703616224161298, 0.006434807155452687, 0.00891945583314596, 0.0693658815163159, 0.08780608914685589, 0.10553017820959669, 0.031205146654381764, 0.0072370481515644305, 0.0020556360041253797, 0.009656813808647685, 0.024137103457867366, 0.9945013017038331, 0.0017902794683591929, 0.08214978177274447, 0.0, 0.1094047896895691, 0.017540200138156756, 0.0, 0.022448808023477523, 0.018619747190365535, 0.8705162620397643, 0.0771530093478701, 0.16862809525225392, 0.008725227655093705, 0.017899898603685526, 0.017841787775094382, 0.05951916224377857, 0.007608684300891041, 0.595716598218935, 0.008587460690415891, 0.0, 0.0, 0.022042425074773598, 0.6113611297703608, 0.0016044741100077, 0.07672078788099229, 0.02575553177713673, 0.0, 0.001839949942240866, 0.002541299427397162, 0.00850624507974648, 0.22957369348642168, 0.0073493638967728385, 0.12530026798263763, 0.8834896254686454, 0.8657101160560983, 0.004037247673034816, 0.027719911704767303, 0.0, 0.5896126389329995, 0.0065570318288447555, 0.0016578776555116245, 0.023277799451404332, 0.016295036872608713, 0.22322316162740877, 0.0, 0.6048408650458662, 0.001883883635510764, 0.27230948089591434, 0.605507768897712, 0.023101133337818498, 0.005724683653106837, 0.0, 0.023473201129644853, 0.24133729957990435, 0.14958514203158815, 0.02500474423446905, 0.0, 0.004969856387203641, 0.001045610870054058, 0.002063784860287911, 0.003382795243953541, 0.22322316162740877, 0.005653017228709192, 0.13407426793112706, 0.018422090627677672, 0.0], [0.0, 0.011562151362485234, 1.0, 0.9959449026385357, 0.0, 0.020744887209877577, 0.361191376862875, 0.012395390319432497, 0.02470606451245069, 0.0, 0.019753114414069493, 0.010238652248896652, 0.39074569199666803, 0.0, 0.011350135851526154, 0.02763108700662714, 0.9983382864483977, 0.026231309275449574, 0.0, 0.9919708664856217, 0.40106564679344425, 0.0, 0.9980764870592517, 0.0, 0.32136930560127397, 0.9851978308193102, 0.3601827476436274, 0.3719545412585592, 0.3664252771267234, 0.0, 0.9697813445263452, 0.016108890912598275, 0.9959449026385357, 0.016884596032385648, 0.015236060481518706, 0.0, 0.3532446076029859, 0.040939255734233355, 0.3417472073360809, 0.0, 0.02495678410487781, 0.03518685348160094, 0.39216742272719407, 0.03386337652705906, 0.39742333683895886, 0.0, 0.0072355070440728135, 0.0, 0.0, 0.030874447200537142, 0.044907598356264504, 0.008049923215381892, 0.9838549835188339, 0.40768016682221975, 0.04616159506310512, 0.03121732023588196, 0.012951452348525178, 0.0, 0.0, 0.0, 0.047640843182766034, 0.0, 0.41394651082675527, 0.014017474666754254, 0.0, 0.9717478322786837, 0.0, 0.010100412822835676, 0.007475561601183884, 0.015887830364445184, 0.0, 0.42141925869688157, 0.020534726773555372, 0.0, 0.0, 0.0, 0.41039640825071116, 0.0, 0.04200591271535619, 0.014840476956523173, 0.01202781383965028, 0.04676228130252661, 0.010222711755272835, 0.3944995814969072, 0.9472674507103326, 0.05130801819426038, 0.0, 0.0, 0.03422472356815463, 0.022762072692757502, 0.015274160423969407, 0.3818403436404335, 0.019753114414069493, 0.0, 0.04759974309479633, 0.0, 0.9471328772715909, 0.047836096117282886, 0.0, 0.37013922082414247], [0.0, 0.009656813808647685, 0.9959449026385357, 1.0, 0.0, 0.017459162979189227, 0.3533554009304561, 0.00982879939987341, 0.020391356764427805, 0.0, 0.01613720315675422, 0.008059933172364173, 0.37158927529597835, 0.0, 0.009092717235498095, 0.02310434765450342, 0.9979394426790904, 0.022809223087592496, 0.0, 0.9789952553704396, 0.39905581156386666, 0.0, 0.9986599723594889, 0.0, 0.3072507958851222, 0.9961369765466618, 0.3485667663297605, 0.36469801643196764, 0.36380731722038173, 0.0, 0.987591669810578, 0.013118525921923273, 1.0, 0.013730085984964386, 0.012836481580678322, 0.0, 0.34802293795831446, 0.034037677002480636, 0.33501214230195553, 0.0, 0.020296844616154407, 0.030466951522460567, 0.3786402625681644, 0.029640120117496838, 0.391834075692157, 0.0, 0.005829216203224453, 0.0, 0.0, 0.025956798965513353, 0.0391630497344838, 0.006666879770031958, 0.9957020083888867, 0.3868659417327826, 0.03926092412952614, 0.026111361688234025, 0.010894452589692485, 0.0, 0.0, 0.0, 0.04074423338056336, 0.0, 0.3957810001210125, 0.011601400686457656, 0.0, 0.9887095915875573, 0.0, 0.008376780712223612, 0.006129551060189293, 0.012721061654408606, 0.0, 0.40362128863255947, 0.017333346919915015, 0.0, 0.0, 0.0, 0.39875167305623227, 0.0, 0.0351272475780458, 0.012365298522999123, 0.009703005800298672, 0.04078059195424534, 0.008401468113380314, 0.37723294278902575, 0.9718375113335507, 0.043272332794764085, 0.0, 0.0, 0.02974050726539187, 0.019288463943573277, 0.012188304053795772, 0.3722408179039458, 0.01613720315675422, 0.0, 0.04010636198928938, 0.0, 0.9716994302225549, 0.042308176066737646, 0.0, 0.34736626345904137], [0.33230207387752664, 0.002682504364404559, 0.0, 0.0, 1.0, 0.06864583629462111, 0.0, 0.2403703000116828, 0.004681519275703075, 0.02875599824776656, 0.24454533209375884, 0.26717802759546433, 0.0021890684443284995, 0.5860727566911038, 0.0069573170572592045, 0.16329899260369682, 0.0, 0.0035113863843357733, 0.1717393503131581, 0.0, 0.0, 0.4227081936560332, 0.0, 0.9421843671354808, 0.00433816707824238, 0.0, 0.0, 0.0, 0.0, 0.3916306652020104, 0.0, 0.26943660190619495, 0.0, 0.0057315198178721615, 0.0025030670760958582, 0.5665839659110847, 0.0, 0.03925199231158692, 0.0, 0.32561462373030764, 0.10290371266665807, 0.03790851801009458, 0.0, 0.0011541777425141395, 0.0, 0.03267980132979157, 0.1940975848088449, 0.3605504390917013, 0.31881872732699973, 0.0021539407484150157, 0.04630818113908903, 0.007915585088615198, 0.0, 0.0035751555988535687, 0.1091651976164846, 0.0033205573428646017, 0.00670687404521225, 0.7786473382636182, 0.17833602935381113, 0.37451641973922545, 0.09367054513414207, 0.7976851631418395, 0.0, 0.12824307954305234, 0.0693622999342462, 0.0, 0.029561832265660937, 0.005317334632519228, 0.006252949283637579, 0.023691882641539173, 0.3809847301981954, 0.0017571911543702156, 0.0014352551406227466, 0.1691382125288477, 0.9831910580212376, 0.349760786448918, 0.0, 0.05107927317205981, 0.0922992246626358, 0.0017528830934876421, 0.30597666923886463, 0.0, 0.002090147038848385, 0.0, 0.0, 0.04777285243483247, 0.34736627634633815, 0.02899743659743081, 0.013765591709439678, 0.058931661670352964, 0.22658474811356755, 0.0021516746671629474, 0.24454533209375884, 0.41611362842271704, 0.00881499596065461, 0.05107927317205981, 0.0, 0.009332301552023558, 0.070762856266986, 0.003578842956399565], [0.011473510011447858, 0.027402711126664883, 0.020744887209877577, 0.017459162979189227, 0.06864583629462111, 1.0, 0.004390910242120001, 0.027137856728808474, 0.0, 0.0036987596175628167, 0.16723631742620962, 0.02651812636434378, 0.007601440152048246, 0.27929214537445707, 0.0, 0.34567132511513343, 0.020456325466147403, 0.16484991933919252, 0.1787345476142796, 0.025412351996434164, 0.026193956166121156, 0.23767423412865638, 0.019823840824856862, 0.11679186043803613, 0.2551738532839449, 0.01585113322707532, 0.002887792787362145, 0.004277842023656845, 0.027282102998619138, 0.024167285854587217, 0.012801434686987327, 0.34845106604505216, 0.017459162979189227, 0.0, 0.02891818479833095, 0.01019939276504609, 0.0036264811257664875, 0.004861601235810659, 0.06479793557186668, 0.012408438294379126, 0.011661416598482709, 0.9504780942487481, 0.001364136406982625, 0.02711308708630766, 0.004218278268073293, 0.004752089915763169, 0.8014282369766587, 0.014582020182221603, 0.012083691919480744, 0.0, 0.7876748546183215, 0.15797501063391334, 0.014600800740665503, 0.01778085794883333, 0.1542157523128324, 0.0, 0.1682191773301564, 0.02097336772248969, 0.15088228305270937, 0.019470824574272558, 0.14688995120873002, 0.018749071267426903, 0.0017221659153456208, 0.8641914467392893, 0.07161323784455194, 0.012312201271684293, 0.002694989377989483, 0.0715141328010567, 0.06841769092773521, 0.001296445330147718, 0.021137989412679452, 0.007370124876695563, 0.004852896105156155, 0.0022852767825740417, 0.05045460740415365, 0.015896593161557917, 0.0012755714036066202, 0.029036439713902372, 0.027714073938733055, 0.004727499478291999, 0.3390347010568594, 0.0021474687945310746, 0.004437088475466759, 0.0018161295525921874, 0.010692984448005472, 0.010350532606890681, 0.01637048357270749, 0.006226365259965906, 0.6220793700049395, 0.9966565055777195, 0.029823546390129116, 0.17550623346785968, 0.16723631742620962, 0.004482201875456858, 0.0012162671767750057, 0.029036439713902372, 0.01091718559694692, 0.5799392958670427, 0.0012404678785506219, 0.009801207789211954], [0.0, 0.09372856105248659, 0.361191376862875, 0.3533554009304561, 0.0, 0.004390910242120001, 1.0, 0.0, 0.059822821831494025, 0.00527908472497833, 0.001000953040496277, 0.0, 0.040088368675905636, 0.0, 0.031668381826660694, 0.0014683372525918833, 0.36597886007821007, 0.07204220145443996, 0.0, 0.40305523634906426, 0.6032785728981366, 0.0, 0.36407677575288466, 0.0, 0.03689888543903536, 0.35425809312867274, 0.9332495957873808, 0.9994835904513594, 0.5833492226719595, 0.0, 0.3415524280804202, 0.0, 0.3533554009304561, 0.04402046950745206, 0.11618157561186952, 0.0, 0.9966532784040085, 0.006599465156973078, 0.39387323315249234, 0.0, 0.002545577207191812, 0.006511493187869908, 0.5815787400230722, 0.22835041244651091, 0.9945135719819815, 0.0021105127240373107, 0.0, 0.0, 0.0, 0.126827659109688, 0.004436694450211619, 0.026461344737072793, 0.3575414169004575, 0.0334738412619921, 0.0020637745434068187, 0.073998148458309, 0.03965562393600077, 0.0, 0.0, 0.0, 0.0019828413274959548, 0.0, 0.1598601221935742, 0.0015829926311002873, 0.0016379605928972818, 0.3492361742352369, 0.002575832927286493, 0.05379077024822181, 0.041399647612421174, 0.010905515978210304, 0.0, 0.04362436507722281, 0.2053522964098858, 0.0, 0.0, 0.0, 0.5808836071259006, 0.001306589711755772, 0.002644972518523225, 0.157662765800949, 0.0, 0.359470503202497, 0.11631885025608137, 0.5810561704225398, 0.3186599361482979, 0.004592565604030321, 0.0, 0.004828995475744674, 0.024096782242124578, 0.0045645707137902105, 0.0011467085394778734, 0.044048786522125835, 0.001000953040496277, 0.0, 0.027342344517145147, 0.001306589711755772, 0.31378151037080143, 0.03163748065909547, 0.0, 0.03990144529703815], [0.020357407175908573, 0.0, 0.012395390319432497, 0.00982879939987341, 0.2403703000116828, 0.027137856728808474, 0.0, 1.0, 0.025370468871049188, 0.00482561347558129, 0.6003155938830211, 0.9967644798039109, 0.11020026106588054, 0.06123345121706457, 0.024524448097388442, 0.31489059652076057, 0.010699287195044862, 0.0, 0.0076714377039472596, 0.014096937590723157, 0.0, 0.028068941056378305, 0.01046762975201486, 0.16611985526198123, 0.02541228197513091, 0.007616456597384278, 0.0016270580188350277, 0.0, 0.0, 0.0366104075333186, 0.006247095441128586, 0.351137096893709, 0.00982879939987341, 0.025093729118889584, 0.0, 0.3656557442234717, 0.0, 0.5301629726820507, 0.0010974170673720605, 0.019696518912322124, 0.8454550123062228, 0.022593689147899963, 0.004560242734473638, 0.0, 0.0, 0.002607038450012687, 0.06503400781443974, 0.023914212909835857, 0.019267601078109108, 0.009216361031945373, 0.05136569348294613, 0.0, 0.007419571479795009, 0.1305297787335816, 0.49207623679926715, 0.022344637428477938, 0.0010946712827543297, 0.4008816736401747, 0.007106418246278851, 0.0