{"co_parameters": [[[0.7319610714912415, 0.0, -0.6813464760780334, 0.11231630015373231], [-0.6813464760780334, 0.0, -0.7319610714912415, 0.11922095274925233], [0.0, 0.9999999403953552, 0.0, 0.009625772476196288], [0.0, 0.0, 0.0, 1.0]], [[-0.9745720624923706, -9.19094870812001e-17, 0.22407418489456177, -0.03410562682151795], [0.22407418489456177, 1.4679184208057471e-16, 0.9745720624923706, -0.15303737497329714], [-1.2246467202362698e-16, 0.9999999403953552, -1.2246467202362698e-16, -0.0413754425048828], [0.0, 0.0, 0.0, 1.0]], [[0.530684769153595, 6.499014474274799e-17, 0.8475692868232727, -0.14069709944725037], [-0.8475692868232727, -1.0379730332833858e-16, 0.530684769153595, -0.08648702120780945], [1.2246468525851679e-16, -1.0, 0.0, 0.04784477615356445], [0.0, 0.0, 0.0, 1.0]], [[-0.8475749492645264, -6.498903301200472e-17, 0.5306757092475891, -0.08387787318229675], [-0.5306757092475891, 1.0379799816005313e-16, -0.8475749492645264, 0.13408485126495362], [0.0, -0.9999999403953552, -1.2246467202362698e-16, 0.045865993499755876], [0.0, 0.0, 0.0, 1.0]], [[0.29322877526283264, -0.6760239601135254, 0.6760239601135254, -0.10580703735351564], [-0.9560422897338867, -0.20734405517578125, 0.20734405517578125, -0.03282211756706238], [0.0, -0.7071067690849304, -0.7071067690849304, 0.15911047959327698], [0.0, 0.0, 0.0, 1.0]], [[0.9993593096733093, 0.03579118475317955, -7.947239478318557e-18, 0.0007560378909111034], [0.03579118475317955, -0.9993593096733093, 2.21902343094562e-16, -0.0006331197023392035], [2.7192622655495665e-32, -2.220446049250313e-16, -1.0, 0.17403874206542969], [0.0, 0.0, 0.0, 1.0]], [[0.530684769153595, 6.499014474274799e-17, 0.8475692868232727, -0.13412340807914735], [-0.8475692868232727, -1.0379730332833858e-16, 0.530684769153595, -0.0844707362651825], [1.2246468525851679e-16, -1.0, 0.0, 0.0036641564369201663], [0.0, 0.0, 0.0, 1.0]], [[0.9745720624923706, 0.0, -0.22407418489456177, 0.036219451665878304], [-0.22407418489456177, 0.0, -0.9745720624923706, 0.15622724008560182], [0.0, 0.9999999403953552, 0.0, -0.004851984977722168], [0.0, 0.0, 0.0, 1.0]], [[0.2240782380104065, 0.6891258955001831, -0.6891258955001831, 0.10493516969680787], [0.974571168422699, -0.1584472358226776, 0.1584472358226776, -0.02527372801303864], [8.659560603426554e-17, -0.7071067690849304, -0.7071067690849304, 0.15770985627174378], [0.0, 0.0, 0.0, 1.0]], [[-0.29322877526283264, 0.9560422897338867, -2.122840325155832e-16, 0.005749282836914092], [0.9560422897338867, 0.29322877526283264, -6.510986755588647e-17, 0.0004744384884834381], [2.7192622655495665e-32, -2.220446049250313e-16, -1.0, 0.16787600326538088], [0.0, 0.0, 0.0, 1.0]], [[0.9993593096733093, 1.2676938610580194e-16, 0.03579118475317955, -0.004970551695674659], [0.03579118475317955, -1.1800307155775277e-16, -0.9993593096733093, 0.1592643702030182], [-1.2246468525851679e-16, 1.0, -1.2246468525851679e-16, 0.014038742065429705], [0.0, 0.0, 0.0, 1.0]], [[-0.7319610714912415, -0.6813464760780334, 1.5128930909780923e-16, 9.500645846126345e-05], [0.6813464760780334, -0.7319610714912415, 1.625280069397753e-16, 9.992711991069426e-05], [-2.719261971675979e-32, 2.220445916901415e-16, 0.9999999403953552, -0.1872810432910919], [0.0, 0.0, 0.0, 1.0]], [[-0.6813459396362305, -1.7308025075244077e-16, -0.7319615483283997, 0.11689625239372255], [-0.7319615483283997, -6.198620195231472e-18, 0.6813459396362305, -0.10797227478027344], [-1.2246468525851679e-16, 1.0, -1.2246468525851679e-16, 0.04367513656616213], [0.0, 0.0, 0.0, 1.0]], [[-0.9745720624923706, -9.19094870812001e-17, 0.22407418489456177, -0.0357337920665741], [0.22407418489456177, 1.4679184208057471e-16, 0.9745720624923706, -0.15610606622695924], [-1.2246467202362698e-16, 0.9999999403953552, -1.2246467202362698e-16, 0.025377948760986348], [0.0, 0.0, 0.0, 1.0]], [[0.530684769153595, 0.8475692868232727, -1.8819818743926413e-16, 0.0006913364529609944], [-0.8475692868232727, 0.530684769153595, -1.1783568990644144e-16, 0.00019457629323007327], [-2.7192622655495665e-32, 2.220446049250313e-16, 1.0, -0.17007764625549318], [0.0, 0.0, 0.0, 1.0]], [[0.8475749492645264, 1.0379799816005313e-16, -0.5306757092475891, 0.085877934217453], [0.5306757092475891, 6.498903301200472e-17, 0.8475749492645264, -0.13694212818145754], [1.2246467202362698e-16, -0.9999999403953552, 0.0, 0.009975176811218261], [0.0, 0.0, 0.0, 1.0]], [[-0.8475749492645264, 0.3752443790435791, -0.3752443790435791, 0.06218260383605957], [-0.5306757092475891, -0.599325954914093, 0.599325954914093, -0.10104918265342713], [0.0, 0.7071067094802856, 0.7071067094802856, -0.12577692556381226], [0.0, 0.0, 0.0, 1.0]], [[0.6813459396362305, 8.963943878255857e-17, -0.7319615483283997, 0.11527800059318544], [0.7319615483283997, -8.34408185873271e-17, 0.6813459396362305, -0.10538768005371094], [0.0, -1.0, -1.2246468525851679e-16, -0.026454080581665023], [0.0, 0.0, 0.0, 1.0]], [[-0.29322877526283264, 8.117124674471841e-17, 0.9560422897338867, -0.15073041725158692], [0.9560422897338867, 1.5299159385888416e-16, 0.29322877526283264, -0.04656798493862153], [-1.2246468525851679e-16, 1.0, -1.2246468525851679e-16, 0.029250049591064472], [0.0, 0.0, 0.0, 1.0]], [[0.8475749492645264, -0.3752443790435791, -0.3752443790435791, 0.062246276855468755], [0.5306757092475891, 0.599325954914093, 0.599325954914093, -0.10125680136680604], [8.659559941682064e-17, -0.7071067094802856, 0.7071067094802856, -0.1345932822227478], [0.0, 0.0, 0.0, 1.0]], [[0.8475749492645264, 0.3752443790435791, -0.3752443790435791, 0.06148421573638917], [0.5306757092475891, -0.599325954914093, 0.599325954914093, -0.09877198958396913], [8.659559941682064e-17, -0.7071067094802856, -0.7071067094802856, 0.1410746512413025], [0.0, 0.0, 0.0, 1.0]], [[-0.6813459396362305, 0.5175749659538269, 0.5175749659538269, -0.08196493554115296], [-0.7319615483283997, -0.48178431391716003, -0.48178431391716003, 0.0764281498193741], [8.659560603426554e-17, -0.7071067690849304, 0.7071067690849304, -0.1560253164768219], [0.0, 0.0, 0.0, 1.0]], [[0.9993593096733093, 0.03579118475317955, -7.947239478318557e-18, -6.83174729347218e-05], [0.03579118475317955, -0.9993593096733093, 2.21902343094562e-16, 0.0020546822547912284], [2.7192622655495665e-32, -2.220446049250313e-16, -1.0, 0.1905559997558594], [0.0, 0.0, 0.0, 1.0]], [[0.7319610714912415, 0.0, -0.6813464760780334, 0.10809080576896668], [-0.6813464760780334, 0.0, -0.7319610714912415, 0.11497395873069764], [0.0, 0.9999999403953552, 0.0, -0.043614818572998044], [0.0, 0.0, 0.0, 1.0]], [[-0.9745720624923706, -0.1584443747997284, 0.1584443747997284, -0.025028848290443422], [0.22407418489456177, -0.6891264915466309, 0.6891264915466309, -0.10993227767944337], [-8.659559941682064e-17, 0.7071067094802856, 0.7071067094802856, -0.13345405340194705], [0.0, 0.0, 0.0, 1.0]], [[-0.9745720624923706, -9.19094870812001e-17, 0.22407418489456177, -0.03555254721641541], [0.22407418489456177, 1.4679184208057471e-16, 0.9745720624923706, -0.15496339082717897], [-1.2246467202362698e-16, 0.9999999403953552, -1.2246467202362698e-16, 0.04019153213500978], [0.0, 0.0, 0.0, 1.0]], [[0.530684769153595, -3.880715858559059e-17, -0.8475692868232727, 0.13650630927085877], [-0.8475692868232727, -1.6878744807108658e-16, -0.530684769153595, 0.085166677236557], [-1.2246468525851679e-16, 1.0, -1.2246468525851679e-16, 0.0444616050720215], [0.0, 0.0, 0.0, 1.0]], [[0.8475749492645264, 1.6878703778950275e-16, 0.5306757092475891, -0.08265540862083436], [0.5306757092475891, -3.880896514804841e-17, -0.8475749492645264, 0.13009892749786378], [-1.2246467202362698e-16, 0.9999999403953552, -1.2246467202362698e-16, 0.016922981262207048], [0.0, 0.0, 0.0, 1.0]], [[0.6813459396362305, 0.5175749659538269, 0.5175749659538269, -0.08229663300514221], [0.7319615483283997, -0.48178431391716003, -0.48178431391716003, 0.07695792067050936], [0.0, 0.7071067690849304, -0.7071067690849304, 0.14387091279029846], [0.0, 0.0, 0.0, 1.0]], [[0.9745720624923706, 0.22407418489456177, 4.9754463858811386e-17, 0.0005059391856193473], [-0.22407418489456177, 0.9745720624923706, 2.1639846858709135e-16, -0.004800984859466583], [0.0, -2.220445916901415e-16, 0.9999999403953552, -0.20456459736824037], [0.0, 0.0, 0.0, 1.0]], [[0.2240782380104065, 0.6891258955001831, 0.6891258955001831, -0.10935131120681764], [0.974571168422699, -0.1584472358226776, -0.1584472358226776, 0.025652629017829897], [-8.659560603426554e-17, 0.7071067690849304, -0.7071067690849304, 0.15356984162330628], [0.0, 0.0, 0.0, 1.0]], [[-0.530684769153595, -0.5993219614028931, -0.5993219614028931, 0.0941488823890686], [0.8475692868232727, -0.37525078654289246, -0.37525078654289246, 0.059488149762153636], [0.0, -0.7071067690849304, 0.7071067690849304, -0.1438960020542145], [0.0, 0.0, 0.0, 1.0]], [[0.530684769153595, 0.5993219614028931, 0.5993219614028931, -0.09763414525985718], [-0.8475692868232727, 0.37525078654289246, 0.37525078654289246, -0.06059210169315339], [8.659560603426554e-17, -0.7071067690849304, 0.7071067690849304, -0.1438960020542145], [0.0, 0.0, 0.0, 1.0]], [[0.530684769153595, -3.880715858559059e-17, -0.8475692868232727, 0.13372131037712098], [-0.8475692868232727, -1.6878744807108658e-16, -0.530684769153595, 0.08431245493888856], [-1.2246468525851679e-16, 1.0, -1.2246468525851679e-16, -0.04337236785888671], [0.0, 0.0, 0.0, 1.0]], [[-0.29322877526283264, -0.6760239601135254, -0.6760239601135254, 0.11357847213745119], [0.9560422897338867, -0.20734405517578125, -0.20734405517578125, 0.033637499809265135], [8.659560603426554e-17, -0.7071067690849304, 0.7071067690849304, -0.14748434281349182], [0.0, 0.0, 0.0, 1.0]], [[0.2240782380104065, 0.6891258955001831, 0.6891258955001831, -0.11558511590957643], [0.974571168422699, -0.1584472358226776, -0.1584472358226776, 0.025429387450218204], [-8.659560603426554e-17, 0.7071067690849304, -0.7071067690849304, 0.15770985627174378], [0.0, 0.0, 0.0, 1.0]], [[0.6813459396362305, 8.963943878255857e-17, -0.7319615483283997, 0.11796090674400331], [0.7319615483283997, -8.34408185873271e-17, 0.6813459396362305, -0.10967269134521485], [0.0, -1.0, -1.2246468525851679e-16, -0.04288823318481444], [0.0, 0.0, 0.0, 1.0]], [[0.9993593096733093, 0.03579118475317955, -7.947239478318557e-18, 0.0006507792472839367], [0.03579118475317955, -0.9993593096733093, 2.21902343094562e-16, -0.0002899298369884802], [2.7192622655495665e-32, -2.220446049250313e-16, -1.0, 0.20586599731445315], [0.0, 0.0, 0.0, 1.0]], [[0.9993593096733093, 0.03579118475317955, -7.947239478318557e-18, -0.0006306867003440846], [0.03579118475317955, -0.9993593096733093, 2.21902343094562e-16, 0.0038882997035979915], [2.7192622655495665e-32, -2.220446049250313e-16, -1.0, 0.16233708000183106], [0.0, 0.0, 0.0, 1.0]], [[0.9745720624923706, -0.22407418489456177, -4.9754463858811386e-17, 0.0003095520436763833], [-0.22407418489456177, -0.9745720624923706, -2.1639846858709135e-16, 0.0006824533343315427], [0.0, 2.220445916901415e-16, -0.9999999403953552, 0.16223501706123353], [0.0, 0.0, 0.0, 1.0]], [[-0.8475749492645264, -0.3752443790435791, 0.3752443790435791, -0.05961146879196168], [-0.5306757092475891, 0.599325954914093, -0.599325954914093, 0.09632983088493348], [0.0, -0.7071067094802856, -0.7071067094802856, 0.1519110198020935], [0.0, 0.0, 0.0, 1.0]], [[0.530684769153595, -3.880715858559059e-17, -0.8475692868232727, 0.13235443949699402], [-0.8475692868232727, -1.6878744807108658e-16, -0.530684769153595, 0.08389320921897889], [-1.2246468525851679e-16, 1.0, -1.2246468525851679e-16, 0.03714849853515626], [0.0, 0.0, 0.0, 1.0]], [[-0.530684769153595, -0.8475692868232727, -1.8819818743926413e-16, -0.0020053076744079327], [0.8475692868232727, -0.530684769153595, -1.1783568990644144e-16, -0.0006325416564941242], [0.0, -2.220446049250313e-16, 1.0, -0.16346157264709474], [0.0, 0.0, 0.0, 1.0]], [[-0.530684769153595, 0.8475692868232727, 1.8819818743926413e-16, -0.005086014270782497], [0.8475692868232727, 0.530684769153595, 1.1783568990644144e-16, -0.0015774583816528485], [0.0, 2.220446049250313e-16, -1.0, 0.20784477996826173], [0.0, 0.0, 0.0, 1.0]], [[0.2240782380104065, 1.4679222589237894e-16, 0.974571168422699, -0.1544665768146515], [0.974571168422699, 9.190888489371416e-17, -0.2240782380104065, 0.03617350029945374], [-1.2246468525851679e-16, 1.0, -1.2246468525851679e-16, 0.004639462947845476], [0.0, 0.0, 0.0, 1.0]], [[-0.6813459396362305, 0.5175749659538269, 0.5175749659538269, -0.08464784169197083], [-0.7319615483283997, -0.48178431391716003, -0.48178431391716003, 0.08071316015720369], [8.659560603426554e-17, -0.7071067690849304, 0.7071067690849304, -0.13959116578102113], [0.0, 0.0, 0.0, 1.0]], [[0.2240782380104065, 0.6891258955001831, -0.6891258955001831, 0.10608377027511598], [0.974571168422699, -0.1584472358226776, 0.1584472358226776, -0.025232620358467104], [8.659560603426554e-17, -0.7071067690849304, -0.7071067690849304, 0.1452109854221344], [0.0, 0.0, 0.0, 1.0]], [[0.8475749492645264, 1.0379799816005313e-16, -0.5306757092475891, 0.08593835330009461], [0.5306757092475891, 6.498903301200472e-17, 0.8475749492645264, -0.13713913249969484], [1.2246467202362698e-16, -0.9999999403953552, 0.0, 0.04586599349975586], [0.0, 0.0, 0.0, 1.0]], [[0.9745720624923706, 0.22407418489456177, 4.9754463858811386e-17, 0.0010269230604171683], [-0.22407418489456177, 0.9745720624923706, 2.1639846858709135e-16, 0.0015384238958358462], [0.0, -2.220445916901415e-16, 0.9999999403953552, -0.17239843678474426], [0.0, 0.0, 0.0, 1.0]], [[0.7319610714912415, 0.0, -0.6813464760780334, 0.10943583178520203], [-0.6813464760780334, 0.0, -0.7319610714912415, 0.11750901484489441], [0.0, 0.9999999403953552, 0.0, -0.012398446083068847], [0.0, 0.0, 0.0, 1.0]], [[0.7319610714912415, 0.6813464760780334, 1.5128930909780923e-16, 0.0019791533946990755], [-0.6813464760780334, 0.7319610714912415, 1.625280069397753e-16, 0.0012796344757079851], [0.0, -2.220445916901415e-16, 0.9999999403953552, -0.20126367497444153], [0.0, 0.0, 0.0, 1.0]], [[0.8475749492645264, 1.6878703778950275e-16, 0.5306757092475891, -0.0832362973690033], [0.5306757092475891, -3.880896514804841e-17, -0.8475749492645264, 0.13199298477172852], [-1.2246467202362698e-16, 0.9999999403953552, -1.2246467202362698e-16, -0.04254081726074217], [0.0, 0.0, 0.0, 1.0]], [[0.2240782380104065, 1.4679222589237894e-16, 0.974571168422699, -0.15502255558967593], [0.974571168422699, 9.190888489371416e-17, -0.2240782380104065, 0.03615358948707581], [-1.2246468525851679e-16, 1.0, -1.2246468525851679e-16, 0.04043275833129884], [0.0, 0.0, 0.0, 1.0]], [[0.29322877526283264, 0.0, -0.9560422897338867, 0.15871604919433596], [-0.9560422897338867, 0.0, -0.29322877526283264, 0.047391042590141305], [0.0, 1.0, 0.0, 0.007876004219055176], [0.0, 0.0, 0.0, 1.0]], [[-0.7319610714912415, -0.6813464760780334, 1.5128930909780923e-16, 0.00015589128434655933], [0.6813464760780334, -0.7319610714912415, 1.625280069397753e-16, -0.0001032977551222075], [-2.719261971675979e-32, 2.220445916901415e-16, 0.9999999403953552, -0.19532897877693178], [0.0, 0.0, 0.0, 1.0]], [[0.29322877526283264, -1.1708142030180128e-16, 0.9560422897338867, -0.14728801631927493], [-0.9560422897338867, -3.5910170248360426e-17, 0.29322877526283264, -0.04644469344615937], [0.0, -1.0, -1.2246468525851679e-16, 0.0008033060431480579], [0.0, 0.0, 0.0, 1.0]], [[-0.2240782380104065, 0.0, -0.974571168422699, 0.1540063259601593], [-0.974571168422699, 0.0, 0.2240782380104065, -0.03565295433998108], [0.0, 1.0, 0.0, -0.03519253158569336], [0.0, 0.0, 0.0, 1.0]], [[0.29322877526283264, -0.6760239601135254, 0.6760239601135254, -0.1059274835586548], [-0.9560422897338867, -0.20734405517578125, 0.20734405517578125, -0.03282642984390259], [0.0, -0.7071067690849304, -0.7071067690849304, 0.14238713288307192], [0.0, 0.0, 0.0, 1.0]], [[-0.2240782380104065, -0.6891258955001831, 0.6891258955001831, -0.11552429246902467], [-0.974571168422699, 0.1584472358226776, -0.1584472358226776, 0.02543156468868256], [0.0, -0.7071067690849304, -0.7071067690849304, 0.13793034195899964], [0.0, 0.0, 0.0, 1.0]], [[-0.8475749492645264, -6.498903301200472e-17, 0.5306757092475891, -0.0832362973690033], [-0.5306757092475891, 1.0379799816005313e-16, -0.8475749492645264, 0.13199298477172852], [0.0, -0.9999999403953552, -1.2246467202362698e-16, -0.04254081726074217], [0.0, 0.0, 0.0, 1.0]], [[-0.2240782380104065, -0.6891258955001831, 0.6891258955001831, -0.11558511590957643], [-0.974571168422699, 0.1584472358226776, -0.1584472358226776, 0.025429387450218204], [0.0, -0.7071067690849304, -0.7071067690849304, 0.15770985627174378], [0.0, 0.0, 0.0, 1.0]], [[0.8475749492645264, -0.5306757092475891, 1.178336782031917e-16, 0.00040333667397497437], [0.5306757092475891, 0.8475749492645264, -1.8819944475379521e-16, 0.0005168951749801899], [-2.719261971675979e-32, 2.220445916901415e-16, 0.9999999403953552, -0.1970254204273224], [0.0, 0.0, 0.0, 1.0]], [[-0.7319610714912415, -0.4817847013473511, 0.4817847013473511, -0.07219858598709107], [0.6813464760780334, -0.5175746083259583, 0.5175746083259583, -0.07971166729927064], [-8.659559941682064e-17, 0.7071067094802856, 0.7071067094802856, -0.14778324651718142], [0.0, 0.0, 0.0, 1.0]], [[-0.6813459396362305, -1.7308025075244077e-16, -0.7319615483283997, 0.11527800059318544], [-0.7319615483283997, -6.198620195231472e-18, 0.6813459396362305, -0.10538768005371094], [-1.2246468525851679e-16, 1.0, -1.2246468525851679e-16, -0.026454080581665023], [0.0, 0.0, 0.0, 1.0]], [[-0.7319610714912415, -0.6813464760780334, 1.5128930909780923e-16, 0.004886966228485086], [0.6813464760780334, -0.7319610714912415, 1.625280069397753e-16, 0.003100270032882668], [-2.719261971675979e-32, 2.220445916901415e-16, 0.9999999403953552, -0.19464616322517397], [0.0, 0.0, 0.0, 1.0]], [[0.7319610714912415, 0.6813464760780334, 1.5128930909780923e-16, 0.0005838403701782015], [-0.6813464760780334, 0.7319610714912415, 1.625280069397753e-16, 0.0004059953391551744], [0.0, -2.220445916901415e-16, 0.9999999403953552, -0.1706758396625519], [0.0, 0.0, 0.0, 1.0]], [[-0.7319610714912415, -6.198494463778364e-18, 0.6813464760780334, -0.10746160387992859], [0.6813464760780334, 1.7308026398733057e-16, 0.7319610714912415, -0.11610044264793397], [-1.2246467202362698e-16, 0.9999999403953552, -1.2246467202362698e-16, 0.03185247230529786], [0.0, 0.0, 0.0, 1.0]], [[0.9745720624923706, 0.0, -0.22407418489456177, 0.03725917792320252], [-0.22407418489456177, 0.0, -0.9745720624923706, 0.15818688440322878], [0.0, 0.9999999403953552, 0.0, 0.0374627685546875], [0.0, 0.0, 0.0, 1.0]], [[0.6813459396362305, 8.963943878255857e-17, -0.7319615483283997, 0.11438768839836122], [0.7319615483283997, -8.34408185873271e-17, 0.6813459396362305, -0.10396569347381593], [0.0, -1.0, -1.2246468525851679e-16, -0.019106678009033186], [0.0, 0.0, 0.0, 1.0]], [[-0.2240782380104065, 0.974571168422699, 2.1639827006374434e-16, 0.000538845896720856], [-0.974571168422699, -0.2240782380104065, -4.9755363831317843e-17, 0.0002878194451332162], [0.0, -2.220446049250313e-16, 1.0, -0.18488981246948244], [0.0, 0.0, 0.0, 1.0]], [[0.29322877526283264, 0.0, -0.9560422897338867, 0.15668506050109865], [-0.9560422897338867, 0.0, -0.29322877526283264, 0.047318298697471624], [0.0, 1.0, 0.0, -0.008892201423645019], [0.0, 0.0, 0.0, 1.0]], [[0.9993593096733093, 1.2676938610580194e-16, 0.03579118475317955, -0.005075810328125954], [0.03579118475317955, -1.1800307155775277e-16, -0.9993593096733093, 0.15960755944252017], [-1.2246468525851679e-16, 1.0, -1.2246468525851679e-16, 0.045865993499755876], [0.0, 0.0, 0.0, 1.0]], [[-0.2240782380104065, -1.1935055539304655e-16, 0.974571168422699, -0.15539254117012025], [-0.974571168422699, 2.744167049933239e-17, -0.2240782380104065, 0.03614033770561218], [0.0, -1.0, -1.2246468525851679e-16, -0.024889812469482405], [0.0, 0.0, 0.0, 1.0]], [[0.6813459396362305, 0.0, 0.7319615483283997, -0.11733144354820253], [0.7319615483283997, 0.0, -0.6813459396362305, 0.11005842590332032], [0.0, 1.0, 0.0, 0.043675136566162114], [0.0, 0.0, 0.0, 1.0]], [[-0.9745720624923706, -1.1935066127216496e-16, -0.22407418489456177, 0.0361614215373993], [0.22407418489456177, 2.7441174190964858e-17, -0.9745720624923706, 0.15661398363113405], [1.2246467202362698e-16, -0.9999999403953552, 0.0, 0.0022350268363952636], [0.0, 0.0, 0.0, 1.0]], [[0.8475749492645264, 0.5306757092475891, -1.178336782031917e-16, 0.0004276316463947461], [0.5306757092475891, -0.8475749492645264, 1.8819944475379521e-16, 0.00043767797946927297], [2.719261971675979e-32, -2.220445916901415e-16, -0.9999999403953552, 0.19877394032478335], [0.0, 0.0, 0.0, 1.0]], [[-0.2240782380104065, 0.0, -0.974571168422699, 0.15684021878242493], [-0.974571168422699, 0.0, 0.2240782380104065, -0.035551446676254275], [0.0, 1.0, 0.0, 0.04043275833129883], [0.0, 0.0, 0.0, 1.0]], [[0.9993593096733093, 1.2676938610580194e-16, 0.03579118475317955, -0.005991324439644815], [0.03579118475317955, -1.1800307155775277e-16, -0.9993593096733093, 0.16259258866310122], [-1.2246468525851679e-16, 1.0, -1.2246468525851679e-16, -0.0154966411590576], [0.0, 0.0, 0.0, 1.0]], [[0.8475749492645264, 0.3752443790435791, 0.3752443790435791, -0.05979287958145142], [0.5306757092475891, -0.599325954914093, -0.599325954914093, 0.09692131590843202], [-8.659559941682064e-17, 0.7071067094802856, -0.7071067094802856, 0.13324827718734744], [0.0, 0.0, 0.0, 1.0]], [[0.2240782380104065, 1.4679222589237894e-16, 0.974571168422699, -0.1612563602924347], [0.974571168422699, 9.190888489371416e-17, -0.2240782380104065, 0.035930347681045534], [-1.2246468525851679e-16, 1.0, -1.2246468525851679e-16, 0.044572772979736344], [0.0, 0.0, 0.0, 1.0]], [[0.7319610714912415, 0.6813464760780334, 1.5128930909780923e-16, 0.00015589128434655933], [-0.6813464760780334, 0.7319610714912415, 1.625280069397753e-16, -0.0001032977551222075], [0.0, -2.220445916901415e-16, 0.9999999403953552, -0.19532897877693178], [0.0, 0.0, 0.0, 1.0]], [[-0.9745720624923706, 0.22407418489456177, -4.9754463858811386e-17, 0.00032582479715347984], [0.22407418489456177, 0.9745720624923706, -2.1639846858709135e-16, 0.00022812712192538432], [2.719261971675979e-32, -2.220445916901415e-16, -0.9999999403953552, 0.18773814702033997], [0.0, 0.0, 0.0, 1.0]], [[0.8475749492645264, 1.6878703778950275e-16, 0.5306757092475891, -0.08270093703269958], [0.5306757092475891, -3.880896514804841e-17, -0.8475749492645264, 0.1302473440170288], [-1.2246467202362698e-16, 0.9999999403953552, -1.2246467202362698e-16, -0.021456207275390608], [0.0, 0.0, 0.0, 1.0]], [[-0.9745720624923706, -0.22407418489456177, 4.9754463858811386e-17, 0.0017462427616119316], [0.22407418489456177, -0.9745720624923706, 2.1639846858709135e-16, 0.00289415431022641], [-2.719261971675979e-32, 2.220445916901415e-16, 0.9999999403953552, -0.2013754303455353], [0.0, 0.0, 0.0, 1.0]], [[-0.9745720624923706, -1.1935066127216496e-16, -0.22407418489456177, 0.03635780882835389], [0.22407418489456177, 2.7441174190964858e-17, -0.9745720624923706, 0.15113054513931276], [1.2246467202362698e-16, -0.9999999403953552, 0.0, -0.04456460571289063], [0.0, 0.0, 0.0, 1.0]], [[0.2240782380104065, 2.744167049933239e-17, -0.974571168422699, 0.15651562809944153], [0.974571168422699, 1.1935055539304655e-16, 0.2240782380104065, -0.03556307148933411], [1.2246468525851679e-16, -1.0, 0.0, -0.016557973861694338], [0.0, 0.0, 0.0, 1.0]], [[-0.7319610714912415, -0.4817847013473511, -0.4817847013473511, 0.07718055868148804], [0.6813464760780334, -0.5175746083259583, -0.5175746083259583, 0.08291186404228211], [8.659559941682064e-17, -0.7071067094802856, 0.7071067094802856, -0.14041812658309938], [0.0, 0.0, 0.0, 1.0]], [[0.6813459396362305, 0.5175749659538269, -0.5175749659538269, 0.08259439873695375], [0.7319615483283997, -0.48178431391716003, 0.48178431391716003, -0.07604241430759431], [0.0, -0.7071067690849304, -0.7071067690849304, 0.15681221985816957], [0.0, 0.0, 0.0, 1.0]], [[0.7319610714912415, 0.6813464760780334, 1.5128930909780923e-16, 0.003001579761505106], [-0.6813464760780334, 0.7319610714912415, 1.625280069397753e-16, 0.001919791698455788], [0.0, -2.220445916901415e-16, 0.9999999403953552, -0.18078220295906067], [0.0, 0.0, 0.0, 1.0]], [[0.29322877526283264, 0.0, -0.9560422897338867, 0.15838140487670901], [-0.9560422897338867, 0.0, -0.29322877526283264, 0.04737905490398408], [0.0, 1.0, 0.0, -0.034347259521484375], [0.0, 0.0, 0.0, 1.0]], [[0.29322877526283264, 0.0, -0.9560422897338867, 0.1564018650054932], [-0.9560422897338867, 0.0, -0.29322877526283264, 0.04730815732479096], [0.0, 1.0, 0.0, -0.043966445922851566], [0.0, 0.0, 0.0, 1.0]], [[-0.530684769153595, -0.5993219614028931, 0.5993219614028931, -0.1010691294670105], [0.8475692868232727, -0.37525078654289246, 0.37525078654289246, -0.06164567434787751], [0.0, 0.7071067690849304, 0.7071067690849304, -0.1311644995212555], [0.0, 0.0, 0.0, 1.0]], [[-0.530684769153595, 0.5993219614028931, 0.5993219614028931, -0.10097752904891968], [0.8475692868232727, 0.37525078654289246, 0.37525078654289246, -0.06161758387088777], [0.0, 0.7071067690849304, -0.7071067690849304, 0.16098185944557192], [0.0, 0.0, 0.0, 1.0]], [[0.9745720624923706, -2.7441174190964858e-17, 0.22407418489456177, -0.03549456429481507], [-0.22407418489456177, -1.1935066127216496e-16, 0.9745720624923706, -0.15658239030838014], [0.0, -0.9999999403953552, -1.2246467202362698e-16, 0.01673023986816408], [0.0, 0.0, 0.0, 1.0]], [[0.530684769153595, -0.5993219614028931, 0.5993219614028931, -0.10097752904891968], [-0.8475692868232727, -0.37525078654289246, 0.37525078654289246, -0.06161758387088777], [8.659560603426554e-17, -0.7071067690849304, -0.7071067690849304, 0.16098185944557192], [0.0, 0.0, 0.0, 1.0]], [[-0.9745720624923706, 0.1584443747997284, -0.1584443747997284, 0.028235019326210024], [0.22407418489456177, 0.6891264915466309, -0.6891264915466309, 0.11529864501953126], [8.659559941682064e-17, -0.7071067094802856, -0.7071067094802856, 0.15815760946273805], [0.0, 0.0, 0.0, 1.0]], [[-0.9745720624923706, -9.19094870812001e-17, 0.22407418489456177, -0.03534593033790589], [0.22407418489456177, 1.4679184208057471e-16, 0.9745720624923706, -0.16073251390457155], [-1.2246467202362698e-16, 0.9999999403953552, -1.2246467202362698e-16, -0.044564605712890615], [0.0, 0.0, 0.0, 1.0]], [[-0.29322877526283264, 0.6760239601135254, -0.6760239601135254, 0.11193373680114747], [0.9560422897338867, 0.20734405517578125, -0.20734405517578125, 0.0335785927772522], [8.659560603426554e-17, -0.7071067690849304, -0.7071067690849304, 0.13336340546607972], [0.0, 0.0, 0.0, 1.0]], [[-0.8475749492645264, -0.5306757092475891, -1.178336782031917e-16, 0.0014451147317886518], [-0.5306757092475891, 0.8475749492645264, 1.8819944475379521e-16, -0.0028798363208771016], [0.0, 2.220445916901415e-16, -0.9999999403953552, 0.18793756794929506], [0.0, 0.0, 0.0, 1.0]], [[-0.29322877526283264, -3.5910170248360426e-17, -0.9560422897338867, 0.15668506050109865], [0.9560422897338867, 1.1708142030180128e-16, -0.29322877526283264, 0.047318298697471624], [1.2246468525851679e-16, -1.0, 0.0, -0.008892201423645019], [0.0, 0.0, 0.0, 1.0]], [[0.6813459396362305, -0.7319615483283997, -1.6252811281889371e-16, -0.002726159334182717], [0.7319615483283997, 0.6813459396362305, 1.5128918998380102e-16, 0.005049656391143778], [0.0, -2.220446049250313e-16, 1.0, -0.1791066780090332], [0.0, 0.0, 0.0, 1.0]], [[-0.530684769153595, 0.0, 0.8475692868232727, -0.13491974997520448], [0.8475692868232727, 0.0, 0.530684769153595, -0.08471498656272888], [0.0, 1.0, 0.0, -0.010077646255493164], [0.0, 0.0, 0.0, 1.0]], [[-0.6813459396362305, -1.7308025075244077e-16, -0.7319615483283997, 0.11734212279319765], [-0.7319615483283997, -6.198620195231472e-18, 0.6813459396362305, -0.10868439865112305], [-1.2246468525851679e-16, 1.0, -1.2246468525851679e-16, 0.00661811828613283], [0.0, 0.0, 0.0, 1.0]], [[0.530684769153595, 6.499014474274799e-17, 0.8475692868232727, -0.13471586203575137], [-0.8475692868232727, -1.0379730332833858e-16, 0.530684769153595, -0.08465244936943055], [1.2246468525851679e-16, -1.0, 0.0, 0.04446160507202149], [0.0, 0.0, 0.0, 1.0]], [[0.2240782380104065, 0.974571168422699, -2.1639827006374434e-16, -0.005324973106384247], [0.974571168422699, -0.2240782380104065, 4.9755363831317843e-17, 7.782974839209813e-05], [2.7192622655495665e-32, -2.220446049250313e-16, -1.0, 0.20457277679443361], [0.0, 0.0, 0.0, 1.0]], [[-0.9745720624923706, -9.19094870812001e-17, 0.22407418489456177, -0.03554231762886048], [0.22407418489456177, 1.4679184208057471e-16, 0.9745720624923706, -0.1552490773200989], [-1.2246467202362698e-16, 0.9999999403953552, -1.2246467202362698e-16, 0.002235026836395281], [0.0, 0.0, 0.0, 1.0]], [[-0.6813459396362305, 0.7319615483283997, -1.6252811281889371e-16, -0.0017271707057952654], [-0.7319615483283997, -0.6813459396362305, 1.5128918998380102e-16, 0.003454090833663919], [-2.7192622655495665e-32, 2.220446049250313e-16, 1.0, -0.19530774688720703], [0.0, 0.0, 0.0, 1.0]], [[-0.530684769153595, 1.0379730332833858e-16, -0.8475692868232727, 0.13360577845573426], [0.8475692868232727, 6.499014474274799e-17, -0.530684769153595, 0.08427702116966249], [0.0, -1.0, -1.2246468525851679e-16, -0.0034615731239318673], [0.0, 0.0, 0.0, 1.0]], [[-0.8475749492645264, -6.498903301200472e-17, 0.5306757092475891, -0.08350649809837342], [-0.5306757092475891, 1.0379799816005313e-16, -0.8475749492645264, 0.13287398052215577], [0.0, -0.9999999403953552, -1.2246467202362698e-16, 0.0002983665168285541], [0.0, 0.0, 0.0, 1.0]], [[-0.29322877526283264, -3.5910170248360426e-17, -0.9560422897338867, 0.15871604919433596], [0.9560422897338867, 1.1708142030180128e-16, -0.29322877526283264, 0.047391042590141305], [1.2246468525851679e-16, -1.0, 0.0, 0.007876004219055176], [0.0, 0.0, 0.0, 1.0]], [[0.7319610714912415, 0.6813464760780334, 1.5128930909780923e-16, -0.0024976344108581755], [-0.6813464760780334, 0.7319610714912415, 1.625280069397753e-16, -0.005104659080505394], [0.0, -2.220445916901415e-16, 0.9999999403953552, -0.17851418614387513], [0.0, 0.0, 0.0, 1.0]], [[0.9993593096733093, -0.025308189913630486, 0.025308189913630486, -0.003402263082563877], [0.03579118475317955, 0.7066537141799927, -0.7066537141799927, 0.11278682565689088], [-8.659560603426554e-17, 0.7071067690849304, 0.7071067690849304, -0.13912480759620666], [0.0, 0.0, 0.0, 1.0]], [[-0.8475749492645264, -0.3752443790435791, -0.3752443790435791, 0.060466732501983644], [-0.5306757092475891, 0.599325954914093, 0.599325954914093, -0.09545447516441347], [0.0, 0.7071067094802856, -0.7071067094802856, 0.1519110198020935], [0.0, 0.0, 0.0, 1.0]], [[0.9745720624923706, -0.1584443747997284, -0.1584443747997284, 0.026758408188819888], [-0.22407418489456177, -0.6891264915466309, -0.6891264915466309, 0.11251559448242188], [0.0, 0.7071067094802856, -0.7071067094802856, 0.1505998435020447], [0.0, 0.0, 0.0, 1.0]], [[-0.9745720624923706, 0.1584443747997284, 0.1584443747997284, -0.025233022570610046], [0.22407418489456177, 0.6891264915466309, 0.6891264915466309, -0.11043477439880371], [-8.659559941682064e-17, 0.7071067094802856, -0.7071067094802856, 0.1385150237083435], [0.0, 0.0, 0.0, 1.0]], [[-0.9745720624923706, -0.22407418489456177, 4.9754463858811386e-17, 0.0010269230604171683], [0.22407418489456177, -0.9745720624923706, 2.1639846858709135e-16, 0.0015384238958358462], [-2.719261971675979e-32, 2.220445916901415e-16, 0.9999999403953552, -0.17239843678474426], [0.0, 0.0, 0.0, 1.0]], [[0.29322877526283264, -1.1708142030180128e-16, 0.9560422897338867, -0.1495316677093506], [-0.9560422897338867, -3.5910170248360426e-17, 0.29322877526283264, -0.04652505052089692], [0.0, -1.0, -1.2246468525851679e-16, -0.04396644592285155], [0.0, 0.0, 0.0, 1.0]], [[0.9745720624923706, -0.1584443747997284, -0.1584443747997284, 0.02546917736530304], [-0.22407418489456177, -0.6891264915466309, -0.6891264915466309, 0.11008570289611817], [0.0, 0.7071067094802856, -0.7071067094802856, 0.1385150237083435], [0.0, 0.0, 0.0, 1.0]], [[-0.6813459396362305, -8.34408185873271e-17, 0.7319615483283997, -0.11659848666191103], [-0.7319615483283997, -8.963943878255857e-17, -0.6813459396362305, 0.10888778018951417], [1.2246468525851679e-16, -1.0, 0.0, 0.03073383140563965], [0.0, 0.0, 0.0, 1.0]], [[-0.8475749492645264, 0.3752443790435791, -0.3752443790435791, 0.062246276855468755], [-0.5306757092475891, -0.599325954914093, 0.599325954914093, -0.10125680136680604], [0.0, 0.7071067094802856, 0.7071067094802856, -0.1345932822227478], [0.0, 0.0, 0.0, 1.0]], [[0.2240782380104065, 2.744167049933239e-17, -0.974571168422699, 0.15066723847389224], [0.974571168422699, 1.1935055539304655e-16, 0.2240782380104065, -0.03577251124382019], [1.2246468525851679e-16, -1.0, 0.0, 0.02479325866699219], [0.0, 0.0, 0.0, 1.0]], [[-0.7319610714912415, -8.963937922555447e-17, -0.6813464760780334, 0.1091104428768158], [0.6813464760780334, 8.34408847617761e-17, -0.7319610714912415, 0.11721369814872742], [1.2246467202362698e-16, -0.9999999403953552, 0.0, -0.027281053543090822], [0.0, 0.0, 0.0, 1.0]], [[0.6813459396362305, 0.5175749659538269, 0.5175749659538269, -0.08404795575141907], [0.7319615483283997, -0.48178431391716003, -0.48178431391716003, 0.07975504553318025], [0.0, 0.7071067690849304, -0.7071067690849304, 0.134794260263443], [0.0, 0.0, 0.0, 1.0]], [[0.7319610714912415, 0.4817847013473511, 0.4817847013473511, -0.07699054574966431], [-0.6813464760780334, 0.5175746083259583, 0.5175746083259583, -0.08271201014518738], [0.0, -0.7071067094802856, 0.7071067094802856, -0.14041812658309938], [0.0, 0.0, 0.0, 1.0]], [[0.6813459396362305, 8.963943878255857e-17, -0.7319615483283997, 0.11734212279319765], [0.7319615483283997, -8.34408185873271e-17, 0.6813459396362305, -0.10868439865112305], [0.0, -1.0, -1.2246468525851679e-16, 0.00661811828613283], [0.0, 0.0, 0.0, 1.0]], [[-0.9745720624923706, -1.1935066127216496e-16, -0.22407418489456177, 0.03605165266990662], [0.22407418489456177, 2.7441174190964858e-17, -0.9745720624923706, 0.15591098833084108], [1.2246467202362698e-16, -0.9999999403953552, 0.0, 0.0077992711067199705], [0.0, 0.0, 0.0, 1.0]], [[0.2240782380104065, 2.744167049933239e-17, -0.974571168422699, 0.1540063259601593], [0.974571168422699, 1.1935055539304655e-16, 0.2240782380104065, -0.03565295433998108], [1.2246468525851679e-16, -1.0, 0.0, -0.03519253158569336], [0.0, 0.0, 0.0, 1.0]], [[0.8475749492645264, 0.5306757092475891, -1.178336782031917e-16, 0.00024622122943402985], [0.5306757092475891, -0.8475749492645264, 1.8819944475379521e-16, 0.0010291628837585185], [2.719261971675979e-32, -2.220445916901415e-16, -0.9999999403953552, 0.18011119389533997], [0.0, 0.0, 0.0, 1.0]], [[-0.29322877526283264, 0.9560422897338867, -2.122840325155832e-16, 0.006012812614440948], [0.9560422897338867, 0.29322877526283264, -6.510986755588647e-17, 0.00048384466767312006], [2.7192622655495665e-32, -2.220446049250313e-16, -1.0, 0.19760914611816408], [0.0, 0.0, 0.0, 1.0]], [[-0.9745720624923706, 0.1584443747997284, 0.1584443747997284, -0.023943791747093202], [0.22407418489456177, 0.6891264915466309, 0.6891264915466309, -0.10800488376617433], [-8.659559941682064e-17, 0.7071067094802856, -0.7071067094802856, 0.1505998435020447], [0.0, 0.0, 0.0, 1.0]], [[-0.2240782380104065, 0.6891258955001831, 0.6891258955001831, -0.11221981191635133], [-0.974571168422699, -0.1584472358226776, -0.1584472358226776, 0.025549881815910343], [0.0, -0.7071067690849304, 0.7071067690849304, -0.15619359421730042], [0.0, 0.0, 0.0, 1.0]], [[0.9745720624923706, -2.7441174190964858e-17, 0.22407418489456177, -0.03555254721641541], [-0.22407418489456177, -1.1935066127216496e-16, 0.9745720624923706, -0.15496339082717897], [0.0, -0.9999999403953552, -1.2246467202362698e-16, 0.04019153213500978], [0.0, 0.0, 0.0, 1.0]], [[-0.2240782380104065, 0.6891258955001831, -0.6891258955001831, 0.11079898881912233], [-0.974571168422699, -0.1584472358226776, 0.1584472358226776, -0.025063738226890567], [0.0, 0.7071067690849304, 0.7071067690849304, -0.13802689576148988], [0.0, 0.0, 0.0, 1.0]], [[-0.29322877526283264, -0.9560422897338867, 2.122840325155832e-16, 0.001877508401870698], [0.9560422897338867, -0.29322877526283264, 6.510986755588647e-17, 0.0003357689678668885], [-2.7192622655495665e-32, 2.220446049250313e-16, 1.0, -0.17655797195434572], [0.0, 0.0, 0.0, 1.0]], [[-0.2240782380104065, 0.974571168422699, 2.1639827006374434e-16, 0.0005842404961585696], [-0.974571168422699, -0.2240782380104065, -4.9755363831317843e-17, 0.00028944680094719627], [0.0, -2.220446049250313e-16, 1.0, -0.17655797195434572], [0.0, 0.0, 0.0, 1.0]], [[-0.2240782380104065, -1.1935055539304655e-16, 0.974571168422699, -0.16087370228767398], [-0.974571168422699, 2.744167049933239e-17, -0.2240782380104065, 0.035944017648696897], [0.0, -1.0, -1.2246468525851679e-16, 0.010675861358642597], [0.0, 0.0, 0.0, 1.0]], [[0.7319610714912415, -0.4817847013473511, -0.4817847013473511, 0.07788633298873902], [-0.6813464760780334, -0.5175746083259583, -0.5175746083259583, 0.08392411208152771], [0.0, 0.7071067094802856, -0.7071067094802856, 0.1505998435020447], [0.0, 0.0, 0.0, 1.0]], [[-0.7319610714912415, 0.4817847013473511, 0.4817847013473511, -0.07553171968460083], [0.6813464760780334, 0.5175746083259583, 0.5175746083259583, -0.08179860854148865], [-8.659559941682064e-17, 0.7071067094802856, -0.7071067094802856, 0.14498954534530642], [0.0, 0.0, 0.0, 1.0]], [[0.2240782380104065, 1.4679222589237894e-16, 0.974571168422699, -0.16087370228767398], [0.974571168422699, 9.190888489371416e-17, -0.2240782380104065, 0.035944017648696897], [-1.2246468525851679e-16, 1.0, -1.2246468525851679e-16, 0.010675861358642597], [0.0, 0.0, 0.0, 1.0]], [[-0.530684769153595, 1.0379730332833858e-16, -0.8475692868232727, 0.13268104052543642], [0.8475692868232727, 6.499014474274799e-17, -0.530684769153595, 0.08399338412284851], [0.0, -1.0, -1.2246468525851679e-16, 0.022241664886474628], [0.0, 0.0, 0.0, 1.0]], [[0.29322877526283264, 0.0, -0.9560422897338867, 0.1547988796234131], [-0.9560422897338867, 0.0, -0.29322877526283264, 0.04725074565410615], [0.0, 1.0, 0.0, -0.024889812469482422], [0.0, 0.0, 0.0, 1.0]], [[0.2240782380104065, 1.4679222589237894e-16, 0.974571168422699, -0.1578910553455353], [0.974571168422699, 9.190888489371416e-17, -0.2240782380104065, 0.03605084204673767], [-1.2246468525851679e-16, 1.0, -1.2246468525851679e-16, -0.04305651473999022], [0.0, 0.0, 0.0, 1.0]], [[-0.8475749492645264, 0.0, -0.5306757092475891, 0.08533574557304383], [-0.5306757092475891, 0.0, 0.8475749492645264, -0.13517431354522708], [0.0, 0.9999999403953552, 0.0, 0.038773948669433594], [0.0, 0.0, 0.0, 1.0]], [[-0.9745720624923706, -1.1935066127216496e-16, -0.22407418489456177, 0.037552304506301884], [0.22407418489456177, 2.7441174190964858e-17, -0.9745720624923706, 0.15873936128616334], [1.2246467202362698e-16, -0.9999999403953552, 0.0, -0.0278400821685791], [0.0, 0.0, 0.0, 1.0]], [[0.530684769153595, -3.880715858559059e-17, -0.8475692868232727, 0.13268104052543642], [-0.8475692868232727, -1.6878744807108658e-16, -0.530684769153595, 0.08399338412284851], [-1.2246468525851679e-16, 1.0, -1.2246468525851679e-16, 0.022241664886474628], [0.0, 0.0, 0.0, 1.0]], [[0.6813459396362305, 0.0, 0.7319615483283997, -0.11884101843833925], [0.7319615483283997, 0.0, -0.6813459396362305, 0.11246944046020509], [0.0, 1.0, 0.0, -0.03530774688720703], [0.0, 0.0, 0.0, 1.0]], [[0.29322877526283264, -0.6760239601135254, -0.6760239601135254, 0.11417664718627932], [-0.9560422897338867, -0.20734405517578125, -0.20734405517578125, 0.03365889358520508], [0.0, 0.7071067690849304, -0.7071067690849304, 0.15074622941017152], [0.0, 0.0, 0.0, 1.0]], [[0.9745720624923706, -0.1584443747997284, 0.1584443747997284, -0.025025275111198425], [-0.22407418489456177, -0.6891264915466309, 0.6891264915466309, -0.11003211116790772], [0.0, -0.7071067094802856, -0.7071067094802856, 0.14087523031234742], [0.0, 0.0, 0.0, 1.0]], [[0.2240782380104065, 0.974571168422699, -2.1639827006374434e-16, -0.0041763730049132995], [0.974571168422699, -0.2240782380104065, 4.9755363831317843e-17, 0.00011893747001885671], [2.7192622655495665e-32, -2.220446049250313e-16, -1.0, 0.19207390213012698], [0.0, 0.0, 0.0, 1