{"co_parameters": [[[0.29322877526283264, 0.0, -0.9560422897338867, 0.1564018650054932], [-0.9560422897338867, 0.0, -0.29322877526283264, 0.04730815732479096], [0.0, 1.0, 0.0, -0.043966445922851566], [0.0, 0.0, 0.0, 1.0]], [[-0.9745720624923706, -9.19094870812001e-17, 0.22407418489456177, -0.0357337920665741], [0.22407418489456177, 1.4679184208057471e-16, 0.9745720624923706, -0.15610606622695924], [-1.2246467202362698e-16, 0.9999999403953552, -1.2246467202362698e-16, 0.025377948760986348], [0.0, 0.0, 0.0, 1.0]], [[0.9745720624923706, 0.1584443747997284, -0.1584443747997284, 0.025673351645469668], [-0.22407418489456177, 0.6891264915466309, -0.6891264915466309, 0.11058819961547853], [0.0, 0.7071067094802856, 0.7071067094802856, -0.13345405340194705], [0.0, 0.0, 0.0, 1.0]], [[0.9993593096733093, -0.025308189913630486, 0.025308189913630486, -0.0043140452280640606], [0.03579118475317955, 0.7066537141799927, -0.7066537141799927, 0.11575969266891481], [-8.659560603426554e-17, 0.7071067690849304, 0.7071067690849304, -0.12863372445106508], [0.0, 0.0, 0.0, 1.0]], [[0.530684769153595, 6.499014474274799e-17, 0.8475692868232727, -0.13735371756553652], [-0.8475692868232727, -1.0379730332833858e-16, 0.530684769153595, -0.08546153903007508], [1.2246468525851679e-16, -1.0, 0.0, -0.030758918762207033], [0.0, 0.0, 0.0, 1.0]], [[0.6813459396362305, -0.7319615483283997, -1.6252811281889371e-16, -0.0018358472585677872], [0.7319615483283997, 0.6813459396362305, 1.5128918998380102e-16, 0.003627670288085916], [0.0, -2.220446049250313e-16, 1.0, -0.18645408248901368], [0.0, 0.0, 0.0, 1.0]], [[-0.7319610714912415, 0.6813464760780334, -1.5128930909780923e-16, 0.0033008639812469698], [0.6813464760780334, 0.7319610714912415, -1.625280069397753e-16, 0.0021071817874908673], [2.719261971675979e-32, -2.220445916901415e-16, -0.9999999403953552, 0.1696257622241974], [0.0, 0.0, 0.0, 1.0]], [[-0.9993593096733093, -0.025308189913630486, -0.025308189913630486, 0.004097481168806553], [-0.03579118475317955, 0.7066537141799927, 0.7066537141799927, -0.11138970518112185], [0.0, 0.7071067690849304, -0.7071067690849304, 0.15191103196144104], [0.0, 0.0, 0.0, 1.0]], [[0.9745720624923706, 0.1584443747997284, -0.1584443747997284, 0.027097342610359194], [-0.22407418489456177, 0.6891264915466309, -0.6891264915466309, 0.11315439224243165], [0.0, 0.7071067094802856, 0.7071067094802856, -0.15451251363754273], [0.0, 0.0, 0.0, 1.0]], [[0.8475749492645264, 0.5306757092475891, -1.178336782031917e-16, 0.0014451147317886518], [0.5306757092475891, -0.8475749492645264, 1.8819944475379521e-16, -0.0028798363208771016], [2.719261971675979e-32, -2.220445916901415e-16, -0.9999999403953552, 0.18793756794929506], [0.0, 0.0, 0.0, 1.0]], [[0.8475749492645264, 1.0379799816005313e-16, -0.5306757092475891, 0.0870516164302826], [0.5306757092475891, 6.498903301200472e-17, 0.8475749492645264, -0.14076902294158938], [1.2246467202362698e-16, -0.9999999403953552, 0.0, -0.012639851570129396], [0.0, 0.0, 0.0, 1.0]], [[-0.9745720624923706, 0.22407418489456177, -4.9754463858811386e-17, 0.00011807743459940654], [0.22407418489456177, 0.9745720624923706, -2.1639846858709135e-16, -0.0001745356172322924], [2.719261971675979e-32, -2.220445916901415e-16, -0.9999999403953552, 0.18537794041633607], [0.0, 0.0, 0.0, 1.0]], [[0.29322877526283264, 0.9560422897338867, 2.122840325155832e-16, 0.001832113862037629], [-0.9560422897338867, 0.29322877526283264, 6.510986755588647e-17, 0.0003341416120529084], [0.0, -2.220446049250313e-16, 1.0, -0.18488981246948244], [0.0, 0.0, 0.0, 1.0]], [[0.2240782380104065, 0.6891258955001831, -0.6891258955001831, 0.10493516969680787], [0.974571168422699, -0.1584472358226776, 0.1584472358226776, -0.02527372801303864], [8.659560603426554e-17, -0.7071067690849304, -0.7071067690849304, 0.15770985627174378], [0.0, 0.0, 0.0, 1.0]], [[0.530684769153595, 0.5993219614028931, -0.5993219614028931, 0.0941488823890686], [-0.8475692868232727, 0.37525078654289246, -0.37525078654289246, 0.059488149762153636], [-8.659560603426554e-17, 0.7071067690849304, 0.7071067690849304, -0.1438960020542145], [0.0, 0.0, 0.0, 1.0]], [[-0.29322877526283264, -0.9560422897338867, 2.122840325155832e-16, 0.001877508401870698], [0.9560422897338867, -0.29322877526283264, 6.510986755588647e-17, 0.0003357689678668885], [-2.7192622655495665e-32, 2.220446049250313e-16, 1.0, -0.17655797195434572], [0.0, 0.0, 0.0, 1.0]], [[0.7319610714912415, -8.34408847617761e-17, 0.6813464760780334, -0.10925438189506531], [-0.6813464760780334, -8.963937922555447e-17, 0.7319610714912415, -0.11796124148368836], [0.0, -0.9999999403953552, -1.2246467202362698e-16, -0.004851984977722151], [0.0, 0.0, 0.0, 1.0]], [[0.530684769153595, 6.499014474274799e-17, 0.8475692868232727, -0.13886773276329042], [-0.8475692868232727, -1.0379730332833858e-16, 0.530684769153595, -0.08592591643333436], [1.2246468525851679e-16, -1.0, 0.0, 0.03714849853515625], [0.0, 0.0, 0.0, 1.0]], [[-0.6813459396362305, -0.5175749659538269, 0.5175749659538269, -0.08229663300514221], [-0.7319615483283997, 0.48178431391716003, -0.48178431391716003, 0.07695792067050936], [8.659560603426554e-17, -0.7071067690849304, -0.7071067690849304, 0.14387091279029846], [0.0, 0.0, 0.0, 1.0]], [[-0.9745720624923706, 0.1584443747997284, 0.1584443747997284, -0.023943791747093202], [0.22407418489456177, 0.6891264915466309, 0.6891264915466309, -0.10800488376617433], [-8.659559941682064e-17, 0.7071067094802856, -0.7071067094802856, 0.1505998435020447], [0.0, 0.0, 0.0, 1.0]], [[0.530684769153595, -3.880715858559059e-17, -0.8475692868232727, 0.1370987641811371], [-0.8475692868232727, -1.6878744807108658e-16, -0.530684769153595, 0.08534839034080506], [-1.2246468525851679e-16, 1.0, -1.2246468525851679e-16, 0.0036641564369201836], [0.0, 0.0, 0.0, 1.0]], [[0.29322877526283264, -0.9560422897338867, -2.122840325155832e-16, 0.005749282836914092], [-0.9560422897338867, -0.29322877526283264, -6.510986755588647e-17, 0.0004744384884834381], [0.0, 2.220446049250313e-16, -1.0, 0.16787600326538088], [0.0, 0.0, 0.0, 1.0]], [[-0.29322877526283264, 0.6760239601135254, -0.6760239601135254, 0.11052062988281251], [0.9560422897338867, 0.20734405517578125, -0.20734405517578125, 0.033527980327606205], [8.659560603426554e-17, -0.7071067690849304, -0.7071067690849304, 0.15911047959327698], [0.0, 0.0, 0.0, 1.0]], [[0.530684769153595, 0.8475692868232727, -1.8819818743926413e-16, -0.0018897756338119242], [-0.8475692868232727, 0.530684769153595, -1.1783568990644144e-16, -0.000597108125686629], [-2.7192622655495665e-32, 2.220446049250313e-16, 1.0, -0.20337236785888674], [0.0, 0.0, 0.0, 1.0]], [[-0.29322877526283264, -0.6760239601135254, -0.6760239601135254, 0.11159893226623536], [0.9560422897338867, -0.20734405517578125, -0.20734405517578125, 0.033566602230072025], [8.659560603426554e-17, -0.7071067690849304, 0.7071067690849304, -0.157103529214859], [0.0, 0.0, 0.0, 1.0]], [[-0.29322877526283264, -3.5910170248360426e-17, -0.9560422897338867, 0.1547988796234131], [0.9560422897338867, 1.1708142030180128e-16, -0.29322877526283264, 0.04725074565410615], [1.2246468525851679e-16, -1.0, 0.0, -0.024889812469482422], [0.0, 0.0, 0.0, 1.0]], [[-0.2240782380104065, 0.0, -0.974571168422699, 0.15175501370429995], [-0.974571168422699, 0.0, 0.2240782380104065, -0.03573358082771301], [0.0, 1.0, 0.0, 0.03207390213012695], [0.0, 0.0, 0.0, 1.0]], [[-0.2240782380104065, 0.6891258955001831, 0.6891258955001831, -0.11221981191635133], [-0.974571168422699, -0.1584472358226776, -0.1584472358226776, 0.025549881815910343], [0.0, -0.7071067690849304, 0.7071067690849304, -0.15619359421730042], [0.0, 0.0, 0.0, 1.0]], [[0.2240782380104065, 0.974571168422699, -2.1639827006374434e-16, 0.0014648104906082456], [0.974571168422699, -0.2240782380104065, 4.9755363831317843e-17, 0.0003209821283817222], [2.7192622655495665e-32, -2.220446049250313e-16, -1.0, 0.16463946342468264], [0.0, 0.0, 0.0, 1.0]], [[-0.6813459396362305, -8.34408185873271e-17, 0.7319615483283997, -0.11688557219505312], [-0.7319615483283997, -8.963943878255857e-17, -0.6813459396362305, 0.10934630203247071], [1.2246468525851679e-16, -1.0, 0.0, 0.006618118286132813], [0.0, 0.0, 0.0, 1.0]], [[-0.2240782380104065, -0.6891258955001831, -0.6891258955001831, 0.10608377027511598], [-0.974571168422699, 0.1584472358226776, 0.1584472358226776, -0.025232620358467104], [0.0, 0.7071067690849304, -0.7071067690849304, 0.1452109854221344], [0.0, 0.0, 0.0, 1.0]], [[-0.9993593096733093, 0.025308189913630486, 0.025308189913630486, -0.004025434590876103], [-0.03579118475317955, -0.7066537141799927, -0.7066537141799927, 0.11481870031356813], [0.0, -0.7071067690849304, 0.7071067690849304, -0.15016251206398012], [0.0, 0.0, 0.0, 1.0]], [[0.29322877526283264, 0.6760239601135254, 0.6760239601135254, -0.10633171939849854], [-0.9560422897338867, 0.20734405517578125, 0.20734405517578125, -0.032840907335281375], [0.0, -0.7071067690849304, 0.7071067690849304, -0.13802689576148988], [0.0, 0.0, 0.0, 1.0]], [[-0.2240782380104065, 0.974571168422699, 2.1639827006374434e-16, -0.00546307659149173], [-0.974571168422699, -0.2240782380104065, -4.9755363831317843e-17, 7.288853079081279e-05], [0.0, -2.220446049250313e-16, 1.0, -0.16534864616394043], [0.0, 0.0, 0.0, 1.0]], [[0.9745720624923706, -2.7441174190964858e-17, 0.22407418489456177, -0.03549456429481507], [-0.22407418489456177, -1.1935066127216496e-16, 0.9745720624923706, -0.15658239030838014], [0.0, -0.9999999403953552, -1.2246467202362698e-16, 0.01673023986816408], [0.0, 0.0, 0.0, 1.0]], [[-0.7319610714912415, -0.4817847013473511, -0.4817847013473511, 0.08197251844406128], [0.6813464760780334, -0.5175746083259583, -0.5175746083259583, 0.08591220736503602], [8.659559941682064e-17, -0.7071067094802856, 0.7071067094802856, -0.14778324651718142], [0.0, 0.0, 0.0, 1.0]], [[-0.7319610714912415, 0.4817847013473511, 0.4817847013473511, -0.07553171968460083], [0.6813464760780334, 0.5175746083259583, 0.5175746083259583, -0.08179860854148865], [-8.659559941682064e-17, 0.7071067094802856, -0.7071067094802856, 0.14498954534530642], [0.0, 0.0, 0.0, 1.0]], [[0.29322877526283264, 0.0, -0.9560422897338867, 0.15532356262207034], [-0.9560422897338867, 0.0, -0.29322877526283264, 0.04726953542232514], [0.0, 1.0, 0.0, 0.04597339630126953], [0.0, 0.0, 0.0, 1.0]], [[0.530684769153595, 0.5993219614028931, 0.5993219614028931, -0.1010691294670105], [-0.8475692868232727, 0.37525078654289246, 0.37525078654289246, -0.06164567434787751], [8.659560603426554e-17, -0.7071067690849304, 0.7071067690849304, -0.1311644995212555], [0.0, 0.0, 0.0, 1.0]], [[-0.8475749492645264, -6.498903301200472e-17, 0.5306757092475891, -0.08276461005210876], [-0.5306757092475891, 1.0379799816005313e-16, -0.8475749492645264, 0.1304549617767334], [0.0, -0.9999999403953552, -1.2246467202362698e-16, -0.012639851570129378], [0.0, 0.0, 0.0, 1.0]], [[-0.7319610714912415, -8.963937922555447e-17, -0.6813464760780334, 0.10651780200004578], [0.6813464760780334, 8.34408847617761e-17, -0.7319610714912415, 0.1120091121196747], [1.2246467202362698e-16, -0.9999999403953552, 0.0, -0.01851419448852539], [0.0, 0.0, 0.0, 1.0]], [[0.29322877526283264, 0.0, -0.9560422897338867, 0.15864551734924318], [-0.9560422897338867, 0.0, -0.29322877526283264, 0.04738851487636567], [0.0, 1.0, 0.0, 0.0008033060431480407], [0.0, 0.0, 0.0, 1.0]], [[-0.8475749492645264, 0.5306757092475891, 1.178336782031917e-16, 0.002143503427505477], [-0.5306757092475891, -0.8475749492645264, -1.8819944475379521e-16, -0.005157030582427952], [0.0, -2.220445916901415e-16, 0.9999999403953552, -0.17263984227180482], [0.0, 0.0, 0.0, 1.0]], [[0.2240782380104065, 0.974571168422699, -2.1639827006374434e-16, -0.0041763730049132995], [0.974571168422699, -0.2240782380104065, 4.9755363831317843e-17, 0.00011893747001885671], [2.7192622655495665e-32, -2.220446049250313e-16, -1.0, 0.19207390213012698], [0.0, 0.0, 0.0, 1.0]], [[-0.9745720624923706, 0.22407418489456177, -4.9754463858811386e-17, 0.00035730504989624716], [0.22407418489456177, 0.9745720624923706, -2.1639846858709135e-16, -0.000650860548019379], [2.719261971675979e-32, -2.220445916901415e-16, -0.9999999403953552, 0.1767302315235138], [0.0, 0.0, 0.0, 1.0]], [[0.9745720624923706, 0.22407418489456177, 4.9754463858811386e-17, 0.0004638898968696525], [-0.22407418489456177, 0.9745720624923706, 2.1639846858709135e-16, -0.00362694525718692], [0.0, -2.220445916901415e-16, 0.9999999403953552, -0.19597485280036928], [0.0, 0.0, 0.0, 1.0]], [[0.9745720624923706, 0.0, -0.22407418489456177, 0.03629018950462342], [-0.22407418489456177, 0.0, -0.9745720624923706, 0.15301862955093387], [0.0, 0.9999999403953552, 0.0, -0.01126439094543457], [0.0, 0.0, 0.0, 1.0]], [[-0.6813459396362305, -1.7308025075244077e-16, -0.7319615483283997, 0.11587788653373719], [-0.7319615483283997, -6.198620195231472e-18, 0.6813459396362305, -0.10634579467773438], [-1.2246468525851679e-16, 1.0, -1.2246468525851679e-16, 0.021657176971435564], [0.0, 0.0, 0.0, 1.0]], [[-0.9745720624923706, -9.19094870812001e-17, 0.22407418489456177, -0.03549456429481507], [0.22407418489456177, 1.4679184208057471e-16, 0.9745720624923706, -0.15658239030838014], [-1.2246467202362698e-16, 0.9999999403953552, -1.2246467202362698e-16, 0.01673023986816408], [0.0, 0.0, 0.0, 1.0]], [[-0.2240782380104065, 0.6891258955001831, 0.6891258955001831, -0.1097212977409363], [-0.974571168422699, -0.1584472358226776, -0.1584472358226776, 0.025639377236366275], [0.0, -0.7071067690849304, 0.7071067690849304, -0.13802689576148988], [0.0, 0.0, 0.0, 1.0]], [[0.2240782380104065, 0.6891258955001831, 0.6891258955001831, -0.10935131120681764], [0.974571168422699, -0.1584472358226776, -0.1584472358226776, 0.025652629017829897], [-8.659560603426554e-17, 0.7071067690849304, -0.7071067690849304, 0.15356984162330628], [0.0, 0.0, 0.0, 1.0]], [[0.9993593096733093, -0.025308189913630486, -0.025308189913630486, 0.0046963577046990395], [0.03579118475317955, 0.7066537141799927, 0.7066537141799927, -0.1133423628807068], [8.659560603426554e-17, -0.7071067690849304, 0.7071067690849304, -0.13912480759620666], [0.0, 0.0, 0.0, 1.0]], [[-0.7319610714912415, 0.4817847013473511, -0.4817847013473511, 0.07863938474655152], [0.6813464760780334, 0.5175746083259583, -0.5175746083259583, 0.08382526659965515], [8.659559941682064e-17, -0.7071067094802856, -0.7071067094802856, 0.14498954534530642], [0.0, 0.0, 0.0, 1.0]], [[-0.9745720624923706, -0.1584443747997284, -0.1584443747997284, 0.025814989924430848], [0.22407418489456177, -0.6891264915466309, -0.6891264915466309, 0.10663329315185548], [8.659559941682064e-17, -0.7071067094802856, 0.7071067094802856, -0.14911193609237672], [0.0, 0.0, 0.0, 1.0]], [[-0.8475749492645264, -6.498903301200472e-17, 0.5306757092475891, -0.08265540862083436], [-0.5306757092475891, 1.0379799816005313e-16, -0.8475749492645264, 0.13009892749786378], [0.0, -0.9999999403953552, -1.2246467202362698e-16, 0.016922981262207048], [0.0, 0.0, 0.0, 1.0]], [[0.8475749492645264, 1.6878703778950275e-16, 0.5306757092475891, -0.0832362973690033], [0.5306757092475891, -3.880896514804841e-17, -0.8475749492645264, 0.13199298477172852], [-1.2246467202362698e-16, 0.9999999403953552, -1.2246467202362698e-16, -0.04254081726074217], [0.0, 0.0, 0.0, 1.0]], [[-0.9993593096733093, -4.38315603325367e-18, 0.03579118475317955, -0.004921112373471261], [-0.03579118475317955, 1.2238622883177736e-16, -0.9993593096733093, 0.15910315918922427], [0.0, -1.0, -1.2246468525851679e-16, -0.004274720668792707], [0.0, 0.0, 0.0, 1.0]], [[0.6813459396362305, -0.7319615483283997, -1.6252811281889371e-16, -0.000980801582336403], [0.7319615483283997, 0.6813459396362305, 1.5128918998380102e-16, 0.002262029170989969], [0.0, -2.220446049250313e-16, 1.0, -0.16989560317993166], [0.0, 0.0, 0.0, 1.0]], [[-0.29322877526283264, -3.5910170248360426e-17, -0.9560422897338867, 0.1567366695404053], [0.9560422897338867, 1.1708142030180128e-16, -0.29322877526283264, 0.04732014787197114], [1.2246468525851679e-16, -1.0, 0.0, 0.020226324081420898], [0.0, 0.0, 0.0, 1.0]], [[0.8475749492645264, -0.3752443790435791, 0.3752443790435791, -0.059635764122009285], [0.5306757092475891, 0.599325954914093, -0.599325954914093, 0.09640904784202577], [-8.659559941682064e-17, 0.7071067094802856, 0.7071067094802856, -0.15016250371932985], [0.0, 0.0, 0.0, 1.0]], [[0.9993593096733093, 1.2676938610580194e-16, 0.03579118475317955, -0.0063572762757539755], [0.03579118475317955, -1.1800307155775277e-16, -0.9993593096733093, 0.16378578972816468], [-1.2246468525851679e-16, 1.0, -1.2246468525851679e-16, 0.0023370802402496514], [0.0, 0.0, 0.0, 1.0]], [[-0.9745720624923706, -9.19094870812001e-17, 0.22407418489456177, -0.035968846559524544], [0.22407418489456177, 1.4679184208057471e-16, 0.9745720624923706, -0.1565490975379944], [-1.2246467202362698e-16, 0.9999999403953552, -1.2246467202362698e-16, 0.017903984069824238], [0.0, 0.0, 0.0, 1.0]], [[-0.9993593096733093, 0.03579118475317955, 7.947239478318557e-18, -0.00026473486423492546], [-0.03579118475317955, -0.9993593096733093, -2.21902343094562e-16, 0.002695098400115998], [0.0, -2.220446049250313e-16, 1.0, -0.175496639251709], [0.0, 0.0, 0.0, 1.0]], [[-0.7319610714912415, -0.4817847013473511, -0.4817847013473511, 0.07616092157363892], [0.6813464760780334, -0.5175746083259583, -0.5175746083259583, 0.08067212462425233], [8.659559941682064e-17, -0.7071067094802856, 0.7071067094802856, -0.15675189352035523], [0.0, 0.0, 0.0, 1.0]], [[0.8475749492645264, 1.6878703778950275e-16, 0.5306757092475891, -0.08276461005210876], [0.5306757092475891, -3.880896514804841e-17, -0.8475749492645264, 0.1304549617767334], [-1.2246467202362698e-16, 0.9999999403953552, -1.2246467202362698e-16, -0.012639851570129378], [0.0, 0.0, 0.0, 1.0]], [[-0.8475749492645264, -6.498903301200472e-17, 0.5306757092475891, -0.0832362973690033], [-0.5306757092475891, 1.0379799816005313e-16, -0.8475749492645264, 0.13199298477172852], [0.0, -0.9999999403953552, -1.2246467202362698e-16, -0.04254081726074217], [0.0, 0.0, 0.0, 1.0]], [[0.9745720624923706, 0.0, -0.22407418489456177, 0.03605165266990662], [-0.22407418489456177, 0.0, -0.9745720624923706, 0.15591098833084108], [0.0, 0.9999999403953552, 0.0, 0.0077992711067199705], [0.0, 0.0, 0.0, 1.0]], [[0.7319610714912415, -0.4817847013473511, 0.4817847013473511, -0.07958118677139282], [-0.6813464760780334, -0.5175746083259583, 0.5175746083259583, -0.08791281294822693], [0.0, -0.7071067094802856, -0.7071067094802856, 0.136755982875824], [0.0, 0.0, 0.0, 1.0]], [[-0.6813459396362305, 0.5175749659538269, 0.5175749659538269, -0.08453916478157045], [-0.7319615483283997, -0.48178431391716003, -0.48178431391716003, 0.08053958094120027], [8.659560603426554e-17, -0.7071067690849304, 0.7071067690849304, -0.14844483017921448], [0.0, 0.0, 0.0, 1.0]], [[0.9745720624923706, -2.7441174190964858e-17, 0.22407418489456177, -0.03444456124305726], [-0.22407418489456177, -1.1935066127216496e-16, 0.9745720624923706, -0.15367617464065553], [0.0, -0.9999999403953552, -1.2246467202362698e-16, 0.03746276855468751], [0.0, 0.0, 0.0, 1.0]], [[0.6813459396362305, 0.0, 0.7319615483283997, -0.11659848666191103], [0.7319615483283997, 0.0, -0.6813459396362305, 0.10888778018951417], [0.0, 1.0, 0.0, 0.03073383140563965], [0.0, 0.0, 0.0, 1.0]], [[0.9745720624923706, -2.7441174190964858e-17, 0.22407418489456177, -0.035484287500381476], [-0.22407418489456177, -1.1935066127216496e-16, 0.9745720624923706, -0.15563582086563113], [0.0, -0.9999999403953552, -1.2246467202362698e-16, -0.004851984977722151], [0.0, 0.0, 0.0, 1.0]], [[-0.9993593096733093, -0.025308189913630486, 0.025308189913630486, -0.003398531161248684], [-0.03579118475317955, 0.7066537141799927, -0.7066537141799927, 0.11277466440200806], [0.0, -0.7071067690849304, -0.7071067690849304, 0.15900307679176331], [0.0, 0.0, 0.0, 1.0]], [[-0.9745720624923706, -9.19094870812001e-17, 0.22407418489456177, -0.03541354966163636], [0.22407418489456177, 1.4679184208057471e-16, 0.9745720624923706, -0.15884443140029908], [-1.2246467202362698e-16, 0.9999999403953552, -1.2246467202362698e-16, -0.011264390945434553], [0.0, 0.0, 0.0, 1.0]], [[0.530684769153595, -0.5993219614028931, -0.5993219614028931, 0.09080549955368042], [-0.8475692868232727, -0.37525078654289246, -0.37525078654289246, 0.05846266758441926], [-8.659560603426554e-17, 0.7071067690849304, -0.7071067690849304, 0.16098185944557192], [0.0, 0.0, 0.0, 1.0]], [[-0.530684769153595, -0.5993219614028931, -0.5993219614028931, 0.0941488823890686], [0.8475692868232727, -0.37525078654289246, -0.37525078654289246, 0.059488149762153636], [0.0, -0.7071067690849304, 0.7071067690849304, -0.1438960020542145], [0.0, 0.0, 0.0, 1.0]], [[0.2240782380104065, 0.6891258955001831, -0.6891258955001831, 0.11116897535324098], [0.974571168422699, -0.1584472358226776, 0.1584472358226776, -0.025050486445426942], [8.659560603426554e-17, -0.7071067690849304, -0.7071067690849304, 0.15356984162330628], [0.0, 0.0, 0.0, 1.0]], [[0.7319610714912415, 0.0, -0.6813464760780334, 0.109599276304245], [-0.6813464760780334, 0.0, -0.7319610714912415, 0.11751976656913758], [0.0, 0.9999999403953552, 0.0, -0.010675848960876465], [0.0, 0.0, 0.0, 1.0]], [[0.530684769153595, -0.5993219614028931, 0.5993219614028931, -0.09914816045761109], [-0.8475692868232727, -0.37525078654289246, 0.37525078654289246, -0.061056479096412666], [8.659560603426554e-17, -0.7071067690849304, -0.7071067690849304, 0.1502855818271637], [0.0, 0.0, 0.0, 1.0]], [[0.530684769153595, 0.5993219614028931, -0.5993219614028931, 0.0954951024055481], [-0.8475692868232727, 0.37525078654289246, -0.37525078654289246, 0.05990106403827668], [-8.659560603426554e-17, 0.7071067690849304, 0.7071067690849304, -0.13606258988380432], [0.0, 0.0, 0.0, 1.0]], [[-0.9745720624923706, -1.1935066127216496e-16, -0.22407418489456177, 0.03635780882835389], [0.22407418489456177, 2.7441174190964858e-17, -0.9745720624923706, 0.15113054513931276], [1.2246467202362698e-16, -0.9999999403953552, 0.0, -0.04456460571289063], [0.0, 0.0, 0.0, 1.0]], [[-0.29322877526283264, -3.5910170248360426e-17, -0.9560422897338867, 0.15668506050109865], [0.9560422897338867, 1.1708142030180128e-16, -0.29322877526283264, 0.047318298697471624], [1.2246468525851679e-16, -1.0, 0.0, -0.008892201423645019], [0.0, 0.0, 0.0, 1.0]], [[0.2240782380104065, 2.744167049933239e-17, -0.974571168422699, 0.15397171902656556], [0.974571168422699, 1.1935055539304655e-16, 0.2240782380104065, -0.03565419411659241], [1.2246468525851679e-16, -1.0, 0.0, -0.04305651473999023], [0.0, 0.0, 0.0, 1.0]], [[0.9745720624923706, 0.0, -0.22407418489456177, 0.036209174871444705], [-0.22407418489456177, 0.0, -0.9745720624923706, 0.15528066873550417], [0.0, 0.9999999403953552, 0.0, 0.016730239868164062], [0.0, 0.0, 0.0, 1.0]], [[0.29322877526283264, 0.0, -0.9560422897338867, 0.1547988796234131], [-0.9560422897338867, 0.0, -0.29322877526283264, 0.04725074565410615], [0.0, 1.0, 0.0, -0.024889812469482422], [0.0, 0.0, 0.0, 1.0]], [[0.29322877526283264, 0.6760239601135254, -0.6760239601135254, 0.11004134178161623], [-0.9560422897338867, 0.20734405517578125, -0.20734405517578125, 0.03351081800460816], [0.0, 0.7071067690849304, 0.7071067690849304, -0.12969505715370178], [0.0, 0.0, 0.0, 1.0]], [[-0.6813459396362305, -1.7308025075244077e-16, -0.7319615483283997, 0.11796090674400331], [-0.7319615483283997, -6.198620195231472e-18, 0.6813459396362305, -0.10967269134521485], [-1.2246468525851679e-16, 1.0, -1.2246468525851679e-16, -0.04288823318481444], [0.0, 0.0, 0.0, 1.0]], [[0.2240782380104065, -0.974571168422699, 2.1639827006374434e-16, -0.001959668278694183], [0.974571168422699, 0.2240782380104065, -4.9755363831317843e-17, 0.00019832408428192835], [-2.7192622655495665e-32, 2.220446049250313e-16, 1.0, -0.20305651473999026], [0.0, 0.0, 0.0, 1.0]], [[-0.7319610714912415, 0.6813464760780334, -1.5128930909780923e-16, 0.0008007810711860868], [0.6813464760780334, 0.7319610714912415, -1.625280069397753e-16, 0.0011121752262115707], [2.719261971675979e-32, -2.220445916901415e-16, -0.9999999403953552, 0.19746276021003722], [0.0, 0.0, 0.0, 1.0]], [[-0.9745720624923706, 0.22407418489456177, -4.9754463858811386e-17, 0.0003095520436763833], [0.22407418489456177, 0.9745720624923706, -2.1639846858709135e-16, 0.0006824533343315427], [2.719261971675979e-32, -2.220445916901415e-16, -0.9999999403953552, 0.16223501706123353], [0.0, 0.0, 0.0, 1.0]], [[-0.530684769153595, 0.0, 0.8475692868232727, -0.13491974997520448], [0.8475692868232727, 0.0, 0.530684769153595, -0.08471498656272888], [0.0, 1.0, 0.0, -0.010077646255493164], [0.0, 0.0, 0.0, 1.0]], [[0.2240782380104065, 1.4679222589237894e-16, 0.974571168422699, -0.1612563602924347], [0.974571168422699, 9.190888489371416e-17, -0.2240782380104065, 0.035930347681045534], [-1.2246468525851679e-16, 1.0, -1.2246468525851679e-16, 0.044572772979736344], [0.0, 0.0, 0.0, 1.0]], [[-0.8475749492645264, 0.3752443790435791, 0.3752443790435791, -0.059635764122009285], [-0.5306757092475891, -0.599325954914093, -0.599325954914093, 0.09640904784202577], [0.0, -0.7071067094802856, 0.7071067094802856, -0.15016250371932985], [0.0, 0.0, 0.0, 1.0]], [[-0.7319610714912415, -8.963937922555447e-17, -0.6813464760780334, 0.10917132735252381], [0.6813464760780334, 8.34408847617761e-17, -0.7319610714912415, 0.11701047396659853], [1.2246467202362698e-16, -0.9999999403953552, 0.0, -0.035328987121582035], [0.0, 0.0, 0.0, 1.0]], [[-0.9745720624923706, -9.19094870812001e-17, 0.22407418489456177, -0.0329679503440857], [0.22407418489456177, 1.4679184208057471e-16, 0.9745720624923706, -0.15089312314987186], [-1.2246467202362698e-16, 0.9999999403953552, -1.2246467202362698e-16, 0.04502053451538087], [0.0, 0.0, 0.0, 1.0]], [[0.9993593096733093, 0.03579118475317955, -7.947239478318557e-18, 4.817076772451512e-05], [0.03579118475317955, -0.9993593096733093, 2.21902343094562e-16, 0.0016748892068862604], [2.7192622655495665e-32, -2.220446049250313e-16, -1.0, 0.1987739486694336], [0.0, 0.0, 0.0, 1.0]], [[-0.9745720624923706, -9.19094870812001e-17, 0.22407418489456177, -0.03555254721641541], [0.22407418489456177, 1.4679184208057471e-16, 0.9745720624923706, -0.15496339082717897], [-1.2246467202362698e-16, 0.9999999403953552, -1.2246467202362698e-16, 0.04019153213500978], [0.0, 0.0, 0.0, 1.0]], [[-0.9745720624923706, 0.22407418489456177, -4.9754463858811386e-17, 0.0002993223965168069], [0.22407418489456177, 0.9745720624923706, -2.1639846858709135e-16, 0.0009681394696235959], [2.719261971675979e-32, -2.220445916901415e-16, -0.9999999403953552, 0.20019151997566223], [0.0, 0.0, 0.0, 1.0]], [[-0.29322877526283264, 8.117124674471841e-17, 0.9560422897338867, -0.1495316677093506], [0.9560422897338867, 1.5299159385888416e-16, 0.29322877526283264, -0.04652505052089692], [-1.2246468525851679e-16, 1.0, -1.2246468525851679e-16, -0.04396644592285155], [0.0, 0.0, 0.0, 1.0]], [[-0.530684769153595, 1.0379730332833858e-16, -0.8475692868232727, 0.13235443949699402], [0.8475692868232727, 6.499014474274799e-17, -0.530684769153595, 0.08389320921897889], [0.0, -1.0, -1.2246468525851679e-16, 0.03714849853515626], [0.0, 0.0, 0.0, 1.0]]], "foliation_name": "slide_table", "similarity_matrix": [[1.0, 0.015398014300186226, 0.23315021060245453, 0.1517058433732021, 0.005201448619816467, 0.09392169950663552, 0.02829231213799464, 0.012782518191009137, 0.1891839093564641, 0.017748579614798667, 0.12743105532309648, 0.018703673240812502, 0.10020932551642406, 0.08781453773961043, 0.4961980561730154, 0.11241852751089042, 0.006648523633579513, 0.00349903026055121, 0.009207473449964483, 0.008581390595635218, 0.8150685177127176, 0.03026970709339471, 0.11315055212665594, 0.07122920517331838, 0.4723045500712939, 0.9818370552242282, 0.5298079101755598, 0.013817395508366942, 0.030326464703174433, 0.017055422706695453, 0.11288452197066091, 0.12484968761337925, 0.01448579758602981, 0.11526961592706303, 0.0162208899143927, 0.4103216307016097, 0.004661059157128642, 0.6672023449438805, 0.013441717676633328, 0.03831032306419855, 0.6933287190008396, 0.9043857643740291, 0.1156167448484067, 0.014915219710014421, 0.022817711664887674, 0.08174597896303575, 0.2633267041799693, 0.2278896888626752, 0.0162208899143927, 0.0179038939741837, 0.0037739764535522596, 0.05508456047584291, 0.11573393862830825, 0.20545626652592425, 0.033579500739504914, 0.03927830770126933, 0.13441778742636265, 0.11824515963477872, 0.8137454226045462, 0.048620593191842636, 0.12097285957725298, 0.01596487036156486, 0.11146318766515244, 0.36271913715369747, 0.03831032306419855, 0.03927830770126933, 0.23483589685438003, 0.004546727811987679, 0.02980596402623582, 0.015129184631515833, 0.014783400751551089, 0.018459826877956134, 0.02841551060632134, 0.017702128223439896, 0.09785865466569472, 0.4961980561730154, 0.09849248766544867, 0.6626099512979329, 0.002927820631564647, 0.5391593579197447, 0.2835873932764488, 0.9403223006284817, 0.7085080777278445, 0.22527789368522544, 0.9818370552242282, 0.6159224775420818, 0.2706644034975065, 0.07178219362593499, 0.014241333320197221, 0.03137252246763255, 0.0053822309776451385, 0.004033724367919699, 0.048620593191842636, 0.698854765559025, 0.01542843661807632, 0.013659003099913476, 0.014090254938772773, 0.013194882995414723, 0.005687073430667224, 0.6537875534486384], [0.015398014300186226, 1.0, 0.006407468432536648, 0.0069314906769251125, 0.3969790960908698, 0.027681440667601087, 0.09339238622092458, 0.37519137616801557, 0.00404799062168905, 0.07670404447620333, 0.4324783545118229, 0.07703653956454622, 0.029768927017261682, 0.06554857545751752, 0.009762036642342278, 0.0353934847686285, 0.6778387906409306, 0.45595227257601145, 0.0291291971261971, 0.4036965896066275, 0.011601767169180174, 0.09730625344220609, 0.022958148354746064, 0.020309246783226046, 0.010289030806204106, 0.017862913474833677, 0.08311568864836634, 0.027291906776853406, 0.10384550411153916, 0.02057113480527614, 0.07550520483841427, 0.004900906702356335, 0.09568265084817945, 0.04548738083800438, 0.9962525968216723, 0.0056833616460321, 0.3426047511175845, 0.019666910023071756, 0.1516052130842144, 0.013435729751422319, 0.00878552225644456, 0.018216927186975877, 0.04165931968085677, 0.06971403877461597, 0.08876179055617513, 0.02499364825757894, 0.005780998415168091, 0.2795567060876455, 0.9962525968216723, 0.03809600710537525, 0.06401189119827946, 0.2171272575844667, 0.014009688431780113, 0.005433489401761713, 0.014570081377868927, 0.010893717899137711, 0.006061301843769824, 0.03963607037272622, 0.019503014531308465, 0.008299014604303618, 0.005303974331675448, 0.9971975337891282, 0.035109698561907904, 0.005882806926098626, 0.013435729751422319, 0.010893717899137711, 0.005563784552304092, 0.3869889112089192, 0.011628764302056777, 0.9923467274296341, 0.021220427549546145, 0.9553092121039403, 0.010175411530992638, 0.9346964863036404, 0.017631298128081327, 0.009762036642342278, 0.063053835848179, 0.0074262088946339426, 0.23839791356980505, 0.010853169477110238, 0.005095679756426298, 0.01841821379251357, 0.0630824716186108, 0.0057434464188325565, 0.017862913474833677, 0.0169180362355904, 0.2180652358630856, 0.020207634499341993, 0.061562849561842464, 0.10720652765627048, 0.4448827432901738, 0.07037279255848708, 0.008299014604303618, 0.006697857813493273, 0.9791808048651495, 0.059807419783006646, 0.9890184749001202, 0.05894487739568714, 0.22552427087061705, 0.013287346609877246], [0.23315021060245453, 0.006407468432536648, 1.0, 0.9536340054285205, 0.022584781826954343, 0.47206403179189876, 0.00519281607867354, 0.0011275273970799448, 0.9776434582410679, 0.0026256166341711126, 0.016669270007841058, 0.0029613481630444702, 0.46355223347599356, 0.0038971306502551414, 0.6903284799948436, 0.4822457826054649, 0.012633548588757893, 0.008451899000590225, 0.010990803583334381, 0.0011447580867704288, 0.2031434338682407, 0.005417807070303681, 0.006890600373136553, 0.40618432506474195, 0.4995575091242924, 0.196961776542786, 0.03906884821219882, 0.26211443696472125, 0.005929580938440958, 0.13545807013296593, 0.005637267027026963, 0.9427331330429833, 0.14918563543279767, 0.4914871745218954, 0.007279349347346377, 0.8193406057039326, 0.0016611018404755144, 0.07033641210352759, 0.10134305885795274, 0.26229261314171515, 0.37234273643858407, 0.1371241204244153, 0.4608665289329638, 0.002307723924896989, 0.003957871544817455, 0.4148313704342949, 0.43060985872492796, 0.01872397590106561, 0.007279349347346377, 0.27825990534594114, 0.004266130579155283, 0.07932343518864618, 0.017091070796524235, 0.9870393740509892, 0.17590475659889063, 0.3570934702317149, 0.3681187043080777, 0.5021092257285247, 0.10620889024681603, 0.6783912770121695, 0.32779902663211885, 0.007131533612044524, 0.4944242396860787, 0.8192205768996265, 0.26229261314171515, 0.3570934702317149, 0.3307785812790547, 0.0017912819298502723, 0.5147901435433438, 0.005609161689496676, 0.09414834608831651, 0.010198521733525766, 0.013025621578576275, 0.010145221456905358, 0.008967027014429444, 0.6903284799948436, 0.004206905593727186, 0.32992339455028247, 0.0015879028058791262, 0.6888824803193775, 0.6168439779240678, 0.15950655309192585, 0.09990195274782591, 0.29115649837352064, 0.196961776542786, 0.5200040198284145, 0.03804360615032835, 0.41060746212295063, 0.0019405733988503576, 0.006397312310047316, 0.018820714027479726, 0.026755411450901056, 0.6783912770121695, 0.43497717392672053, 0.005320839022042678, 0.001854733366761931, 0.005113064769609879, 0.0017413878008192875, 0.0417473861349823, 0.12720856955621804], [0.1517058433732021, 0.0069314906769251125, 0.9536340054285205, 1.0, 0.033480065164487254, 0.4509043216049298, 0.005828111679227269, 0.001185404164625647, 0.9201818758181374, 0.003002156084913276, 0.012232522222532766, 0.003396486140083644, 0.4375113753686439, 0.003086768632033232, 0.5194486103840908, 0.45692643154855833, 0.017171756392971197, 0.013102814582309113, 0.01641524653862216, 0.0013362201594490414, 0.14617452774214543, 0.0060219083952136624, 0.005584610218920847, 0.384043930716212, 0.3497128675993331, 0.12995024047542006, 0.025533478283448312, 0.35787488782175564, 0.006665372670989057, 0.211949557292775, 0.0044452238809722855, 0.9770380298642249, 0.19591178185996827, 0.4785695639776565, 0.007829799127782215, 0.6470667153446157, 0.002319701601067598, 0.04788768519291865, 0.12951195405939794, 0.3709293182718329, 0.2946700103274989, 0.09052452703412942, 0.435905149198203, 0.0027036910196318042, 0.004501690506911915, 0.3902392563119789, 0.431275673094103, 0.013036828622710111, 0.007829799127782215, 0.3804110906880443, 0.006869225230727764, 0.07152448882495056, 0.01566008538958882, 0.9318889780266648, 0.25224663556201443, 0.4988232533816607, 0.41995377782560644, 0.48186992807891815, 0.0711605355581034, 0.8228478391002719, 0.37769045269536095, 0.007687216738503868, 0.4723045632822018, 0.6537348945938342, 0.3709293182718329, 0.4988232533816607, 0.3350919243620634, 0.0025078011664033304, 0.6679147215854746, 0.006091219519020152, 0.14892518755343473, 0.010849895219239857, 0.015680910661951087, 0.010738417667474753, 0.007856336999852182, 0.5194486103840908, 0.0032627362784738156, 0.26041073329258296, 0.002442240559689757, 0.5183357783400149, 0.6072385138838231, 0.1054402440535679, 0.06269109831472529, 0.2959907700059386, 0.12995024047542006, 0.3705928161431053, 0.025548320334675086, 0.38852665961446486, 0.0022503929298547734, 0.0072070946442141974, 0.02800958368179085, 0.047072280587268936, 0.8228478391002719, 0.3396368642503305, 0.005783312289883832, 0.002160415609792881, 0.005577853073003046, 0.0020299100089417642, 0.06497025512534345, 0.09426332933446141], [0.005201448619816467, 0.3969790960908698, 0.022584781826954343, 0.033480065164487254, 1.0, 0.07961904911340663, 0.03375642744811795, 0.0667697865044019, 0.01644722489245327, 0.024547830391341004, 0.06779706222958296, 0.02585463921970111, 0.07983124103626904, 0.007215277989184219, 0.012361784950181611, 0.09043605073461218, 0.8817139351665128, 0.7939207053377475, 0.049743116147813356, 0.09869697381684563, 0.004781583772413245, 0.03424804123092954, 0.0034734420260066315, 0.06255317173824707, 0.009709880481653051, 0.005510363399540511, 0.010818931909534075, 0.23802366133421662, 0.0388654940842395, 0.1366765540041445, 0.008873552171901373, 0.026842422598108522, 0.4666303773424825, 0.11724737473379336, 0.41277712954894114, 0.01019135264299106, 0.17595887664249021, 0.003971476923944542, 0.5496407188543557, 0.0821134457446957, 0.0069314464209004585, 0.004637656578158233, 0.0998045056922448, 0.02357189082115422, 0.031134185270661946, 0.07042737343938345, 0.012361045940039408, 0.03426436232899481, 0.41277712954894114, 0.2918912754402202, 0.09459441143017723, 0.1947307367164819, 0.004653030447327868, 0.020436609141504667, 0.07500755233894842, 0.08037771969542959, 0.019904835864725894, 0.10175751200724738, 0.00452589467400377, 0.06907106421131476, 0.01768578366202587, 0.4125349698142323, 0.09268578184872488, 0.011354461292969279, 0.0821134457446957, 0.08037771969542959, 0.010923764030797527, 0.20776382155058407, 0.10946532090529693, 0.3695822169129599, 0.12230062177149902, 0.44977652503101273, 0.009154316924936337, 0.445657046744575, 0.00389336118456206, 0.012361784950181611, 0.006657912027992718, 0.005630398473484478, 0.17499669062029974, 0.01298799335988565, 0.013051628600852985, 0.005073118822211712, 0.0122995323081949, 0.010636353152375495, 0.005510363399540511, 0.013873136378414452, 0.03675318853487804, 0.06252876696387037, 0.019293167770750835, 0.041268341491904253, 0.9785178908468236, 0.35006062845713376, 0.06907106421131476, 0.005872080150993046, 0.35114812387365896, 0.018818653341874377, 0.36352533816806004, 0.01825464674465142, 0.9121347366950875, 0.004693642732491411], [0.09392169950663552, 0.027681440667601087, 0.47206403179189876, 0.4509043216049298, 0.07961904911340663, 1.0, 0.0014722268089213406, 0.0013918252962882777, 0.5000909680694573, 0.0, 0.05216177438180333, 0.0, 0.9986630948955384, 0.0011626143427659278, 0.4928592887214778, 0.9938890301985109, 0.05127980108866558, 0.021213788275112302, 0.002071888741182011, 0.0014957958941719822, 0.04448850463842373, 0.0015816387320119988, 0.0010080625939974516, 0.9849066090725832, 0.48115033314971, 0.07202381808103665, 0.025846232946602887, 0.5069577590504609, 0.0018128503940567698, 0.04547610507042248, 0.0018994888982308998, 0.50431638269187, 0.48189008055791893, 0.976707003634412, 0.03295230013482142, 0.46541081970569104, 0.0018883112990644565, 0.017465510866942126, 0.4237402143196573, 0.07092728833605264, 0.075161797027906, 0.04314647931401515, 0.9859041633162913, 0.0, 0.0010751228307375553, 0.9925972041096995, 0.06539702310805812, 0.031052495809290342, 0.03295230013482142, 0.48492670389107284, 0.0013997693802796692, 0.44996246837362924, 0.001868876113531927, 0.5279688823745933, 0.04071026930976522, 0.11157625676611518, 0.056505693362272014, 0.9862523573830182, 0.030263221140406246, 0.515000044394741, 0.046345996539013654, 0.032131793128117765, 0.9938470260730256, 0.5244833306097816, 0.07092728833605264, 0.11157625676611518, 0.043967663492922845, 0.0023304509446561332, 0.4914968184831321, 0.02214643240610896, 0.02784415410611793, 0.05083187712436798, 0.0011216386878024525, 0.05415710072500985, 0.001049747912881396, 0.4928592887214778, 0.0012738749483172873, 0.05966985605633856, 0.0014524377488648738, 0.4679958497539389, 0.1142147225437442, 0.053212829227631674, 0.09810034571626962, 0.03710478726351081, 0.07202381808103665, 0.4352077372808521, 0.0913684399818557, 0.9857277947061963, 0.0, 0.0019984559347097103, 0.05866735539618263, 0.018185031512077596, 0.515000044394741, 0.09037632149829893, 0.01953001238180141, 0.0, 0.020308202085827946, 0.0, 0.10709662662388801, 0.023892574129160606], [0.02829231213799464, 0.09339238622092458, 0.00519281607867354, 0.005828111679227269, 0.03375642744811795, 0.0014722268089213406, 1.0, 0.5168145683195141, 0.0024545760839212475, 0.9819772353996237, 0.04792181168514427, 0.9869092107937575, 0.0015751617088582113, 0.5704780803078329, 0.0038297288498952147, 0.0022076584055959955, 0.05606404551702138, 0.10247462213063682, 0.506654091637641, 0.5159637463686877, 0.0726