{"co_parameters": [[[1.6252811281889371e-16, -0.6813459396362305, -0.7319615483283997, -0.00021759541332724472], [-1.5128918998380102e-16, -0.7319615483283997, 0.6813459396362305, 0.0010430755615234632], [-1.0, 2.7192622655495665e-32, -2.220446049250313e-16, 0.23367513656616212], [0.0, 0.0, 0.0, 1.0]], [[-4.9754463858811386e-17, 0.9745720624923706, -0.22407418489456177, 0.0003095520436763848], [-2.1639846858709135e-16, -0.22407418489456177, -0.9745720624923706, 0.0006824533343315492], [-0.9999999403953552, 0.0, 2.220445916901415e-16, 0.1922350152730942], [0.0, 0.0, 0.0, 1.0]], [[-0.22407418489456177, -0.9745720624923706, -1.1935066127216496e-16, 0.04289992010593415], [-0.9745720624923706, 0.22407418489456177, 2.7441174190964858e-17, 0.18539681887626647], [0.0, 1.2246467202362698e-16, -0.9999999403953552, 0.027738155364990236], [0.0, 0.0, 0.0, 1.0]], [[-0.03579118475317955, -0.9993593096733093, 0.0, 0.00744737245887518], [0.9993593096733093, -0.03579118475317955, 0.0, -0.19015603816509247], [0.0, 0.0, 1.0, -0.025987724304199218], [0.0, 0.0, 0.0, 1.0]], [[-2.122840325155832e-16, -0.29322877526283264, 0.9560422897338867, 0.006012812614440955], [-6.510986755588647e-17, 0.9560422897338867, 0.29322877526283264, 0.000483844667673122], [-1.0, 2.7192622655495665e-32, -2.220446049250313e-16, 0.22760914611816407], [0.0, 0.0, 0.0, 1.0]], [[-0.8475692868232727, 0.530684769153595, -3.880715858559059e-17, 0.1581081191301346], [-0.530684769153595, -0.8475692868232727, -1.6878744807108658e-16, 0.09991392719745637], [-1.2246468525851679e-16, -1.2246468525851679e-16, 1.0, 0.02224166488647463], [0.0, 0.0, 0.0, 1.0]], [[-0.1584443747997284, 0.9745720624923706, 0.1584443747997284, 0.03180486649274827], [-0.6891264915466309, -0.22407418489456177, 0.6891264915466309, 0.13374186420440676], [0.7071067094802856, 0.0, 0.7071067094802856, -0.16219035649299623], [0.0, 0.0, 0.0, 1.0]], [[-1.178336782031917e-16, -0.8475749492645264, -0.5306757092475891, 0.00042763164639474967], [1.8819944475379521e-16, -0.5306757092475891, 0.8475749492645264, 0.00043767797946926733], [-0.9999999403953552, 0.0, 2.220445916901415e-16, 0.22877393853664402], [0.0, 0.0, 0.0, 1.0]], [[7.947239478318557e-18, 0.9993593096733093, -0.03579118475317955, 0.0006470472812652575], [-2.21902343094562e-16, 0.03579118475317955, 0.9993593096733093, -0.00027776867151256605], [1.0, -2.7192622655495665e-32, 2.220446049250313e-16, -0.21598772430419924], [0.0, 0.0, 0.0, 1.0]], [[0.1584443747997284, -0.9745720624923706, 0.1584443747997284, -0.02977860635519028], [0.6891264915466309, 0.22407418489456177, 0.6891264915466309, -0.13070590591430664], [-0.7071067094802856, -8.659559941682064e-17, 0.7071067094802856, 0.16208843159675598], [0.0, 0.0, 0.0, 1.0]], [[0.8475692868232727, -0.530684769153595, 0.0, -0.16396821033954623], [0.530684769153595, 0.8475692868232727, 0.0, -0.10174628460407259], [0.0, 0.0, 1.0, 0.02224166488647461], [0.0, 0.0, 0.0, 1.0]], [[-2.1639827006374434e-16, -0.2240782380104065, -0.974571168422699, -0.0049423146247863405], [4.9755363831317843e-17, -0.974571168422699, 0.2240782380104065, 9.149956703185189e-05], [-1.0, 0.0, 2.220446049250313e-16, 0.2006758613586426], [0.0, 0.0, 0.0, 1.0]], [[0.974571168422699, -0.2240782380104065, -1.1935055539304655e-16, -0.18934489572048188], [-0.2240782380104065, -0.974571168422699, 2.744167049933239e-17, 0.042693802475929264], [-1.2246468525851679e-16, 0.0, -1.0, 0.03207390213012697], [0.0, 0.0, 0.0, 1.0]], [[2.122840325155832e-16, 0.29322877526283264, 0.9560422897338867, 0.003435098886489832], [6.510986755588647e-17, -0.9560422897338867, 0.29322877526283264, 0.00039155337214468805], [1.0, 0.0, -2.220446049250313e-16, -0.2339664459228516], [0.0, 0.0, 0.0, 1.0]], [[0.7319615483283997, -0.6813459396362305, -8.34408185873271e-17, -0.1400534955263138], [-0.6813459396362305, -0.7319615483283997, -8.963943878255857e-17, 0.13171775722503665], [0.0, 1.2246468525851679e-16, -1.0, -0.009895602226257325], [0.0, 0.0, 0.0, 1.0]], [[0.7319615483283997, 0.6813459396362305, 0.0, -0.13822563469409943], [-0.6813459396362305, 0.7319615483283997, 0.0, 0.12879838752746584], [0.0, 0.0, 1.0, -0.04288823318481445], [0.0, 0.0, 0.0, 1.0]], [[0.22407418489456177, -0.9745720624923706, -9.19094870812001e-17, -0.04225184357166291], [0.9745720624923706, 0.22407418489456177, 1.4679184208057471e-16, -0.18484073138237], [-1.2246467202362698e-16, -1.2246467202362698e-16, 0.9999999403953552, -0.020316980361938457], [0.0, 0.0, 0.0, 1.0]], [[-0.8475692868232727, -0.530684769153595, 1.0379730332833858e-16, 0.15914838898181916], [-0.530684769153595, 0.8475692868232727, 6.499014474274799e-17, 0.10023299801349642], [-1.2246468525851679e-16, 0.0, -1.0, -0.0433723678588867], [0.0, 0.0, 0.0, 1.0]], [[0.5175749659538269, 0.6813459396362305, 0.5175749659538269, -0.09957520473003388], [-0.48178431391716003, 0.7319615483283997, -0.48178431391716003, 0.09420857495069504], [-0.7071067690849304, 0.0, 0.7071067690849304, 0.15600746333599091], [0.0, 0.0, 0.0, 1.0]], [[-0.22407418489456177, 0.9745720624923706, 0.0, 0.04432033789157868], [-0.9745720624923706, -0.22407418489456177, 0.0, 0.18806284594535827], [0.0, 0.0, 0.9999999403953552, -0.041375442504882814], [0.0, 0.0, 0.0, 1.0]], [[-0.6813464760780334, 0.7319610714912415, 0.0, 0.1269581962823868], [-0.7319610714912415, -0.6813464760780334, 0.0, 0.13396794426441194], [0.0, 0.0, 0.9999999403953552, -0.01851419448852539], [0.0, 0.0, 0.0, 1.0]], [[-0.8475692868232727, 0.530684769153595, -3.880715858559059e-17, 0.15778151810169222], [-0.530684769153595, -0.8475692868232727, -1.6878744807108658e-16, 0.09981375229358674], [-1.2246468525851679e-16, -1.2246468525851679e-16, 1.0, 0.03714849853515627], [0.0, 0.0, 0.0, 1.0]], [[0.025308189913630486, 0.9993593096733093, 0.025308189913630486, -0.004760385315865278], [-0.7066537141799927, 0.03579118475317955, -0.7066537141799927, 0.13593909478187563], [-0.7071067690849304, -8.659560603426554e-17, 0.7071067690849304, 0.17312423503398897], [0.0, 0.0, 0.0, 1.0]], [[0.7319615483283997, 0.6813459396362305, 0.0, -0.1388444186449051], [-0.6813459396362305, 0.7319615483283997, 0.0, 0.12978668022155762], [0.0, 0.0, 1.0, 0.006618118286132813], [0.0, 0.0, 0.0, 1.0]], [[0.03579118475317955, 0.9993593096733093, 1.2676938610580194e-16, -0.0068686425909399995], [-0.9993593096733093, 0.03579118475317955, -1.1800307155775277e-16, 0.19193295085430145], [-1.2246468525851679e-16, -1.2246468525851679e-16, 1.0, 0.030555999755859396], [0.0, 0.0, 0.0, 1.0]], [[-1.178336782031917e-16, 0.8475749492645264, 0.5306757092475891, 0.0014451147317886552], [1.8819944475379521e-16, 0.5306757092475891, -0.8475749492645264, -0.002879836320877107], [-0.9999999403953552, 2.719261971675979e-32, -2.220445916901415e-16, 0.21793756616115573], [0.0, 0.0, 0.0, 1.0]], [[-0.6760239601135254, 0.29322877526283264, 0.6760239601135254, 0.13027666664123536], [-0.20734405517578125, -0.9560422897338867, 0.20734405517578125, 0.039729512214660645], [0.7071067690849304, 0.0, 0.7071067690849304, -0.15924009883403778], [0.0, 0.0, 0.0, 1.0]], [[0.1584443747997284, 0.9745720624923706, 0.1584443747997284, -0.02840399616956711], [0.6891264915466309, -0.22407418489456177, 0.6891264915466309, -0.128126202583313], [0.7071067094802856, 0.0, -0.7071067094802856, -0.16219035649299623], [0.0, 0.0, 0.0, 1.0]], [[0.7319615483283997, -0.6813459396362305, -8.34408185873271e-17, -0.138557333111763], [-0.6813459396362305, -0.7319615483283997, -8.963943878255857e-17, 0.1293281583786011], [0.0, 1.2246468525851679e-16, -1.0, 0.03073383140563965], [0.0, 0.0, 0.0, 1.0]], [[-2.1639827006374434e-16, -0.2240782380104065, -0.974571168422699, -0.005324973106384241], [4.9755363831317843e-17, -0.974571168422699, 0.2240782380104065, 7.782974839209664e-05], [-1.0, 0.0, 2.220446049250313e-16, 0.2345727767944336], [0.0, 0.0, 0.0, 1.0]], [[-0.6813464760780334, 0.7319610714912415, 0.0, 0.1302566114664078], [-0.7319610714912415, -0.6813464760780334, 0.0, 0.14018477833271029], [0.0, 0.0, 0.9999999403953552, 0.0374627685546875], [0.0, 0.0, 0.0, 1.0]], [[0.22407418489456177, -0.9745720624923706, -9.19094870812001e-17, -0.04224827015399933], [0.9745720624923706, 0.22407418489456177, 1.4679184208057471e-16, -0.18494056391716004], [-1.2246467202362698e-16, -1.2246467202362698e-16, 0.9999999403953552, 0.027738155364990257], [0.0, 0.0, 0.0, 1.0]], [[-4.9754463858811386e-17, 0.9745720624923706, -0.22407418489456177, 0.00032582479715348136], [-2.1639846858709135e-16, -0.22407418489456177, -0.9745720624923706, 0.0002281271219253908], [-0.9999999403953552, 0.0, 2.220445916901415e-16, 0.21773814523220064], [0.0, 0.0, 0.0, 1.0]], [[0.5175749659538269, -0.6813459396362305, 0.5175749659538269, -0.10006641376018525], [-0.48178431391716003, -0.7319615483283997, -0.48178431391716003, 0.09499311035871506], [0.7071067690849304, 8.659560603426554e-17, -0.7071067690849304, -0.1696580332517624], [0.0, 0.0, 0.0, 1.0]], [[-0.22407418489456177, -0.9745720624923706, -1.1935066127216496e-16, 0.04301241505146027], [-0.9745720624923706, 0.22407418489456177, 2.7441174190964858e-17, 0.18225579142570497], [0.0, 1.2246467202362698e-16, -0.9999999403953552, -0.01126439094543457], [0.0, 0.0, 0.0, 1.0]], [[0.5306757092475891, 0.8475749492645264, 1.6878703778950275e-16, -0.10040075314044954], [-0.8475749492645264, 0.5306757092475891, -3.880896514804841e-17, 0.1614769186973572], [-1.2246467202362698e-16, -1.2246467202362698e-16, 0.9999999403953552, 0.038773948669433615], [0.0, 0.0, 0.0, 1.0]], [[-0.6760239601135254, -0.29322877526283264, -0.6760239601135254, 0.130322060585022], [-0.20734405517578125, 0.9560422897338867, -0.20734405517578125, 0.03973113965988159], [0.7071067690849304, 8.659560603426554e-17, -0.7071067690849304, -0.1509082602262497], [0.0, 0.0, 0.0, 1.0]], [[1.5128930909780923e-16, 0.7319610714912415, 0.6813464760780334, 0.0030015797615051015], [1.625280069397753e-16, -0.6813464760780334, 0.7319610714912415, 0.0019197916984557831], [0.9999999403953552, 0.0, -2.220445916901415e-16, -0.21078220117092134], [0.0, 0.0, 0.0, 1.0]], [[0.8475692868232727, 0.530684769153595, 6.499014474274799e-17, -0.16304347240924838], [0.530684769153595, -0.8475692868232727, -1.0379730332833858e-16, -0.10146264755725862], [0.0, 1.2246468525851679e-16, -1.0, -0.0034615731239318846], [0.0, 0.0, 0.0, 1.0]], [[0.6891258955001831, -0.2240782380104065, -0.6891258955001831, -0.13625889277458192], [-0.1584472358226776, -0.974571168422699, 0.1584472358226776, 0.03018280452489853], [-0.7071067690849304, 0.0, -0.7071067690849304, 0.1789230593442917], [0.0, 0.0, 0.0, 1.0]], [[0.22407418489456177, 0.9745720624923706, -2.7441174190964858e-17, -0.0408278523683548], [0.9745720624923706, -0.22407418489456177, -1.1935066127216496e-16, -0.18227453684806824], [-1.2246467202362698e-16, 0.0, -0.9999999403953552, -0.041375442504882794], [0.0, 0.0, 0.0, 1.0]], [[-0.6891258955001831, -0.2240782380104065, -0.6891258955001831, 0.13184275221824646], [0.1584472358226776, -0.974571168422699, 0.1584472358226776, -0.02980390352010727], [-0.7071067690849304, 0.0, 0.7071067690849304, 0.1747830446958542], [0.0, 0.0, 0.0, 1.0]], [[-0.8475692868232727, -0.530684769153595, 1.0379730332833858e-16, 0.15595215046405794], [-0.530684769153595, 0.8475692868232727, 6.499014474274799e-17, 0.09925264751911164], [-1.2246468525851679e-16, 0.0, -1.0, 0.04784477615356447], [0.0, 0.0, 0.0, 1.0]], [[1.178336782031917e-16, 0.8475749492645264, -0.5306757092475891, 0.0022071762084960736], [-1.8819944475379521e-16, 0.5306757092475891, 0.8475749492645264, -0.005364647865295378], [0.9999999403953552, -2.719261971675979e-32, 2.220445916901415e-16, -0.21145619714260103], [0.0, 0.0, 0.0, 1.0]], [[1.6252811281889371e-16, 0.6813459396362305, 0.7319615483283997, -0.00021759541332724472], [-1.5128918998380102e-16, 0.7319615483283997, -0.6813459396362305, 0.0010430755615234632], [-1.0, 0.0, 2.220446049250313e-16, 0.23367513656616212], [0.0, 0.0, 0.0, 1.0]], [[0.025308189913630486, -0.9993593096733093, 0.025308189913630486, -0.0050732909254729746], [-0.7066537141799927, -0.03579118475317955, -0.7066537141799927, 0.1369593040943146], [0.7071067690849304, 0.0, -0.7071067690849304, -0.14984692752361298], [0.0, 0.0, 0.0, 1.0]], [[-0.1584443747997284, -0.9745720624923706, 0.1584443747997284, 0.030222508609294894], [-0.6891264915466309, 0.22407418489456177, 0.6891264915466309, 0.1307594976425171], [-0.7071067094802856, 8.659559941682064e-17, -0.7071067094802856, 0.15972822499275208], [0.0, 0.0, 0.0, 1.0]], [[0.5993219614028931, 0.530684769153595, 0.5993219614028931, -0.11576094841957094], [0.37525078654289246, -0.8475692868232727, 0.37525078654289246, -0.07189475792646409], [0.7071067690849304, 8.659560603426554e-17, -0.7071067690849304, -0.17772265422344208], [0.0, 0.0, 0.0, 1.0]], [[-1.8819818743926413e-16, -0.530684769153595, -0.8475692868232727, -0.002005307674407927], [-1.1783568990644144e-16, 0.8475692868232727, -0.530684769153595, -0.0006325416564941206], [1.0, 0.0, -2.220446049250313e-16, -0.19346157264709474], [0.0, 0.0, 0.0, 1.0]], [[-0.8475692868232727, -0.530684769153595, 1.0379730332833858e-16, 0.15929553329944612], [-0.530684769153595, 0.8475692868232727, 6.499014474274799e-17, 0.10027812969684602], [-1.2246468525851679e-16, 0.0, -1.0, -0.030758918762207012], [0.0, 0.0, 0.0, 1.0]], [[-0.6891258955001831, 0.2240782380104065, 0.6891258955001831, 0.13184275221824646], [0.1584472358226776, 0.974571168422699, -0.1584472358226776, -0.02980390352010727], [-0.7071067690849304, 8.659560603426554e-17, -0.7071067690849304, 0.1747830446958542], [0.0, 0.0, 0.0, 1.0]], [[0.974571168422699, 0.2240782380104065, 1.4679222589237894e-16, -0.1906315988302231], [-0.2240782380104065, 0.974571168422699, 9.190888489371416e-17, 0.042647753834724425], [-1.2246468525851679e-16, -1.2246468525851679e-16, 1.0, -0.005348647117614725], [0.0, 0.0, 0.0, 1.0]], [[-0.6760239601135254, 0.29322877526283264, -0.6760239601135254, 0.13445736598968508], [-0.20734405517578125, -0.9560422897338867, -0.20734405517578125, 0.039879215240478515], [-0.7071067690849304, 0.0, 0.7071067690849304, 0.17195943248271944], [0.0, 0.0, 0.0, 1.0]], [[2.122840325155832e-16, -0.29322877526283264, -0.9560422897338867, 0.003435098886489832], [6.510986755588647e-17, 0.9560422897338867, -0.29322877526283264, 0.00039155337214468805], [1.0, -2.7192622655495665e-32, 2.220446049250313e-16, -0.2339664459228516], [0.0, 0.0, 0.0, 1.0]], [[-4.9754463858811386e-17, -0.9745720624923706, 0.22407418489456177, -0.00011697716265915978], [-2.1639846858709135e-16, 0.22407418489456177, 0.9745720624923706, -0.0006175670027732482], [-0.9999999403953552, 2.719261971675979e-32, -2.220445916901415e-16, 0.20790397393703464], [0.0, 0.0, 0.0, 1.0]], [[0.22407418489456177, -0.9745720624923706, -9.19094870812001e-17, -0.04211020529270173], [0.9745720624923706, 0.22407418489456177, 1.4679184208057471e-16, -0.18879563784599304], [-1.2246467202362698e-16, -1.2246467202362698e-16, 0.9999999403953552, -0.035974861145019514], [0.0, 0.0, 0.0, 1.0]], [[-0.7319615483283997, 0.6813459396362305, 8.963943878255857e-17, 0.13760751450061798], [0.6813459396362305, 0.7319615483283997, -8.34408185873271e-17, -0.12642007637023928], [-1.2246468525851679e-16, 0.0, -1.0, -0.000918301582336405], [0.0, 0.0, 0.0, 1.0]], [[-0.6760239601135254, 0.29322877526283264, -0.6760239601135254, 0.13221445560455325], [-0.20734405517578125, -0.9560422897338867, -0.20734405517578125, 0.03979891443252564], [-0.7071067690849304, 0.0, 0.7071067690849304, 0.15457660853862765], [0.0, 0.0, 0.0, 1.0]], [[-0.9560422897338867, 0.29322877526283264, 0.0, 0.18536632919311524], [-0.29322877526283264, -0.9560422897338867, 0.0, 0.0561151619553566], [0.0, 0.0, 1.0, -0.008892201423645019], [0.0, 0.0, 0.0, 1.0]], [[0.6891258955001831, 0.2240782380104065, 0.6891258955001831, -0.13002508807182311], [-0.1584472358226776, 0.974571168422699, -0.1584472358226776, 0.030406046092510224], [-0.7071067690849304, -8.659560603426554e-17, 0.7071067690849304, 0.1747830446958542], [0.0, 0.0, 0.0, 1.0]], [[-1.5128930909780923e-16, -0.7319610714912415, 0.6813464760780334, 0.001553832173347499], [-1.625280069397753e-16, 0.6813464760780334, 0.7319610714912415, 0.0010133287906647004], [-0.9999999403953552, 2.719261971675979e-32, -2.220445916901415e-16, 0.22185246026515962], [0.0, 0.0, 0.0, 1.0]], [[-0.6760239601135254, -0.29322877526283264, 0.6760239601135254, 0.13445736598968508], [-0.20734405517578125, 0.9560422897338867, 0.20734405517578125, 0.039879215240478515], [-0.7071067690849304, 8.659560603426554e-17, -0.7071067690849304, 0.17195943248271944], [0.0, 0.0, 0.0, 1.0]], [[0.22407418489456177, -0.9745720624923706, -9.19094870812001e-17, -0.04227477276325226], [0.9745720624923706, 0.22407418489456177, 1.4679184208057471e-16, -0.18420055270195007], [-1.2246467202362698e-16, -1.2246467202362698e-16, 0.9999999403953552, 0.04019153213500979], [0.0, 0.0, 0.0, 1.0]], [[-1.5128930909780923e-16, -0.7319610714912415, 0.6813464760780334, 0.003300863981246974], [-1.625280069397753e-16, 0.6813464760780334, 0.7319610714912415, 0.0021071817874908725], [-0.9999999403953552, 2.719261971675979e-32, -2.220445916901415e-16, 0.19962576043605806], [0.0, 0.0, 0.0, 1.0]], [[1.178336782031917e-16, -0.8475749492645264, 0.5306757092475891, 0.0021435034275054735], [-1.8819944475379521e-16, -0.5306757092475891, -0.8475749492645264, -0.005157030582427946], [0.9999999403953552, 0.0, -2.220445916901415e-16, -0.20263984048366548], [0.0, 0.0, 0.0, 1.0]], [[-4.9754463858811386e-17, 0.9745720624923706, -0.22407418489456177, 0.000436757624149331], [-2.1639846858709135e-16, -0.22407418489456177, -0.9745720624923706, -0.0028693358898162474], [-0.9999999403953552, 0.0, 2.220445916901415e-16, 0.23656355035305027], [0.0, 0.0, 0.0, 1.0]], [[-0.5175749659538269, -0.6813459396362305, 0.5175749659538269, 0.09661207282543183], [0.48178431391716003, -0.7319615483283997, -0.48178431391716003, -0.08808492869138718], [0.7071067690849304, -8.659560603426554e-17, 0.7071067690849304, -0.1696580332517624], [0.0, 0.0, 0.0, 1.0]], [[-0.03579118475317955, -0.9993593096733093, 0.0, 0.00682420089095831], [0.9993593096733093, -0.03579118475317955, 0.0, -0.1881241625547409], [0.0, 0.0, 1.0, -0.03702542877197266], [0.0, 0.0, 0.0, 1.0]], [[-0.1584443747997284, 0.9745720624923706, 0.1584443747997284, 0.030426682889461522], [-0.6891264915466309, -0.22407418489456177, 0.6891264915466309, 0.13126199436187744], [0.7071067094802856, 0.0, 0.7071067094802856, -0.15466725468635562], [0.0, 0.0, 0.0, 1.0]], [[-0.22407418489456177, -0.9745720624923706, -1.1935066127216496e-16, 0.042941677212715156], [-0.9745720624923706, 0.22407418489456177, 2.7441174190964858e-17, 0.18546440196037292], [0.0, 1.2246467202362698e-16, -0.9999999403953552, -0.004851984977722168], [0.0, 0.0, 0.0, 1.0]], [[-7.947239478318557e-18, -0.9993593096733093, -0.03579118475317955, 0.0007560378909111037], [2.21902343094562e-16, -0.03579118475317955, 0.9993593096733093, -0.0006331197023392101], [-1.0, 0.0, 2.220446049250313e-16, 0.2040387420654297], [0.0, 0.0, 0.0, 1.0]], [[-1.5128930909780923e-16, 0.7319610714912415, -0.6813464760780334, -0.002495634794235204], [-1.625280069397753e-16, -0.6813464760780334, -0.7319610714912415, -0.005100875377655001], [-0.9999999403953552, 0.0, 2.220445916901415e-16, 0.2136188977956772], [0.0, 0.0, 0.0, 1.0]], [[-0.03579118475317955, -0.9993593096733093, 0.0, 0.007451104305684567], [0.9993593096733093, -0.03579118475317955, 0.0, -0.1901681994199753], [0.0, 0.0, 1.0, 0.04586599349975586], [0.0, 0.0, 0.0, 1.0]], [[-1.5128930909780923e-16, 0.7319610714912415, -0.6813464760780334, 0.003300863981246974], [-1.625280069397753e-16, -0.6813464760780334, -0.7319610714912415, 0.0021071817874908725], [-0.9999999403953552, 0.0, 2.220445916901415e-16, 0.19962576043605806], [0.0, 0.0, 0.0, 1.0]], [[0.03579118475317955, 0.9993593096733093, 1.2676938610580194e-16, -0.006153277806937695], [-0.9993593096733093, 0.03579118475317955, -1.1800307155775277e-16, 0.18960049998760226], [-1.2246468525851679e-16, -1.2246468525851679e-16, 1.0, -0.025987724304199197], [0.0, 0.0, 0.0, 1.0]], [[-1.6252811281889371e-16, 0.6813459396362305, -0.7319615483283997, -0.0017271707057952607], [1.5128918998380102e-16, 0.7319615483283997, 0.6813459396362305, 0.0034540908336639147], [1.0, 0.0, -2.220446049250313e-16, -0.22530774688720706], [0.0, 0.0, 0.0, 1.0]], [[0.8475692868232727, -0.530684769153595, 0.0, -0.15955048668384553], [0.530684769153595, 0.8475692868232727, 0.0, -0.10039127933979036], [0.0, 0.0, 1.0, 0.0036641564369201663], [0.0, 0.0, 0.0, 1.0]], [[1.178336782031917e-16, 0.8475749492645264, -0.5306757092475891, 0.0014016157388686934], [-1.8819944475379521e-16, 0.5306757092475891, 0.8475749492645264, -0.002738011598587004], [0.9999999403953552, -2.719261971675979e-32, 2.220445916901415e-16, -0.1897016214132309], [0.0, 0.0, 0.0, 1.0]], [[0.6813464760780334, 0.7319610714912415, -8.34408847617761e-17, -0.1279019981622696], [0.7319610714912415, -0.6813464760780334, -8.963937922555447e-17, -0.13805927479267122], [-1.2246467202362698e-16, 0.0, -0.9999999403953552, 0.03185247230529787], [0.0, 0.0, 0.0, 1.0]], [[0.6760239601135254, -0.29322877526283264, 0.6760239601135254, -0.1260877561569214], [0.20734405517578125, 0.9560422897338867, 0.20734405517578125, -0.039042439222335815], [-0.7071067690849304, -8.659560603426554e-17, 0.7071067690849304, 0.18032368266582488], [0.0, 0.0, 0.0, 1.0]], [[0.22407418489456177, -0.9745720624923706, -9.19094870812001e-17, -0.042137337327003484], [0.9745720624923706, 0.22407418489456177, 1.4679184208057471e-16, -0.18803802752494814], [-1.2246467202362698e-16, -1.2246467202362698e-16, 0.9999999403953552, 0.046563560485839865], [0.0, 0.0, 0.0, 1.0]], [[0.8475692868232727, 0.530684769153595, 6.499014474274799e-17, -0.16034682857990268], [0.530684769153595, -0.8475692868232727, -1.0379730332833858e-16, -0.10063552963733674], [0.0, 1.2246468525851679e-16, -1.0, -0.010077646255493164], [0.0, 0.0, 0.0, 1.0]], [[-0.6891258955001831, 0.2240782380104065, 0.6891258955001831, 0.12560894656181337], [0.1584472358226776, 0.974571168422699, -0.1584472358226776, -0.030027145087718966], [-0.7071067690849304, 8.659560603426554e-17, -0.7071067690849304, 0.1789230593442917], [0.0, 0.0, 0.0, 1.0]], [[-2.1639827006374434e-16, 0.2240782380104065, 0.974571168422699, 0.0009088320732117067], [4.9755363831317843e-17, 0.974571168422699, -0.2240782380104065, 0.0003010712563991462], [-1.0, 2.7192622655495665e-32, -2.220446049250313e-16, 0.23043275833129884], [0.0, 0.0, 0.0, 1.0]], [[-0.22407418489456177, -0.9745720624923706, -1.1935066127216496e-16, 0.042896346688270574], [-0.9745720624923706, 0.22407418489456177, 2.7441174190964858e-17, 0.18549665331840515], [0.0, 1.2246467202362698e-16, -0.9999999403953552, -0.020316980361938478], [0.0, 0.0, 0.0, 1.0]], [[0.8475692868232727, 0.530684769153595, 6.499014474274799e-17, -0.16621578037738802], [0.530684769153595, -0.8475692868232727, -1.0379730332833858e-16, -0.10243565475940705], [0.0, 1.2246468525851679e-16, -1.0, -0.018027418136596682], [0.0, 0.0, 0.0, 1.0]], [[1.6252811281889371e-16, 0.6813459396362305, 0.7319615483283997, -0.0014693226814270295], [-1.5128918998380102e-16, 0.7319615483283997, -0.6813459396362305, 0.0030422689914703627], [-1.0, 0.0, 2.220446049250313e-16, 0.22670837783813477], [0.0, 0.0, 0.0, 1.0]], [[-0.974571168422699, -0.2240782380104065, 0.0, 0.17990437352657318], [0.2240782380104065, -0.974571168422699, 0.0, -0.04249485838413239], [0.0, 0.0, 1.0, 0.02479325866699219], [0.0, 0.0, 0.0, 1.0]], [[-0.8475692868232727, -0.530684769153595, 1.0379730332833858e-16, 0.16172950184345247], [-0.530684769153595, 0.8475692868232727, 6.499014474274799e-17, 0.1010246821641922], [-1.2246468525851679e-16, 0.0, -1.0, -0.010077646255493143], [0.0, 0.0, 0.0, 1.0]], [[0.5175749659538269, 0.6813459396362305, 0.5175749659538269, -0.09782388198375702], [-0.48178431391716003, 0.7319615483283997, -0.48178431391716003, 0.09141145008802415], [-0.7071067690849304, 0.0, 0.7071067690849304, 0.16508411586284638], [0.0, 0.0, 0.0, 1.0]], [[-0.6891258955001831, 0.2240782380104065, -0.6891258955001831, 0.1314727656841278], [0.1584472358226776, 0.974571168422699, 0.1584472358226776, -0.029817155301570895], [0.7071067690849304, 8.659560603426554e-17, -0.7071067690849304, -0.15924009883403778], [0.0, 0.0, 0.0, 1.0]], [[-0.6813464760780334, 0.7319610714912415, 0.0, 0.1325452324151993], [-0.7319610714912415, -0.6813464760780334, 0.0, 0.14104738247394563], [0.0, 0.0, 0.9999999403953552, -0.0026077048778533935], [0.0, 0.0, 0.0, 1.0]], [[-0.6891258955001831, -0.2240782380104065, -0.6891258955001831, 0.12675754714012147], [0.1584472358226776, -0.974571168422699, 0.1584472358226776, -0.02998603743314743], [-0.7071067690849304, 0.0, 0.7071067690849304, 0.16642418849468232], [0.0, 0.0, 0.0, 1.0]], [[-0.3752443790435791, 0.8475749492645264, 0.3752443790435791, 0.07274154710769654], [0.599325954914093, 0.5306757092475891, -0.599325954914093, -0.11675176823139191], [-0.7071067094802856, 8.659559941682064e-17, -0.7071067094802856, 0.16228785252571107], [0.0, 0.0, 0.0, 1.0]], [[0.5175749659538269, -0.6813459396362305, -0.5175749659538269, -0.09855683887004853], [-0.48178431391716003, -0.7319615483283997, 0.48178431391716003, 0.09258209484815598], [-0.7071067690849304, 8.659560603426554e-17, -0.7071067690849304, 0.1780254229307175], [0.0, 0.0, 0.0, 1.0]], [[0.6813464760780334, 0.7319610714912415, -8.34408847617761e-17, -0.12903543436527254], [0.7319610714912415, -0.6813464760780334, -8.963937922555447e-17, -0.13867735970020295], [-1.2246467202362698e-16, 0.0, -0.9999999403953552, -0.012398446083068827], [0.0, 0.0, 0.0, 1.0]], [[0.3752443790435791, 0.8475749492645264, 0.3752443790435791, -0.07026619195938111], [-0.599325954914093, 0.5306757092475891, -0.599325954914093, 0.11234479057788849], [-0.7071067094802856, -8.659559941682064e-17, 0.7071067094802856, 0.1802162697315216], [0.0, 0.0, 0.0, 1.0]], [[0.8475692868232727, 0.530684769153595, 6.499014474274799e-17, -0.1614345761537552], [0.530684769153595, -0.8475692868232727, -1.0379730332833858e-16, -0.10096916782855989], [0.0, 1.2246468525851679e-16, -1.0, -0.022925508499145507], [0.0, 0.0, 0.0, 1.0]], [[0.9560422897338867, 0.29322877526283264, -1.1708142030180128e-16, -0.17589875221252443], [0.29322877526283264, -0.9560422897338867, -3.5910170248360426e-17, -0.05523902899026872], [-1.2246468525851679e-16, 0.0, -1.0, 0.007876004219055197], [0.0, 0.0, 0.0, 1.0]], [[-0.6813464760780334, 0.7319610714912415, 0.0, 0.13100966227054597], [-0.7319610714912415, -0.6813464760780334, 0.0, 0.14008593285083773], [0.0, 0.0, 0.9999999403953552, 0.03185247230529785], [0.0, 0.0, 0.0, 1.0]], [[-7.947239478318557e-18, 0.9993593096733093, 0.03579118475317955, 0.0007560378909111037], [2.21902343094562e-16, 0.03579118475317955, -0.9993593096733093, -0.0006331197023392101], [-1.0, 2.7192622655495665e-32, -2.220446049250313e-16, 0.2040387420654297], [0.0, 0.0, 0.0, 1.0]], [[0.9560422897338867, -0.29322877526283264, 8.117124674471841e-17, -0.17977052688598635], [0.29322877526283264, 0.9560422897338867, 1.5299159385888416e-16, -0.055377698481082926], [-1.2246468525851679e-16, -1.2246468525851679e-16, 1.0, -0.016557973861694317], [0.0, 0.0, 0.0, 1.0]], [[-0.03579118475317955, 0.9993593096733093, 1.2238622883177736e-16, 0.006848495863378048], [0.9993593096733093, 0.03579118475317955, 4.38315603325367e-18, -0.18820338046550752], [0.0, 1.2246468525851679e-16, -1.0, 0.038773948669433594], [0.0, 0.0, 0.0, 1.0]], [[0.8475692868232727, 0.530684769153595, 6.499014474274799e-17, -0.15955048668384553], [0.530684769153595, -0.8475692868232727, -1.0379730332833858e-16, -0.10039127933979036], [0.0, 1.2246468525851679e-16, -1.0, 0.0036641564369201663], [0.0, 0.0, 0.0, 1.0]], [[-2.1639827006374434e-16, 0.2240782380104065, 0.974571168422699, -0.0049423146247863405], [4.9755363831317843e-17, 0.974571168422699, -0.2240782380104065, 9.149956703185189e-05], [-1.0, 2.7192622655495665e-32, -2.220446049250313e-16, 0.2006758613586426], [0.0, 0.0, 0.0, 1.0]], [[0.5175749659538269, -0.6813459396362305, -0.5175749659538269, -0.09782388198375702], [-0.48178431391716003, -0.7319615483283997, 0.48178431391716003, 0.09141145008802415], [-0.7071067690849304, 8.659560603426554e-17, -0.7071067690849304, 0.16508411586284638], [0.0, 0.0, 0.0, 1.0]], [[-0.1584443747997284, 0.9745720624923706, -0.1584443747997284, 0.03298835057020188], [-0.6891264915466309, -0.22407418489456177, -0.6891264915466309, 0.13597243976593018], [-0.7071067094802856, 0.0, 0.7071067094802856, 0.17937081074714661], [0.0, 0.0, 0.0, 1.0]], [[-0.6891258955001831, -0.2240782380104065, 0.6891258955001831, 0.1314727656841278], [0.1584472358226776, -0.974571168422699, -0.1584472358226776, -0.029817155301570895], [0.7071067690849304, 0.0, 0.7071067690849304, -0.15924009883403778], [0.0, 0.0, 0.0, 1.0]], [[0.974571168422699, -0.2240782380104065, -1.1935055539304655e-16, -0.18712819039821627], [-0.2240782380104065, -0.974571168422699, 2.744167049933239e-17, 0.042773189187049865], [-1.2246468525851679e-16, 0.0, -1.0, -0.04305651473999021], [0.0, 0.0, 0.0, 1.0]], [[-0.6813464760780334, 0.7319610714912415, 0.0, 0.1285312000513077], [-0.7319610714912415, -0.6813464760780334, 0.0, 0.1369327908754349], [0.0, 0.0, 0.9999999403953552, -0.043614818572998044], [0.0, 0.0, 0.0, 1.0]], [[1.5128930909780923e-16, 0.7319610714912415, 0.6813464760780334, 0.001979153394699071], [1.625280069397753e-16, -0.6813464760780334, 0.7319610714912415, 0.0012796344757079804], [0.9999999403953552, 0.0, -2.220445916901415e-16, -0.2312636731863022], [0.0, 0.0, 0.0, 1.0]], [[-0.22407418489456177, 0.9745720624923706, 0.0, 0.04289992010593415], [-0.9745720624923706, -0.22407418489456177, 0.0, 0.18539681887626647], [0.0, 0.0, 0.9999999403953552, 0.027738155364990236], [0.0, 0.0, 0.0, 1.0]], [[0.6813464760780334, -0.7319610714912415, -6.198494463778364e-18, -0.12969477617740632], [0.7319610714912415, 0.6813464760780334, 1.7308026398733057e-16, -0.13992007362842562], [-1.2246467202362698e-16, -1.2246467202362698e-16, 0.9999999403953552, -0.004851984977722147], [0.0, 0.0, 0.0, 1.0]], [[0.5306757092475891, -0.8475749492645264, -6.498903301200472e-17, -0.0994267693758011], [-0.8475749492645264, -0.5306757092475891, 1.0379799816005313e-16, 0.15830122900009155], [-1.2246467202362698e-16, 0.0, -0.9999999403953552, 0.0002983665168285578], [0.0, 0.0, 0.0, 1.0]], [[-4.9754463858811386e-17, -0.9745720624923706, 0.22407418489456177, 0.000436757624149331], [-2.1639846858709135e-16, 0.22407418489456177, 0.9745720624923706, -0.0028693358898162474], [-0.9999999403953552, 2.719261971675979e-32, -2.220445916901415e-16, 0.23656355035305027], [0.0, 0.0, 0.0, 1.0]], [[-4.9754463858811386e-17, -0.9745720624923706, 0.22407418489456177, 0.0003573050498962487], [-2.1639846858709135e-16, 0.22407418489456177, 0.9745720624923706, -0.0006508605480193725], [-0.9999999403953552, 2.719261971675979e-32, -2.220445916901415e-16, 0.20673022973537447], [0.0, 0.0, 0.0, 1.0]], [[-7.947239478318557e-18, 0.9993593096733093, 0.03579118475317955, 0.0006507792472839369], [2.21902343094562e-16, 0.03579118475317955, -0.9993593096733093, -0.00028992983698848684], [-1.0, 2.7192622655495665e-32, -2.220446049250313e-16, 0.23586599731445312], [0.0, 0.0, 0.0, 1.0]], [[0.6813464760780334, -0.7319610714912415, -6.198494463778364e-18, -0.12456886446475984], [0.7319610714912415, 0.6813464760780334, 1.7308026398733057e-16, -0.13597233402729036], [-1.2246467202362698e-16, -1.2246467202362698e-16, 0.9999999403953552, -0.0346461715698242], [0.0, 0.0, 0.0, 1.0]], [[-0.8475692868232727, -0.530684769153595, 1.0379730332833858e-16, 0.15903285706043244], [-0.530684769153595, 0.8475692868232727, 6.499014474274799e-17, 0.10019756424427034], [-1.2246468525851679e-16, 0.0, -1.0, -0.003461573123931864], [0.0, 0.0, 0.0, 1.0]], [[-0.22407418489456177, -0.9745720624923706, -1.1935066127216496e-16, 0.04398140347003937], [-0.9745720624923706, 0.22407418489456177, 2.7441174190964858e-17, 0.18742404627799988], [0.0, 1.2246467202362698e-16, -0.9999999403953552, 0.0374627685546875], [0.0, 0.0, 0.0, 1.0]], [[2.122840325155832e-16, -0.29322877526283264, -0.9560422897338867, 0.0018775084018706916], [6.510986755588647e-17, 0.9560422897338867, -0.29322877526283264, 0.00033576896786688653], [1.0, -2.7192622655495665e-32, 2.220446049250313e-16, -0.20655797195434572], [0.0, 0.0, 0.0, 1.0]], [[-0.8475692868232727, 0.530684769153595, -3.880715858559059e-17, 0.16193338787555697], [-0.530684769153595, -0.8475692868232727, -1.6878744807108658e-16, 0.10108722031116486], [-1.2246468525851679e-16, -1.2246468525851679e-16, 1.0, 0.04446160507202151], [0.0, 0.0, 0.0, 1.0]], [[-0.974571168422699, 0.2240782380104065, 2.744167049933239e-17, 0.18022620713710785], [0.2240782380104065, 0.974571168422699, 1.1935055539304655e-16, -0.04248336565494538], [0.0, 1.2246468525851679e-16, -1.0, 0.01067586135864258], [0.0, 0.0, 0.0, 1.0]], [[-0.9560422897338867, 0.29322877526283264, 0.0, 0.18400483131408693], [-0.29322877526283264, -0.9560422897338867, 0.0, 0.05606639868021012], [0.0, 0.0, 1.0, 0.04597339630126953], [0.0, 0.0, 0.0, 1.0]], [[0.974571168422699, -0.2240782380104065, -1.1935055539304655e-16, -0.1842596906423569], [-0.2240782380104065, -0.974571168422699, 2.744167049933239e-17, 0.042875936627388006], [-1.2246468525851679e-16, 0.0, -1.0, 0.04043275833129885], [0.0, 0.0, 0.0, 1.0]], [[0.5306757092475891, 0.8475749492645264, 1.6878703778950275e-16, -0.10058216392993928], [-0.8475749492645264, 0.5306757092475891, -3.880896514804841e-17, 0.1620684027671814], [-1.2246467202362698e-16, -1.2246467202362698e-16, 0.9999999403953552, 0.020111204147338888], [0.0, 0.0, 0.0, 1.0]], [[-0.4817847013473511, -0.7319610714912415, -0.4817847013473511, 0.09454067301750183], [-0.5175746083259583, 0.6813464760780334, -0.5175746083259583, 0.10025896751880646], [0.7071067094802856, 8.659559941682064e-17, -0.7071067094802856, -0.1551324875354767], [0.0, 0.0, 0.0, 1.0]], [[0.5306757092475891, -0.8475749492645264, -6.498903301200472e-17, -0.09915656864643098], [-0.8475749492645264, -0.5306757092475891, 1.0379799816005313e-16, 0.1574202332496643], [-1.2246467202362698e-16, 0.0, -0.9999999403953552, -0.042540817260742166], [0.0, 0.0, 0.0, 1.0]], [[-0.22407418489456177, 0.9745720624923706, 0.0, 0.04288364708423615], [-0.9745720624923706, -0.22407418489456177, 0.0, 0.18585114550590515], [0.0, 0.0, 0.9999999403953552, 0.0022350268363952636], [0.0, 0.0, 0.0, 1.0]], [[-4.9754463858811386e-17, 0.9745720624923706, -0.22407418489456177, 0.00011807743459940803], [-2.1639846858709135e-16, -0.22407418489456177, -0.9745720624923706, -0.00017453561723228592], [-0.9999999403953552, 0.0, 2.220445916901415e-16, 0.21537793862819674], [0.0, 0.0, 0.0, 1.0]], [[0.8475692868232727, 0.530684769153595, 6.499014474274799e-17, -0.16612417805194857], [0.530684769153595, -0.8475692868232727, -1.0379730332833858e-16, -0.1024075642824173], [0.0, 1.2246468525851679e-16, -1.0, 0.04784477615356445], [0.0, 0.0, 0.0, 1.0]], [[0.03579118475317955, -0.9993593096733093, -4.38315603325367e-18, -0.006149545870721341], [-0.9993593096733093, -0.03579118475317955, 1.2238622883177736e-16, 0.18958833873271944], [-1.2246468525851679e-16, 0.0, -1.0, 0.04586599349975588], [0.0, 0.0, 0.0, 1.0]], [[-0.025308189913630486, -0.9993593096733093, 0.025308189913630486, 0.004832431893795728], [0.7066537141799927, -0.03579118475317955, -0.7066537141799927, -0.13251009964942934], [0.7071067690849304, 0.0, 0.7071067690849304, -0.17137571513652802], [0.0, 0.0, 0.0, 1.0]], [[-0.4817847013473511, 0.7319610714912415, 0.4817847013473511, 0.09163409972190857], [-0.5175746083259583, -0.6813464760780334, 0.5175746083259583, 0.09843910229206086], [0.7071067094802856, 0.0, 0.7071067094802856, -0.16163132786750795], [0.0, 0.0, 0.0, 1.0]], [[-0.025308189913630486, -0.9993593096733093, -0.025308189913630486, 0.004856726866215468], [0.7066537141799927, -0.03579118475317955, 0.7066537141799927, -0.13258931660652162], [-0.7071067690849304, 0.0, 0.7071067690849304, 0.17312423503398897], [0.0, 0.0, 0.0, 1.0]], [[-0.22407418489456177, 0.9745720624923706, 0.0, 0.04301241505146027], [-0.9745720624923706, -0.22407418489456177, 0.0, 0.18225579142570497], [0.0, 0.0, 0.9999999403953552, -0.01126439094543457], [0.0, 0.0, 0.0, 1.0]], [[0.5993219614028931, -0.530684769153595, 0.5993219614028931, -0.11297594857215883], [0.37525078654289246, 0.8475692868232727, 0.37525078654289246, -0.07104053562879563], [-0.7071067690849304, 0.0, 0.7071067690849304, 0.17881189143657686], [0.0, 0.0, 0.0, 1.0]], [[0.03579118475317955, 0.9993593096733093, 1.2676938610580194e-16, -0.006149545870721341], [-0.9993593096733093, 0.03579118475317955, -1.1800307155775277e-16, 0.18958833873271944], [-1.2246468525851679e-16, -1.2246468525851679e-16, 1.0, 0.04586599349975588], [0.0, 0.0, 0.0, 1.0]], [[0.3752443790435791, 0.8475749492645264, 0.3752443790435791, -0.07105021095275879], [-0.599325954914093, 0.5306757092475891, -0.599325954914093, 0.1149010945558548], [-0.7071067094802856, -8.659559941682064e-17, 0.7071067094802856, 0.154461478471756], [0.0, 0.0, 0.0, 1.0]], [[-0.6813464760780334, -0.7319610714912415, -8.963937922555447e-17, 0.12921688520908356], [-0.7319610714912415, 0.6813464760780334, 8.34408847617761e-17, 0.13822513306140902], [0.0, 1.2246467202362698e-16, -0.9999999403953552, -0.004851984977722168], [0.0, 0.0, 0.0, 1.0]], [[0.025308189913630486, 0.9993593096733093, -0.025308189913630486, -0.004161508779972792], [-0.7066537141799927, 0.03579118475317955, 0.7066537141799927, 0.13398643708229066], [0.7071067690849304, -8.659560603426554e-17, 0.7071067690849304, -0.16033801066875458], [0.0, 0.0, 0.0, 1.0]], [[0.5306757092475891, 0.8475749492645264, 1.6878703778950275e-16, -0.09915656864643098], [-0.8475749492645264, 0.5306757092475891, -3.880896514804841e-17, 0.1574202332496643], [-1.2246467202362698e-16, -1.2246467202362698e-16, 0.9999999403953552, -0.042540817260742166], [0.0, 0.0, 0.0, 1.0]], [[-0.22407418489456177, -0.9745720624923706, -1.1935066127216496e-16, 0.043037984967231754], [-0.9745720624923706, 0.22407418489456177, 2.7441174190964858e-17, 0.1815417468547821], [0.0, 1.2246467202362698e-16, -0.9999999403953552, -0.035974861145019535], [0.0, 0.0, 0.0, 1.0]], [[-0.1584443747997284, -0.9745720624923706, -0.1584443747997284, 0.030426682889461522], [-0.6891264915466309, 0.22407418489456177, -0.6891264915466309, 0.13126199436187744], [0.7071067094802856, 8.659559941682064e-17, -0.7071067094802856, -0.15466725468635562], [0.0, 0.0, 0.0, 1.0]], [[1.5128930909780923e-16, 0.7319610714912415, 0.6813464760780334, 0.003089401960372899], [1.625280069397753e-16, -0.6813464760780334, 0.7319610714912415, 0.0019747794866561614], [0.9999999403953552, 0.0, -2.220445916901415e-16, -0.19260769402980807], [0.0, 0.0, 0.0, 1.0]], [[-0.22407418489456177, -0.9745720624923706, -1.1935066127216496e-16, 0.04432033789157868], [-0.9745720624923706, 0.22407418489456177, 2.7441174190964858e-17, 0.18806284594535827], [0.0, 1.2246467202362698e-16, -0.9999999403953552, -0.041375442504882814], [0.0, 0.0, 0.0, 1.0]], [[0.9560422897338867, 0.29322877526283264, -1.1708142030180128e-16, -0.1778781318664551], [0.29322877526283264, -0.9560422897338867, -3.5910170248360426e-17, -0.05530992370843888], [-1.2246468525851679e-16, 0.0, -1.0, 0.02022632408142092], [0.0, 0.0, 0.0, 1.0]], [[-0.025308189913630486, 0.9993593096733093, 0.025308189913630486, 0.00474023861810565], [0.7066537141799927, 0.03579118475317955, -0.7066537141799927, -0.13220952343940737], [-0.7071067690849304, 8.659560603426554e-17, -0.7071067690849304, 0.16490628612041475], [0.0, 0.0, 0.0, 1.0]], [[-0.974571168422699, -0.2240782380104065, 0.0, 0.18663333261013032], [0.2240782380104065, -0.974571168422699, 0.0, -0.04225388300418854], [0.0, 0.0, 1.0, 0.004639462947845459], [0.0, 0.0, 0.0, 1.0]], [[4.9754463858811386e-17, -0.9745720624923706, -0.22407418489456177, 0.0005059391856193458], [2.1639846858709135e-16, 0.22407418489456177, -0.9745720624923706, -0.004800984859466589], [0.9999999403953552, -2.719261971675979e-32, 2.220445916901415e-16, -0.2345645