{"co_parameters": [[[1.0, 8.742277657347586e-08, -1.2246468525851679e-16, -0.8283911810980903], [8.742277657347586e-08, -1.0, -1.0706202480049731e-23, 0.0020743777747450074], [-1.2246468525851679e-16, 0.0, -1.0, 2.094111599392361], [0.0, 0.0, 0.0, 1.0]], [[0.0022551240399479866, -0.9999974370002747, -1.2218819517568726e-16, -0.5489986529335794], [0.9999974370002747, 0.0022551240399479866, 1.2274054006663587e-16, -0.31586258444521165], [-1.2246467202362698e-16, -1.2246467202362698e-16, 0.9999999403953552, 1.2812239583333334], [0.0, 0.0, 0.0, 1.0]], [[0.7071067690849304, 8.742277657347586e-08, 0.7071067690849304, -0.7786235424545076], [6.181723932741079e-08, -1.0, 6.181723932741079e-08, 0.0020743831873244684], [0.7071067690849304, 0.0, -0.7071067690849304, 1.2259414803319508], [0.0, 0.0, 0.0, 1.0]], [[0.7071067690849304, 8.742277657347586e-08, 0.7071067690849304, -0.7783754684527715], [6.181723932741079e-08, -1.0, 6.181723932741079e-08, 0.0020743831873244684], [0.7071067690849304, 0.0, -0.7071067690849304, 0.0328850092490514], [0.0, 0.0, 0.0, 1.0]], [[0.7071067690849304, 8.742277657347586e-08, 0.7071067690849304, -0.7654706019163131], [6.181723932741079e-08, -1.0, 6.181723932741079e-08, 0.0020743831873244684], [0.7071067690849304, 0.0, -0.7071067690849304, 1.5508647116687564], [0.0, 0.0, 0.0, 1.0]], [[2.220446049250313e-16, -8.742277657347586e-08, -1.0, -0.46910146077473963], [1.941175588570673e-23, 1.0, -8.742277657347586e-08, 0.0020743964778052438], [1.0, -2.7192622655495665e-32, 2.220446049250313e-16, -0.19159348805745444], [0.0, 0.0, 0.0, 1.0]], [[0.7071067690849304, 8.742277657347586e-08, 0.7071067690849304, -0.7651119186480839], [6.181723932741079e-08, -1.0, 6.181723932741079e-08, 0.0020743831873244684], [0.7071067690849304, 0.0, -0.7071067690849304, 1.7103571704361173], [0.0, 0.0, 0.0, 1.0]], [[0.0022551240399479866, -0.9999974370002747, -1.2218819517568726e-16, -0.5490247963255065], [0.9999974370002747, 0.0022551240399479866, 1.2274054006663587e-16, -0.32744478523731235], [-1.2246467202362698e-16, -1.2246467202362698e-16, 0.9999999403953552, 0.9172672526041666], [0.0, 0.0, 0.0, 1.0]], [[0.001594613422639668, 0.9999974370002747, 0.001594613422639668, -0.5488834160960848], [0.7071049809455872, -0.0022551240399479866, 0.7071049809455872, -0.2647686988115311], [0.7071067094802856, 0.0, -0.7071067094802856, 0.9610666125350528], [0.0, 0.0, 0.0, 1.0]], [[0.7071067690849304, 8.742277657347586e-08, -0.7071067690849304, -0.7767890291081534], [6.181723932741079e-08, -1.0, -6.181723932741079e-08, 0.0020743831873244684], [-0.7071067690849304, 0.0, -0.7071067690849304, 1.6831359393729104], [0.0, 0.0, 0.0, 1.0]], [[0.7071067690849304, 8.742277657347586e-08, -0.7071067690849304, -0.7753658927149243], [6.181723932741079e-08, -1.0, -6.181723932741079e-08, 0.0020743831873244684], [-0.7071067690849304, 0.0, -0.7071067690849304, 1.4053281865517298], [0.0, 0.0, 0.0, 1.0]], [[0.7071067690849304, -8.742277657347586e-08, -0.7071067690849304, -0.7667446090777714], [6.181723932741079e-08, 1.0, -6.181723932741079e-08, 0.0020743831873244684], [0.7071067690849304, -8.659560603426554e-17, 0.7071067690849304, 0.23153962486320068], [0.0, 0.0, 0.0, 1.0]], [[0.7071067690849304, 8.742277657347586e-08, -0.7071067690849304, -0.77969837155607], [6.181723932741079e-08, -1.0, -6.181723932741079e-08, 0.0020743831873244684], [-0.7071067690849304, 0.0, -0.7071067690849304, 0.9072851771116256], [0.0, 0.0, 0.0, 1.0]], [[1.0, -8.742277657347586e-08, 1.2246467202362698e-16, -0.8337563747829861], [8.742277657347586e-08, 1.0, 1.2246469849340659e-16, 0.0020743777747450074], [-1.2246468525851679e-16, -1.2246468525851679e-16, 1.0, 0.4652987331814236], [0.0, 0.0, 0.0, 1.0]], [[0.7071067690849304, -8.742277657347586e-08, -0.7071067690849304, -0.6207365795638826], [6.181723932741079e-08, 1.0, -6.181723932741079e-08, 0.0020743831873244684], [0.7071067690849304, -8.659560603426554e-17, 0.7071067690849304, -0.12878416187233396], [0.0, 0.0, 0.0, 1.0]], [[1.0, 8.742277657347586e-08, -1.2246468525851679e-16, -0.8395983886718751], [8.742277657347586e-08, -1.0, -1.0706202480049731e-23, 0.0020743777747450074], [-1.2246468525851679e-16, 0.0, -1.0, 1.5315007866753472], [0.0, 0.0, 0.0, 1.0]], [[0.001594613422639668, -0.9999974370002747, 0.001594613422639668, -0.5488831787371439], [0.7071049809455872, 0.0022551240399479866, 0.7071049809455872, -0.26463562521669604], [-0.7071067094802856, -8.659559941682064e-17, 0.7071067094802856, 1.0689023951689403], [0.0, 0.0, 0.0, 1.0]], [[0.7071067690849304, 8.742277657347586e-08, -0.7071067690849304, -0.7651119186480839], [6.181723932741079e-08, -1.0, -6.181723932741079e-08, 0.0020743831873244684], [-0.7071067690849304, 0.0, -0.7071067690849304, 2.013627475831244], [0.0, 0.0, 0.0, 1.0]], [[0.001594613422639668, 0.9999974370002747, 0.001594613422639668, -0.5488831787371439], [0.7071049809455872, -0.0022551240399479866, 0.7071049809455872, -0.26463562521669604], [0.7071067094802856, 0.0, -0.7071067094802856, 0.7656321778562334], [0.0, 0.0, 0.0, 1.0]], [[-0.7071067690849304, -8.742277657347586e-08, -0.7071067690849304, -0.31746634198559653], [-6.181723932741079e-08, 1.0, -6.181723932741079e-08, 0.0020744097682860187], [0.7071067690849304, 8.659560603426554e-17, -0.7071067690849304, -0.12878416187233396], [0.0, 0.0, 0.0, 1.0]], [[-2.220446049250313e-16, 8.742277657347586e-08, -1.0, -0.6139467366536459], [-1.941175588570673e-23, -1.0, -8.742277657347586e-08, 0.0020743964778052438], [-1.0, 0.0, 2.220446049250313e-16, 2.3085560438368056], [0.0, 0.0, 0.0, 1.0]], [[1.0, -8.742277657347586e-08, 1.2246467202362698e-16, -0.8411847601996528], [8.742277657347586e-08, 1.0, 1.2246469849340659e-16, 0.0020743777747450074], [-1.2246468525851679e-16, -1.2246468525851679e-16, 1.0, 0.18452012803819448], [0.0, 0.0, 0.0, 1.0]], [[0.7071067690849304, -8.742277657347586e-08, -0.7071067690849304, -0.7654706019163131], [6.181723932741079e-08, 1.0, -6.181723932741079e-08, 0.0020743831873244684], [0.7071067690849304, -8.659560603426554e-17, 0.7071067690849304, 1.5508647116687564], [0.0, 0.0, 0.0, 1.0]], [[0.7071067690849304, -8.742277657347586e-08, -0.7071067690849304, -0.7786235424545076], [6.181723932741079e-08, 1.0, -6.181723932741079e-08, 0.0020743831873244684], [0.7071067690849304, -8.659560603426554e-17, 0.7071067690849304, 1.2259414803319508], [0.0, 0.0, 0.0, 1.0]], [[2.220446049250313e-16, 8.742277657347586e-08, 1.0, -0.2793980068630643], [1.941175588570673e-23, -1.0, 8.742277657347586e-08, 0.0020743964778052438], [1.0, 0.0, -2.220446049250313e-16, -0.1920935885111491], [0.0, 0.0, 0.0, 1.0]], [[1.0, 8.742277657347586e-08, -1.2246468525851679e-16, -0.8414328342013889], [8.742277657347586e-08, -1.0, -1.0706202480049731e-23, 0.0020743777747450074], [-1.2246468525851679e-16, 0.0, -1.0, 1.3775766330295138], [0.0, 0.0, 0.0, 1.0]], [[1.0, 8.742277657347586e-08, -1.2246468525851679e-16, -0.8295539008246529], [8.742277657347586e-08, -1.0, -1.0706202480049731e-23, 0.0020743777747450074], [-1.2246468525851679e-16, 0.0, -1.0, 0.3831747436523438], [0.0, 0.0, 0.0, 1.0]], [[0.7071067690849304, -8.742277657347586e-08, -0.7071067690849304, -0.77969837155607], [6.181723932741079e-08, 1.0, -6.181723932741079e-08, 0.0020743831873244684], [0.7071067690849304, -8.659560603426554e-17, 0.7071067690849304, 0.6040149395333396], [0.0, 0.0, 0.0, 1.0]], [[1.0, 8.742277657347586e-08, -1.2246468525851679e-16, -0.8425077311197917], [8.742277657347586e-08, -1.0, -1.0706202480049731e-23, 0.0020743777747450074], [-1.2246468525851679e-16, 0.0, -1.0, 0.7556500244140625], [0.0, 0.0, 0.0, 1.0]], [[2.220446049250313e-16, -8.742277657347586e-08, -1.0, -0.2793980068630643], [1.941175588570673e-23, 1.0, -8.742277657347586e-08, 0.0020743964778052438], [1.0, -2.7192622655495665e-32, 2.220446049250313e-16, -0.1920935885111491], [0.0, 0.0, 0.0, 1.0]], [[1.0, 8.742277657347586e-08, -1.2246468525851679e-16, -0.8411847601996528], [8.742277657347586e-08, -1.0, -1.0706202480049731e-23, 0.0020743777747450074], [-1.2246468525851679e-16, 0.0, -1.0, 0.18452012803819448], [0.0, 0.0, 0.0, 1.0]], [[0.7071067690849304, -8.742277657347586e-08, -0.7071067690849304, -0.7767890291081534], [6.181723932741079e-08, 1.0, -6.181723932741079e-08, 0.0020743831873244684], [0.7071067690849304, -8.659560603426554e-17, 0.7071067690849304, 1.3798656339777842], [0.0, 0.0, 0.0, 1.0]], [[0.7071067690849304, 8.742277657347586e-08, 0.7071067690849304, -0.43103314260641734], [6.181723932741079e-08, -1.0, 6.181723932741079e-08, 0.0020743831873244684], [0.7071067690849304, 0.0, -0.7071067690849304, -0.12928426285584768], [0.0, 0.0, 0.0, 1.0]], [[0.7071067690849304, -8.742277657347586e-08, -0.7071067690849304, -0.765581889351209], [6.181723932741079e-08, 1.0, -6.181723932741079e-08, 0.0020743831873244684], [0.7071067690849304, -8.659560603426554e-17, 0.7071067690849304, 1.9424764466947981], [0.0, 0.0, 0.0, 1.0]], [[0.7071067690849304, 8.742277657347586e-08, -0.7071067690849304, -0.7786235424545076], [6.181723932741079e-08, -1.0, -6.181723932741079e-08, 0.0020743831873244684], [-0.7071067690849304, 0.0, -0.7071067690849304, 1.529211785727077], [0.0, 0.0, 0.0, 1.0]], [[0.7071067690849304, -8.742277657347586e-08, 0.7071067690849304, -0.7709470152192646], [6.181723932741079e-08, 1.0, 6.181723932741079e-08, 0.0020743831873244684], [-0.7071067690849304, -8.659560603426554e-17, 0.7071067690849304, 0.6169338519705666], [0.0, 0.0, 0.0, 1.0]], [[-2.220446049250313e-16, -8.742277657347586e-08, 1.0, -0.6139467366536459], [-1.941175588570673e-23, 1.0, 8.742277657347586e-08, 0.0020743964778052438], [-1.0, 2.7192622655495665e-32, -2.220446049250313e-16, 2.3085560438368056], [0.0, 0.0, 0.0, 1.0]], [[0.7071067690849304, -8.742277657347586e-08, 0.7071067690849304, -0.7654706019163131], [6.181723932741079e-08, 1.0, 6.181723932741079e-08, 0.0020743831873244684], [-0.7071067690849304, -8.659560603426554e-17, 0.7071067690849304, 1.8541350170638826], [0.0, 0.0, 0.0, 1.0]], [[0.7071067690849304, -8.742277657347586e-08, -0.7071067690849304, -0.7753658927149243], [6.181723932741079e-08, 1.0, -6.181723932741079e-08, 0.0020743831873244684], [0.7071067690849304, -8.659560603426554e-17, 0.7071067690849304, 1.1020578811566035], [0.0, 0.0, 0.0, 1.0]], [[0.7071067690849304, 8.742277657347586e-08, -0.7071067690849304, -0.7606483498546812], [6.181723932741079e-08, -1.0, -6.181723932741079e-08, 0.0020743831873244684], [-0.7071067690849304, 0.0, -0.7071067690849304, 2.1946505606836744], [0.0, 0.0, 0.0, 1.0]], [[0.7071067690849304, -8.742277657347586e-08, 0.7071067690849304, -0.7783754684527715], [6.181723932741079e-08, 1.0, 6.181723932741079e-08, 0.0020743831873244684], [-0.7071067690849304, -8.659560603426554e-17, 0.7071067690849304, 0.3361552468273375], [0.0, 0.0, 0.0, 1.0]], [[1.0, -8.742277657347586e-08, 1.2246467202362698e-16, -0.8234576416015625], [8.742277657347586e-08, 1.0, 1.2246469849340659e-16, 0.0020743777747450074], [-1.2246468525851679e-16, -1.2246468525851679e-16, 1.0, 2.043015407986111], [0.0, 0.0, 0.0, 1.0]], [[0.0022551240399479866, -0.9999974370002747, -1.2218819517568726e-16, -0.5490250675928676], [0.9999974370002747, 0.0022551240399479866, 1.2274054006663587e-16, -0.3275778588321474], [-1.2246467202362698e-16, -1.2246467202362698e-16, 0.9999999403953552, 1.1127017550998264], [0.0, 0.0, 0.0, 1.0]], [[0.7071067690849304, -8.742277657347586e-08, 0.7071067690849304, -0.7606483498546812], [6.181723932741079e-08, 1.0, 6.181723932741079e-08, 0.0020743831873244684], [-0.7071067690849304, -8.659560603426554e-17, 0.7071067690849304, 2.1946505606836744], [0.0, 0.0, 0.0, 1.0]], [[0.7071067690849304, -8.742277657347586e-08, 0.7071067690849304, -0.77969837155607], [6.181723932741079e-08, 1.0, 6.181723932741079e-08, 0.0020743831873244684], [-0.7071067690849304, -8.659560603426554e-17, 0.7071067690849304, 0.9072851771116256], [0.0, 0.0, 0.0, 1.0]], [[2.220446049250313e-16, 8.742277657347586e-08, 1.0, -0.46910146077473963], [1.941175588570673e-23, -1.0, 8.742277657347586e-08, 0.0020743964778052438], [1.0, 0.0, -2.220446049250313e-16, -0.19159348805745444], [0.0, 0.0, 0.0, 1.0]], [[1.0, 8.742277657347586e-08, -1.2246468525851679e-16, -0.8234576416015625], [8.742277657347586e-08, -1.0, -1.0706202480049731e-23, 0.0020743777747450074], [-1.2246468525851679e-16, 0.0, -1.0, 2.043015407986111], [0.0, 0.0, 0.0, 1.0]], [[1.0, 8.742277657347586e-08, -1.2246468525851679e-16, -0.8337563747829861], [8.742277657347586e-08, -1.0, -1.0706202480049731e-23, 0.0020743777747450074], [-1.2246468525851679e-16, 0.0, -1.0, 0.4652987331814236], [0.0, 0.0, 0.0, 1.0]], [[0.7071067690849304, 8.742277657347586e-08, -0.7071067690849304, -0.7772687654362784], [6.181723932741079e-08, -1.0, -6.181723932741079e-08, 0.0020743831873244684], [-0.7071067690849304, 0.0, -0.7071067690849304, 1.5727870895465215], [0.0, 0.0, 0.0, 1.0]], [[1.0, -8.742277657347586e-08, 1.2246467202362698e-16, -0.8381751844618056], [8.742277657347586e-08, 1.0, 1.2246469849340659e-16, 0.0020743777747450074], [-1.2246468525851679e-16, -1.2246468525851679e-16, 1.0, 1.2536930338541667], [0.0, 0.0, 0.0, 1.0]], [[1.0, -8.742277657347586e-08, 1.2246467202362698e-16, -0.8395983886718751], [8.742277657347586e-08, 1.0, 1.2246469849340659e-16, 0.0020743777747450074], [-1.2246468525851679e-16, -1.2246468525851679e-16, 1.0, 1.5315007866753472], [0.0, 0.0, 0.0, 1.0]], [[0.7071067690849304, 8.742277657347586e-08, 0.7071067690849304, -0.77969837155607], [6.181723932741079e-08, -1.0, 6.181723932741079e-08, 0.0020743831873244684], [0.7071067690849304, 0.0, -0.7071067690849304, 0.6040149395333396], [0.0, 0.0, 0.0, 1.0]], [[0.7071067690849304, 8.742277657347586e-08, 0.7071067690849304, -0.6207365795638826], [6.181723932741079e-08, -1.0, 6.181723932741079e-08, 0.0020743831873244684], [0.7071067690849304, 0.0, -0.7071067690849304, -0.12878416187233396], [0.0, 0.0, 0.0, 1.0]], [[1.0, 8.742277657347586e-08, -1.2246468525851679e-16, -0.8381751844618056], [8.742277657347586e-08, -1.0, -1.0706202480049731e-23, 0.0020743777747450074], [-1.2246468525851679e-16, 0.0, -1.0, 1.2536930338541667], [0.0, 0.0, 0.0, 1.0]], [[0.7071067690849304, -8.742277657347586e-08, 0.7071067690849304, -0.7786235424545076], [6.181723932741079e-08, 1.0, 6.181723932741079e-08, 0.0020743831873244684], [-0.7071067690849304, -8.659560603426554e-17, 0.7071067690849304, 1.529211785727077], [0.0, 0.0, 0.0, 1.0]], [[1.0, -8.742277657347586e-08, 1.2246467202362698e-16, -0.8400780571831598], [8.742277657347586e-08, 1.0, 1.2246469849340659e-16, 0.0020743777747450074], [-1.2246468525851679e-16, -1.2246468525851679e-16, 1.0, 1.4211519368489582], [0.0, 0.0, 0.0, 1.0]], [[1.0, -8.742277657347586e-08, 1.2246467202362698e-16, -0.8295539008246529], [8.742277657347586e-08, 1.0, 1.2246469849340659e-16, 0.0020743777747450074], [-1.2246468525851679e-16, -1.2246468525851679e-16, 1.0, 0.3831747436523438], [0.0, 0.0, 0.0, 1.0]], [[0.7071067690849304, 8.742277657347586e-08, -0.7071067690849304, -0.7709470152192646], [6.181723932741079e-08, -1.0, -6.181723932741079e-08, 0.0020743831873244684], [-0.7071067690849304, 0.0, -0.7071067690849304, 0.6169338519705666], [0.0, 0.0, 0.0, 1.0]], [[-0.7071067690849304, 8.742277657347586e-08, 0.7071067690849304, -0.12776288807392122], [-6.181723932741079e-08, -1.0, 6.181723932741079e-08, 0.0020744097682860187], [0.7071067690849304, 0.0, 0.7071067690849304, -0.12928426285584768], [0.0, 0.0, 0.0, 1.0]], [[0.001594613422639668, -0.9999974370002747, -0.001594613422639668, -0.5488831787371439], [0.7071049809455872, 0.0022551240399479866, -0.7071049809455872, -0.26463562521669604], [0.7071067094802856, -8.659559941682064e-17, 0.7071067094802856, 0.7656321778562334], [0.0, 0.0, 0.0, 1.0]], [[0.7071067690849304, 8.742277657347586e-08, 0.7071067690849304, -0.7772687654362784], [6.181723932741079e-08, -1.0, 6.181723932741079e-08, 0.0020743831873244684], [0.7071067690849304, 0.0, -0.7071067690849304, 1.2695167841513952], [0.0, 0.0, 0.0, 1.0]], [[0.7071067690849304, -8.742277657347586e-08, 0.7071067690849304, -0.7651119186480839], [6.181723932741079e-08, 1.0, 6.181723932741079e-08, 0.0020743831873244684], [-0.7071067690849304, -8.659560603426554e-17, 0.7071067690849304, 2.013627475831244], [0.0, 0.0, 0.0, 1.0]], [[1.0, 8.742277657347586e-08, -1.2246468525851679e-16, -0.8400780571831598], [8.742277657347586e-08, -1.0, -1.0706202480049731e-23, 0.0020743777747450074], [-1.2246468525851679e-16, 0.0, -1.0, 1.4211519368489582], [0.0, 0.0, 0.0, 1.0]], [[1.0, 8.742277657347586e-08, -1.2246468525851679e-16, -0.8282799614800348], [8.742277657347586e-08, -1.0, -1.0706202480049731e-23, 0.0020743777747450074], [-1.2246468525851679e-16, 0.0, -1.0, 1.7024998643663194], [0.0, 0.0, 0.0, 1.0]], [[0.7071067690849304, -8.742277657347586e-08, -0.7071067690849304, -0.7606483498546812], [6.181723932741079e-08, 1.0, -6.181723932741079e-08, 0.0020743831873244684], [0.7071067690849304, -8.659560603426554e-17, 0.7071067690849304, 1.891380255288548], [0.0, 0.0, 0.0, 1.0]], [[0.7071067690849304, -8.742277657347586e-08, 0.7071067690849304, -0.7667446090777714], [6.181723932741079e-08, 1.0, 6.181723932741079e-08, 0.0020743831873244684], [-0.7071067690849304, -8.659560603426554e-17, 0.7071067690849304, 0.5348098624414868], [0.0, 0.0, 0.0, 1.0]], [[0.7071067690849304, 8.742277657347586e-08, 0.7071067690849304, -0.7709470152192646], [6.181723932741079e-08, -1.0, 6.181723932741079e-08, 0.0020743831873244684], [0.7071067690849304, 0.0, -0.7071067690849304, 0.3136636143922806], [0.0, 0.0, 0.0, 1.0]], [[0.7071067690849304, 8.742277657347586e-08, 0.7071067690849304, -0.7606483498546812], [6.181723932741079e-08, -1.0, 6.181723932741079e-08, 0.0020743831873244684], [0.7071067690849304, 0.0, -0.7071067690849304, 1.891380255288548], [0.0, 0.0, 0.0, 1.0]], [[1.0, -8.742277657347586e-08, 1.2246467202362698e-16, -0.8283911810980903], [8.742277657347586e-08, 1.0, 1.2246469849340659e-16, 0.0020743777747450074], [-1.2246468525851679e-16, -1.2246468525851679e-16, 1.0, 2.094111599392361], [0.0, 0.0, 0.0, 1.0]], [[1.0, 8.742277657347586e-08, -1.2246468525851679e-16, -0.8279212782118056], [8.742277657347586e-08, -1.0, -1.0706202480049731e-23, 0.0020743777747450074], [-1.2246468525851679e-16, 0.0, -1.0, 1.8619923231336806], [0.0, 0.0, 0.0, 1.0]], [[0.7071067690849304, -8.742277657347586e-08, -0.7071067690849304, -0.7783754684527715], [6.181723932741079e-08, 1.0, -6.181723932741079e-08, 0.0020743831873244684], [0.7071067690849304, -8.659560603426554e-17, 0.7071067690849304, 0.0328850092490514], [0.0, 0.0, 0.0, 1.0]], [[0.7071067690849304, 8.742277657347586e-08, 0.7071067690849304, -0.765581889351209], [6.181723932741079e-08, -1.0, 6.181723932741079e-08, 0.0020743831873244684], [0.7071067690849304, 0.0, -0.7071067690849304, 1.9424764466947981], [0.0, 0.0, 0.0, 1.0]], [[0.7071067690849304, 8.742277657347586e-08, 0.7071067690849304, -0.7753658927149243], [6.181723932741079e-08, -1.0, 6.181723932741079e-08, 0.0020743831873244684], [0.7071067690849304, 0.0, -0.7071067690849304, 1.1020578811566035], [0.0, 0.0, 0.0, 1.0]], [[1.0, -8.742277657347586e-08, 1.2246467202362698e-16, -0.8282799614800348], [8.742277657347586e-08, 1.0, 1.2246469849340659e-16, 0.0020743777747450074], [-1.2246468525851679e-16, -1.2246468525851679e-16, 1.0, 1.7024998643663194], [0.0, 0.0, 0.0, 1.0]], [[0.7071067690849304, 8.742277657347586e-08, 0.7071067690849304, -0.7767890291081534], [6.181723932741079e-08, -1.0, 6.181723932741079e-08, 0.0020743831873244684], [0.7071067690849304, 0.0, -0.7071067690849304, 1.3798656339777842], [0.0, 0.0, 0.0, 1.0]], [[0.7071067690849304, -8.742277657347586e-08, -0.7071067690849304, -0.7651119186480839], [6.181723932741079e-08, 1.0, -6.181723932741079e-08, 0.0020743831873244684], [0.7071067690849304, -8.659560603426554e-17, 0.7071067690849304, 1.7103571704361173], [0.0, 0.0, 0.0, 1.0]], [[0.7071067690849304, -8.742277657347586e-08, 0.7071067690849304, -0.7772687654362784], [6.181723932741079e-08, 1.0, 6.181723932741079e-08, 0.0020743831873244684], [-0.7071067690849304, -8.659560603426554e-17, 0.7071067690849304, 1.5727870895465215], [0.0, 0.0, 0.0, 1.0]], [[0.7071067690849304, -8.742277657347586e-08, -0.7071067690849304, -0.43103314260641734], [6.181723932741079e-08, 1.0, -6.181723932741079e-08, 0.0020743831873244684], [0.7071067690849304, -8.659560603426554e-17, 0.7071067690849304, -0.12928426285584768], [0.0, 0.0, 0.0, 1.0]], [[-0.7071067690849304, 8.742277657347586e-08, 0.7071067690849304, -0.31746634198559653], [-6.181723932741079e-08, -1.0, 6.181723932741079e-08, 0.0020744097682860187], [0.7071067690849304, 0.0, 0.7071067690849304, -0.12878416187233396], [0.0, 0.0, 0.0, 1.0]], [[-0.7071067690849304, -8.742277657347586e-08, -0.7071067690849304, -0.12776288807392122], [-6.181723932741079e-08, 1.0, -6.181723932741079e-08, 0.0020744097682860187], [0.7071067690849304, 8.659560603426554e-17, -0.7071067690849304, -0.12928426285584768], [0.0, 0.0, 0.0, 1.0]], [[0.7071067690849304, 8.742277657347586e-08, -0.7071067690849304, -0.7654706019163131], [6.181723932741079e-08, -1.0, -6.181723932741079e-08, 0.0020743831873244684], [-0.7071067690849304, 0.0, -0.7071067690849304, 1.8541350170638826], [0.0, 0.0, 0.0, 1.0]], [[0.0022551240399479866, 0.9999974370002747, -2.7617306585976387e-19, -0.5490250675928676], [0.9999974370002747, -0.0022551240399479866, -1.2246436762116157e-16, -0.3275778588321474], [-1.2246467202362698e-16, 0.0, -0.9999999403953552, 1.1127017550998264], [0.0, 0.0, 0.0, 1.0]], [[0.001594613422639668, -0.9999974370002747, -0.001594613422639668, -0.5488834160960848], [0.7071049809455872, 0.0022551240399479866, -0.7071049809455872, -0.2647686988115311], [0.7071067094802856, -8.659559941682064e-17, 0.7071067094802856, 0.9610666125350528], [0.0, 0.0, 0.0, 1.0]], [[1.0, -8.742277657347586e-08, 1.2246467202362698e-16, -0.8414328342013889], [8.742277657347586e-08, 1.0, 1.2246469849340659e-16, 0.0020743777747450074], [-1.2246468525851679e-16, -1.2246468525851679e-16, 1.0, 1.3775766330295138], [0.0, 0.0, 0.0, 1.0]], [[0.0022551240399479866, 0.9999974370002747, -2.7617306585976387e-19, -0.5490247963255065], [0.9999974370002747, -0.0022551240399479866, -1.2246436762116157e-16, -0.32744478523731235], [-1.2246467202362698e-16, 0.0, -0.9999999403953552, 0.9172672526041666], [0.0, 0.0, 0.0, 1.0]], [[0.0022551240399479866, 0.9999974370002747, -2.7617306585976387e-19, -0.5489986529335794], [0.9999974370002747, -0.0022551240399479866, -1.2246436762116157e-16, -0.31586258444521165], [-1.2246467202362698e-16, 0.0, -0.9999999403953552, 1.2812239583333334], [0.0, 0.0, 0.0, 1.0]], [[0.7071067690849304, -8.742277657347586e-08, 0.7071067690849304, -0.765581889351209], [6.181723932741079e-08, 1.0, 6.181723932741079e-08, 0.0020743831873244684], [-0.7071067690849304, -8.659560603426554e-17, 0.7071067690849304, 2.245746752089924], [0.0, 0.0, 0.0, 1.0]], [[0.001594613422639668, -0.9999974370002747, 0.001594613422639668, -0.5488834160960848], [0.7071049809455872, 0.0022551240399479866, 0.7071049809455872, -0.2647686988115311], [-0.7071067094802856, -8.659559941682064e-17, 0.7071067094802856, 1.2643368298477597], [0.0, 0.0, 0.0, 1.0]], [[0.7071067690849304, 8.742277657347586e-08, -0.7071067690849304, -0.7667446090777714], [6.181723932741079e-08, -1.0, -6.181723932741079e-08, 0.0020743831873244684], [-0.7071067690849304, 0.0, -0.7071067690849304, 0.5348098624414868], [0.0, 0.0, 0.0, 1.0]], [[1.0, -8.742277657347586e-08, 1.2246467202362698e-16, -0.8279212782118056], [8.742277657347586e-08, 1.0, 1.2246469849340659e-16, 0.0020743777747450074], [-1.2246468525851679e-16, -1.2246468525851679e-16, 1.0, 1.8619923231336806], [0.0, 0.0, 0.0, 1.0]], [[0.7071067690849304, -8.742277657347586e-08, 0.7071067690849304, -0.7753658927149243], [6.181723932741079e-08, 1.0, 6.181723932741079e-08, 0.0020743831873244684], [-0.7071067690849304, -8.659560603426554e-17, 0.7071067690849304, 1.4053281865517298], [0.0, 0.0, 0.0, 1.0]], [[0.7071067690849304, 8.742277657347586e-08, -0.7071067690849304, -0.765581889351209], [6.181723932741079e-08, -1.0, -6.181723932741079e-08, 0.0020743831873244684], [-0.7071067690849304, 0.0, -0.7071067690849304, 2.245746752089924], [0.0, 0.0, 0.0, 1.0]], [[0.7071067690849304, 8.742277657347586e-08, 0.7071067690849304, -0.7667446090777714], [6.181723932741079e-08, -1.0, 6.181723932741079e-08, 0.0020743831873244684], [0.7071067690849304, 0.0, -0.7071067690849304, 0.23153962486320068], [0.0, 0.0, 0.0, 1.0]], [[1.0, -8.742277657347586e-08, 1.2246467202362698e-16, -0.8425077311197917], [8.742277657347586e-08, 1.0, 1.2246469849340659e-16, 0.0020743777747450074], [-1.2246468525851679e-16, -1.2246468525851679e-16, 1.0, 0.7556500244140625], [0.0, 0.0, 0.0, 1.0]], [[0.7071067690849304, -8.742277657347586e-08, 0.7071067690849304, -0.7767890291081534], [6.181723932741079e-08, 1.0, 6.181723932741079e-08, 0.0020743831873244684], [-0.7071067690849304, -8.659560603426554e-17, 0.7071067690849304, 1.6831359393729104], [0.0, 0.0, 0.0, 1.0]], [[0.7071067690849304, -8.742277657347586e-08, -0.7071067690849304, -0.7709470152192646], [6.181723932741079e-08, 1.0, -6.181723932741079e-08, 0.0020743831873244684], [0.7071067690849304, -8.659560603426554e-17, 0.7071067690849304, 0.3136636143922806], [0.0, 0.0, 0.0, 1.0]], [[0.7071067690849304, 8.742277657347586e-08, -0.7071067690849304, -0.7783754684527715], [6.181723932741079e-08, -1.0, -6.181723932741079e-08, 0.0020743831873244684], [-0.7071067690849304, 0.0, -0.7071067690849304, 0.3361552468273375], [0.0, 0.0, 0.0, 1.0]], [[0.001594613422639668, 0.9999974370002747, -0.001594613422639668, -0.5488834160960848], [0.7071049809455872, -0.0022551240399479866, -0.7071049809455872, -0.2647686988115311], [-0.7071067094802856, 0.0, -0.7071067094802856, 1.2643368298477597], [0.0, 0.0, 0.0, 1.0]], [[0.7071067690849304, -8.742277657347586e-08, -0.7071067690849304, -0.7772687654362784], [6.181723932741079e-08, 1.0, -6.181723932741079e-08, 0.0020743831873244684], [0.7071067690849304, -8.659560603426554e-17, 0.7071067690849304, 1.2695167841513952], [0.0, 0.0, 0.0, 1.0]], [[0.001594613422639668, 0.9999974370002747, -0.001594613422639668, -0.5488831787371439], [0.7071049809455872, -0.0022551240399479866, -0.7071049809455872, -0.26463562521669604], [-0.7071067094802856, 0.0, -0.7071067094802856, 1.0689023951689403], [0.0, 0.0, 0.0, 1.0]]], "foliation_name": "rotate", "similarity_matrix": [[1.0, 0.0, 0.0, 0.0, 0.0, 0.0, 0.0, 0.0, 0.0, 0.0, 0.0, 0.0, 0.0, 0.0, 0.0, 0.0, 0.0, 0.5920892116594183, 0.0, 0.0, 0.010065495658919163, 0.0, 0.0, 0.0, 0.0, 0.0, 0.0, 0.0, 0.0, 0.0, 0.0, 0.0, 0.0, 0.2600422052728413, 0.0, 0.0, 0.010065495658919163, 0.04607946063966607, 0.0, 0.47957321974382366, 0.0, 0.8765530694843733, 0.0, 0.47957321974382366, 0.0, 0.0, 0.8765530694843733, 0.0, 0.0, 0.0, 0.0, 0.0, 0.0, 0.0, 0.0, 0.0, 0.0, 0.0, 0.0, 0.0, 0.0, 0.5920892116594183, 0.0, 0.0, 0.10182959975267444, 0.0, 0.0, 0.10182959975267444, 1.0, 0.06761138040075114, 0.0, 0.2600422052728413, 0.0, 0.0, 0.0, 0.0, 0.0, 0.0, 0.0, 0.0, 0.04607946063966607, 0.0, 0.0, 0.0, 0.0, 0.0, 0.26004220527283944, 0.0, 0.0, 0.06761138040075114, 0.0, 0.26004220527283944, 0.0, 0.0, 0.0, 0.0, 0.0, 0.0, 0.0, 0.0], [0.0, 1.0, 0.0, 0.0, 0.0, 0.0, 0.0, 0.00132025340781072, 0.00521839067273714, 0.0, 0.0, 0.0, 0.0, 0.0, 0.0, 0.0, 0.09206752133857243, 0.0, 0.0, 0.0, 0.0, 0.0, 0.0, 0.0, 0.0, 0.0, 0.0, 0.0, 0.0, 0.0, 0.0, 0.0, 0.0, 0.0, 0.0, 0.0, 0.0, 0.0, 0.0, 0.0, 0.0, 0.0, 0.24006415791515284, 0.0, 0.0, 0.0, 0.0, 0.0, 0.0, 0.0, 0.0, 0.0, 0.0, 0.0, 0.0, 0.0, 0.0, 0.0, 0.0, 0.0, 0.0, 0.0, 0.0, 0.0, 0.0, 0.0, 0.0, 0.0, 0.0, 0.0, 0.0, 0.0, 0.0, 0.0, 0.0, 0.0, 0.0, 0.0, 0.0, 0.0, 0.0, 0.24006415791515284, 0.00521839067273714, 0.0, 0.00132025340781072, 1.0, 0.0, 0.8652051116556362, 0.0, 0.0, 0.0, 0.0, 0.0, 0.0, 0.0, 0.0, 0.0, 0.8652051116556362, 0.0, 0.09206752133857243], [0.0, 0.0, 1.0, 0.0, 0.005054859074388177, 0.0, 0.0, 0.0, 0.0, 0.0, 0.19998555650631075, 0.0, 0.006237662650686782, 0.0, 0.0, 0.007795402998337703, 0.0, 0.0, 0.0, 0.0, 0.0, 0.0, 0.005054859074388177, 1.0, 0.0, 0.2600422052728403, 0.0, 0.0, 0.0, 0.0, 0.0, 0.3058071740747748, 0.0, 0.0, 0.010065476218298782, 0.0, 0.0, 0.0, 0.46399202178935745, 0.0, 0.0, 0.0, 0.0, 0.0, 0.006237662650686782, 0.0, 0.0, 0.0, 0.002441395193178139, 0.8058744325983288, 0.007795402998337703, 0.0, 0.0, 0.8058744325983288, 0.010065476218298782, 0.12317009586609534, 0.0, 0.0, 0.0, 0.0, 0.9093437202531953, 0.0, 0.12317009586609534, 0.0, 0.0, 0.0, 0.0, 0.0, 0.0, 0.0, 0.0, 0.0, 0.46399202178935745, 0.0, 0.3058071740747748, 0.0, 0.002441395193178139, 0.0, 0.0, 0.0, 0.0, 0.0, 0.0, 0.2600422052728403, 0.0, 0.0, 0.0, 0.001886564277632982, 0.0, 0.0, 0.19998555650631075, 0.0, 0.0, 0.0, 0.0, 0.0, 0.0, 0.001886564277632982, 0.9093437202531953, 0.0], [0.0, 0.0, 0.0, 1.0, 0.0, 0.0, 0.0, 0.0, 0.0, 0.0, 0.0, 0.1380766021576651, 0.0, 0.0, 0.07813266927215967, 0.0, 0.0, 0.0, 0.0, 0.0, 0.0, 0.26004233897897966, 0.0, 0.0, 0.0, 0.0, 0.001899610339305299, 0.0, 0.0, 0.0, 0.26004233897897966, 0.0, 0.0, 0.0, 0.0, 0.0, 0.0, 0.0, 0.0, 0.0, 0.010065496919815424, 0.0, 0.0, 0.0, 0.0, 0.0, 0.0, 0.0, 0.0, 0.0, 0.0, 0.0, 0.07813266927215967, 0.0, 0.0, 0.0, 0.001899610339305299, 0.0, 0.0, 0.0, 0.0, 0.0, 0.0, 0.0, 0.0, 0.0, 0.019359145196516242, 0.0, 0.0, 0.0, 1.0, 0.0, 0.0, 0.0, 0.0, 0.0, 0.0, 0.0, 0.0, 0.0, 0.0, 0.0, 0.0, 0.0, 0.0, 0.0, 0.0, 0.0, 0.0, 0.0, 0.0, 0.0, 0.1380766021576651, 0.0, 0.0, 0.019359145196516242, 0.010065496919815424, 0.0, 0.0, 0.0], [0.0, 0.0, 0.005054859074388177, 0.0, 1.0, 0.0, 0.28029892587679844, 0.0, 0.0, 0.4142899352322882, 0.345093513120254, 0.0, 0.0, 0.0, 0.0, 0.7456533105083695, 0.0, 0.0, 0.0, 0.0, 0.0, 0.0, 1.0, 0.005054859074388177, 0.0, 0.16696835983013242, 0.0, 0.0, 0.0, 0.0, 0.0, 0.23028454828482137, 0.0, 0.0, 0.9684170455262613, 0.0, 0.0, 0.010065476218298782, 0.0, 0.0, 0.0, 0.0, 0.0, 0.0, 0.0, 0.0, 0.0, 0.0, 0.9694858828123586, 0.009280423282251704, 0.7456533105083695, 0.0, 0.0, 0.009280423282251704, 0.9684170455262613, 0.32641561510466366, 0.0, 0.0, 0.0, 0.0, 0.018971970060858614, 0.0, 0.32641561510466366, 0.2600420945071062, 0.0030314795506949216, 0.0, 0.0, 0.0030314795506949216, 0.0, 0.006506042755290941, 0.0, 0.0, 0.0, 0.2600420945071062, 0.23028454828482137, 0.28029892587679844, 0.9694858828123586, 0.0, 0.0, 0.0, 0.010065476218298782, 0.0, 0.0, 0.16696835983013242, 0.0, 0.0, 0.0, 0.0, 0.0, 0.006506042755290941, 0.345093513120254, 0.0, 0.0, 0.0, 0.4142899352322882, 0.0, 0.0, 0.0, 0.018971970060858614, 0.0], [0.0, 0.0, 0.0, 0.0, 0.0, 1.0, 0.0, 0.0, 0.0, 0.0, 0.0, 0.0, 0.0, 0.0, 0.26004228273073404, 0.0, 0.0, 0.0, 0.0, 0.26004228273073365, 0.0, 0.0, 0.0, 0.0, 0.1654009874522611, 0.0, 0.0, 0.0, 0.0, 0.1654009874522611, 0.0, 0.0, 0.765993327841271, 0.0, 0.0, 0.0, 0.0, 0.0, 0.0, 0.0, 0.0, 0.0, 0.0, 0.0, 0.0, 1.0, 0.0, 0.0, 0.0, 0.0, 0.0, 0.0, 0.26004228273073404, 0.0, 0.0, 0.0, 0.0, 0.0, 0.0024303426145343096, 0.0, 0.0, 0.0, 0.0, 0.0, 0.0, 0.0, 0.0, 0.0, 0.0, 0.0, 0.0, 0.0, 0.0, 0.0, 0.0, 0.0, 0.0, 0.765993327841271, 0.26004228273073365, 0.0024303426145343096, 0.0, 0.0, 0.0, 0.0, 0.0, 0.0, 0.0, 0.0, 0.0, 0.0, 0.0, 0.0, 0.0, 0.0, 0.0, 0.0, 0.0, 0.0, 0.0, 0.0], [0.0, 0.0, 0.0, 0.0, 0.28029892587679844, 0.0, 1.0, 0.0, 0.0, 0.9570807465150367, 0.009491190278884896, 0.0, 0.0, 0.0, 0.0, 0.153065091804842, 0.0, 0.010065476218298711, 0.0, 0.0, 0.0, 0.0, 0.28029892587679844, 0.0, 0.0, 0.0029428157691244413, 0.0, 0.0, 0.0, 0.0, 0.0, 0.004219449840578093, 0.0, 0.0676113801852755, 0.19208626346702634, 0.0, 0.0, 0.3557205274337248, 0.0, 0.0, 0.0, 0.003334987593065835, 0.0, 0.0, 0.0, 0.0, 0.003334987593065835, 0.0, 0.38532590203118816, 0.0, 0.153065091804842, 0.0, 0.0, 0.0, 0.19208626346702634, 0.011527965038300555, 0.0, 0.0, 0.0, 0.0, 0.0, 0.010065476218298711, 0.011527965038300555, 0.8166073130139999, 0.1940840367105821, 0.0, 0.0, 0.1940840367105821, 0.0, 0.2600420945071052, 0.0, 0.0676113801852755, 0.0, 0.8166073130139999, 0.004219449840578093, 1.0, 0.38532590203118816, 0.0, 0.0, 0.0, 0.3557205274337248, 0.0, 0.0, 0.0029428157691244413, 0.0, 0.0, 0.0, 0.0, 0.0, 0.2600420945071052, 0.009491190278884896, 0.0, 0.0, 0.0, 0.9570807465150367, 0.0, 0.0, 0.0, 0.0, 0.0], [0.0, 0.00132025340781072, 0.0, 0.0, 0.0, 0.0, 0.0, 1.0, 0.7465185698544697, 0.0, 0.0, 0.0, 0.0, 0.0, 0.0, 0.0, 0.2600421996127901, 0.0, 0.2600424670250862, 0.0, 0.0, 0.0, 0.0, 0.0, 0.0, 0.0, 0.0, 0.0, 0.0, 0.0, 0.0, 0.0, 0.0, 0.0, 0.0, 0.0, 0.0, 0.0, 0.0, 0.0, 0.0, 0.0, 0.14811991101214683, 0.0, 0.0, 0.0, 0.0, 0.0, 0.0, 0.0, 0.0, 0.0, 0.0, 0.0, 0.0, 0.0, 0.0, 0.0, 0.0, 0.2600424670250862, 0.0, 0.0, 0.0, 0.0, 0.0, 0.0, 0.0, 0.0, 0.0, 0.0, 0.0, 0.0, 0.0, 0.0, 0.0, 0.0, 0.0, 0.0, 0.0, 0.0, 0.0, 0.14811991101214683, 0.7465185698544697, 0.0, 1.0, 0.00132025340781072, 0.0, 0.001990677666463975, 0.0, 0.0, 0.0, 0.0, 0.0, 0.0, 0.0, 0.0, 0.0, 0.001990677666463975, 0.0, 0.2600421996127901], [0.0, 0.00521839067273714, 0.0, 0.0, 0.0, 0.0, 0.0, 0.7465185698544697, 1.0, 0.0, 0.0, 0.0, 0.001714453610576321, 0.0, 0.0, 0.0, 0.55909901861514, 0.0, 0.14812010732680442, 0.0, 0.0, 0.0, 0.0, 0.0, 0.0, 0.0, 0.0, 0.0, 0.0, 0.0, 0.0, 0.0, 0.0, 0.0, 0.0, 0.0, 0.0, 0.0, 0.0, 0.0, 0.0, 0.0, 0.2600421994879023, 0.0, 0.001714453610576321, 0.0, 0.0, 0.0, 0.0, 0.0, 0.0, 0.0, 0.0, 0.0, 0.0, 0.0, 0.0, 0.0, 0.0, 0.14812010732680442, 0.0, 0.0, 0.0, 0.0, 0.0, 0.0, 0.0, 0.0, 0.0, 0.0, 0.0, 0.0, 0.0, 0.0, 0.0, 0.0, 0.0, 0.0, 0.0, 0.0, 0.0, 0.2600421994879023, 1.0, 0.0, 0.7465185698544697, 0.00521839067273714, 0.0, 0.010065503106018165, 0.0, 0.0, 0.0, 0.0, 0.0, 0.0, 0.0, 0.0, 0.0, 0.010065503106018165, 0.0, 0.55909901861514], [0.0, 0.0, 0.0, 0.0, 0.4142899352322882, 0.0, 0.9570807465150367, 0.0, 0.0, 1.0, 0.021089950275196716, 0.0, 0.0, 0.0, 0.0, 0.2600420945071052, 0.0, 0.0042194498405780595, 0.0, 0.0, 0.0, 0.0, 0.4142899352322882, 0.0, 0.0, 0.007617816023150605, 0.0, 0.0, 0.0, 0.0, 0.0, 0.010065476218298782, 0.0, 0.034418711071665185, 0.3058071740747748, 0.0, 0.0, 0.23028454828482137, 0.0, 0.0, 0.0, 0.0013815357088266956, 0.0, 0.0, 0.0, 0.0, 0.0013815357088266956, 0.0, 0.5439733946325847, 0.0, 0.2600420945071052, 0.0, 0.0, 0.0, 0.3058071740747748, 0.026461724921119246, 0.0, 0.0, 0.0, 0.0, 0.0, 0.0042194498405780595, 0.026461724921119246, 0.8595778473877002, 0.11289344927252118, 0.0, 0.0, 0.11289344927252118, 0.0, 0.1772479559738269, 0.0, 0.034418711071665185, 0.0, 0.8595778473877002, 0.010065476218298782, 0.9570807465150367, 0.5439733946325847, 0.0, 0.0, 0.0, 0.23028454828482137, 0.0, 0.0, 0.007617816023150605, 0.0, 0.0, 0.0, 0.0, 0.0, 0.1772479559738269, 0.021089950275196716, 0.0, 0.0, 0.0, 1.0, 0.0, 0.0, 0.0, 0.0, 0.0], [0.0, 0.0, 0.19998555650631075, 0.0, 0.345093513120254, 0.0, 0.009491190278884896, 0.0, 0.0, 0.021089950275196716, 1.0, 0.0, 0.0, 0.0, 0.0, 0.36704642953285577, 0.0, 0.0, 0.0, 0.0, 0.0, 0.0, 0.345093513120254, 0.19998555650631075, 0.0, 0.7735619868716239, 0.0, 0.0, 0.0, 0.0, 0.0, 0.968004691584857, 0.0, 0.0, 0.46399202178935745, 0.0, 0.0, 0.0, 0.010065476218298782, 0.0, 0.0, 0.0, 0.0, 0.0, 0.0, 0.0, 0.0, 0.0, 0.24602914958034003, 0.2600422052728403, 0.36704642953285577, 0.0, 0.0, 0.2600422052728403, 0.46399202178935745, 0.8009932449809168, 0.0, 0.0, 0.0, 0.0, 0.39755662693850186, 0.0, 0.8009932449809168, 0.010508768885227613, 0.0, 0.0, 0.0, 0.0, 0.0, 0.0, 0.0, 0.0, 0.010065476218298782, 0.010508768885227613, 0.968004691584857, 0.009491190278884896, 0.24602914958034003, 0.0, 0.0, 0.0, 0.0, 0.0, 0.0, 0.7735619868716239, 0.0, 0.0, 0.0, 0.0, 0.0, 0.0, 1.0, 0.0, 0.0, 0.0, 0.021089950275196716, 0.0, 0.0, 0.0, 0.39755662693850186, 0.0], [0.0, 0.0, 0.0, 0.1380766021576651, 0.0, 0.0, 0.0, 0.0, 0.0, 0.0, 0.0, 1.0, 0.0, 0.051990468606357636, 0.0, 0.0, 0.0, 0.0, 0.0, 0.0, 0.0, 0.6786780214953554, 0.0, 0.0, 0.0, 0.0, 0.26004233897897944, 0.0, 0.0, 0.0, 0.6786780214953554, 0.0, 0.0, 0.0, 0.0, 0.0, 0.0, 0.0, 0.0, 0.0, 0.5746550895425241, 0.0, 0.0, 0.0, 0.0, 0.0, 0.0, 0.051990468606357636, 0.0, 0.0, 0.0, 0.0, 0.0, 0.0, 0.0, 0.0, 0.26004233897897944, 0.0, 0.0, 0.0, 0.0, 0.0, 0.0, 0.0, 0.0, 0.010065496919815424, 0.7131236198821601, 0.0, 0.0, 0.0, 0.1380766021576651, 0.0, 0.0, 0.0, 0.0, 0.0, 0.0, 0.0, 0.0, 0.0, 0.0, 0.0, 0.0, 0.0, 0.0, 0.0, 0.0, 0.0, 0.010065496919815424, 0.0, 0.0, 0.0, 1.0, 0.0, 0.0, 0.7131236198821601, 0.5746550895425241, 0.0, 0.0, 0.0], [0.0, 0.0, 0.006237662650686782, 0.0, 0.0, 0.0, 0.0, 0.0, 0.001714453610576321, 0.0, 0.0, 0.0, 1.0, 0.0, 0.0, 0.0, 0.0, 0.0, 0.0, 0.0, 0.0, 0.0, 0.0, 0.006237662650686782, 0.0, 0.0, 0.0, 0.010065496919815458, 0.26004209450710575, 0.0, 0.0, 0.0, 0.0, 0.0, 0.0, 0.014712998673199267, 0.0, 0.0, 0.14990420373140112, 0.0, 0.0, 0.0, 0.0, 0.0, 1.0, 0.0, 0.0, 0.0, 0.0, 0.0020893609129823887, 0.0, 0.010065496919815458, 0.0, 0.0020893609129823887, 0.0, 0.0, 0.0, 0.014712998673199267, 0.0, 0.0, 0.001414637440907213, 0.0, 0.0, 0.0, 0.0, 0.0, 0.0, 0.0, 0.0, 0.0, 0.0, 0.0, 0.14990420373140112, 0.0, 0.0, 0.0, 0.0, 0.0, 0.0, 0.0, 0.0, 0.0, 0.001714453610576321, 0.0, 0.0, 0.0, 0.0, 0.0, 0.0, 0.0, 0.0, 0.0, 0.0, 0.26004209450710575, 0.0, 0.0, 0.0, 0.0, 0.001414637440907213, 0.0], [0.0, 0.0, 0.0, 0.0, 0.0, 0.0, 0.0, 0.0, 0.0, 0.0, 0.0, 0.051990468606357636, 0.0, 1.0, 0.0, 0.0, 0.0, 0.0, 0.0, 0.0, 0.0, 0.01935914617177566, 0.0, 0.0, 0.0, 0.0, 0.7131235995584081, 0.3301452133430806, 0.014713013158674652, 0.0, 0.01935914617177566, 0.0, 0.0, 0.0, 0.0, 0.2600422282131891, 0.0, 0.0, 0.0, 0.0, 0.37259835241579203, 0.0, 0.0, 0.0, 0.0, 0.0, 0.0, 1.0, 0.0, 0.0, 0.0, 0.3301452133430806, 0.0, 0.0, 0.0, 0.0, 0.7131235995584081, 0.2600422282131891, 0.0, 0.0, 0.0, 0.0, 0.0, 0.0, 0.0, 0.627432808562821, 0.2600422282131889, 0.0, 0.0, 0.0, 0.0, 0.0, 0.0, 0.0, 0.0, 0.0, 0.0, 0.0, 0.0, 0.0, 0.0, 0.0, 0.0, 0.0, 0.0, 0.0, 0.0, 0.0, 0.627432808562821, 0.0, 0.0, 0.0, 0.051990468606357636, 0.014713013158674652, 0.0, 0.2600422282131889, 0.37259835241579203, 0.0, 0.0, 0.0], [0.0, 0.0, 0.0, 0.07813266927215967, 0.0, 0.26004228273073404, 0.0, 0.0, 0.0, 0.0, 0.0, 0.0, 0.0, 0.0, 1.0, 0.0, 0.0, 0.0, 0.0, 0.010065496919815075, 0.0, 0.0, 0.0, 0.0, 0.0024151225791870273, 0.0, 0.0, 0.0, 0.0, 0.0024151225791870273, 0.0, 0.0, 0.16540104064534458, 0.0, 0.0, 0.0, 0.0, 0.0, 0.0, 0.0, 0.0, 0.0, 0.0, 0.0, 0.0, 0.26004228273073404, 0.0, 0.0, 0.0, 0.0, 0.0, 0.0, 1.0, 0.0, 0.0, 0.0, 0.0, 0.0, 0.0, 0.0, 0.0, 0.0, 0.0, 0.0, 0.0, 0.0, 0.0, 0.0, 0.0, 0.0, 0.07813266927215967, 0.0, 0.0, 0.0, 0.0, 0.0, 0.0, 0.16540104064534458, 0.010065496919815075, 0.0, 0.0, 0.0, 0.0, 0.0, 0.0, 0.0, 0.0, 0.0, 0.0, 0.0, 0.0, 0.0, 0.0, 0.0, 0.0, 0.0, 0.0, 0.0, 0.0, 0.0], [0.0, 0.0, 0.007795402998337703, 0.0, 0.7456533105083695, 0.0, 0.153065091804842, 0.0, 0.0, 0.2600420945071052, 0.36704642953285577, 0.0, 0.0, 0.0, 0.0, 1.0, 0.0, 0.0, 0.0, 0.0, 0.0, 0.0, 0.7456533105083695, 0.007795402998337703, 0.0, 0.3058071778792791, 0.0, 0.0, 0.0, 0.0, 0.0, 0.2600420945071062, 0.0, 0.0, 0.8301419490780612, 0.0, 0.0, 0.004171878898859009, 0.0, 0.0, 0.0, 0.0, 0.0, 0.0, 0.0, 0.0, 0.0, 0.0, 0.7561790918522546, 0.02108995007164736, 1.0, 0.0, 0.0, 0.02108995007164736, 0.8301419490780612, 0.5439733964022337, 0.0, 0.0, 0.0, 0.0, 0.026621663547945335, 0.0, 0.5439733964022337, 0.23028454828482137, 0.0011279910865549228, 0.0, 0.0, 0.0011279910865549228, 0.0, 0.0042194498405780595, 0.0, 0.0, 0.0, 0.23028454828482137, 0.2600420945071062, 0.153065091804842, 0.7561790918522546, 0.0, 0.0, 0.0, 0.004171878898859009, 0.0, 0.0, 0.3058071778792791, 0.0, 0.0, 0.0, 0.0, 0.0, 0.0042194498405780595, 0.36704642953285577, 0.0, 0.0, 0.0, 0.2600420945071052, 0.0, 0.0, 0.0, 0.026621663547945335, 0.0], [0.0, 0.09206752133857243, 0.0, 0.0, 0.0, 0.0, 0.0, 0.2600421996127901, 0.55909901861514, 0.0, 0.0, 0.0, 0.0, 0.0, 0.0, 0.0, 1.0, 0.0, 0.010065503106018201, 0.0, 0.0, 0.0, 0.0, 0.0, 0.0, 0.0, 0.0, 0.0, 0.0, 0.0, 0.0, 0.0, 0.0, 0.0, 0.0, 0.0, 0.0, 0.0, 0.002077901625799143, 0.0, 0.0, 0.0, 0.7452716905625569, 0.0, 0.0, 0.0, 0.0, 0.0, 0.0, 0.0, 0.0, 0.0, 0.0, 0.0, 0.0, 0.0, 0.0, 0.0, 0.0, 0.010065503106018201, 0.0, 0.0, 0.0, 0.0, 0.0, 0.0, 0.0, 0.0, 0.0, 0.0, 0.0, 0.0, 0.002077901625799143, 0.0, 0.0, 0.0, 0.0, 0.0, 0.0, 0.0, 0.0, 0.7452716905625569, 0.55909901861514, 0.0, 0.2600421996127901, 0.09206752133857243, 0.0, 0.14812010732680422, 0.0, 0.0, 0.0, 0.0, 0.0, 0.0,