{"co_parameters": [[[0.9800665778412416, 0.19866933079506127, 0.0, 0.98], [-0.19866933079506127, 0.9800665778412416, 0.0, -0.6], [0.0, 0.0, 1.0, -0.2], [0.0, 0.0, 0.0, 1.0]], [[0.9672415428923302, 0.2538578297064412, 0.0, 0.98], [-0.2538578297064412, 0.9672415428923302, 0.0, -0.6], [0.0, 0.0, 1.0, -0.2], [0.0, 0.0, 0.0, 1.0]], [[0.9513114189101561, 0.3082313810291637, 0.0, 0.98], [-0.3082313810291637, 0.9513114189101561, 0.0, -0.6], [0.0, 0.0, 1.0, -0.2], [0.0, 0.0, 0.0, 1.0]], [[0.9323273456060344, 0.361615431964962, 0.0, 0.98], [-0.361615431964962, 0.9323273456060344, 0.0, -0.6], [0.0, 0.0, 1.0, -0.2], [0.0, 0.0, 0.0, 1.0]], [[0.910350266637996, 0.4138386062610998, 0.0, 0.98], [-0.4138386062610998, 0.910350266637996, 0.0, -0.6], [0.0, 0.0, 1.0, -0.2], [0.0, 0.0, 0.0, 1.0]], [[0.8854507339662915, 0.4647332543713176, 0.0, 0.98], [-0.4647332543713176, 0.8854507339662915, 0.0, -0.6], [0.0, 0.0, 1.0, -0.2], [0.0, 0.0, 0.0, 1.0]], [[0.8577086813638242, 0.5141359916531132, 0.0, 0.98], [-0.5141359916531132, 0.8577086813638242, 0.0, -0.6], [0.0, 0.0, 1.0, -0.2], [0.0, 0.0, 0.0, 1.0]], [[0.8272131678086012, 0.561888222873606, 0.0, 0.98], [-0.561888222873606, 0.8272131678086012, 0.0, -0.6], [0.0, 0.0, 1.0, -0.2], [0.0, 0.0, 0.0, 1.0]], [[0.7940620915819775, 0.6078366513401896, 0.0, 0.98], [-0.6078366513401896, 0.7940620915819775, 0.0, -0.6], [0.0, 0.0, 1.0, -0.2], [0.0, 0.0, 0.0, 1.0]], [[0.7583618759905081, 0.6518337710215368, 0.0, 0.98], [-0.6518337710215368, 0.7583618759905081, 0.0, -0.6], [0.0, 0.0, 1.0, -0.2], [0.0, 0.0, 0.0, 1.0]], [[0.7202271277203232, 0.6937383400791204, 0.0, 0.98], [-0.6937383400791204, 0.7202271277203232, 0.0, -0.6], [0.0, 0.0, 1.0, -0.2], [0.0, 0.0, 0.0, 1.0]], [[0.6797802689207917, 0.7334158342890997, 0.0, 0.98], [-0.7334158342890997, 0.6797802689207917, 0.0, -0.6], [0.0, 0.0, 1.0, -0.2], [0.0, 0.0, 0.0, 1.0]], [[0.6371511441985801, 0.7707388788989694, 0.0, 0.98], [-0.7707388788989694, 0.6371511441985801, 0.0, -0.6], [0.0, 0.0, 1.0, -0.2], [0.0, 0.0, 0.0, 1.0]], [[0.592476603783753, 0.8055876575326052, 0.0, 0.98], [-0.8055876575326052, 0.592476603783753, 0.0, -0.6], [0.0, 0.0, 1.0, -0.2], [0.0, 0.0, 0.0, 1.0]], [[0.5459000642060562, 0.8378502968310173, 0.0, 0.98], [-0.8378502968310173, 0.5459000642060562, 0.0, -0.6], [0.0, 0.0, 1.0, -0.2], [0.0, 0.0, 0.0, 1.0]], [[0.4975710478917269, 0.867423225594017, 0.0, 0.98], [-0.867423225594017, 0.4975710478917269, 0.0, -0.6], [0.0, 0.0, 1.0, -0.2], [0.0, 0.0, 0.0, 1.0]], [[0.4476447031588333, 0.894211507269863, 0.0, 0.98], [-0.894211507269863, 0.4476447031588333, 0.0, -0.6], [0.0, 0.0, 1.0, -0.2], [0.0, 0.0, 0.0, 1.0]], [[0.3962813061520888, 0.918129144725509, 0.0, 0.98], [-0.918129144725509, 0.3962813061520888, 0.0, -0.6], [0.0, 0.0, 1.0, -0.2], [0.0, 0.0, 0.0, 1.0]], [[0.34364574631604683, 0.9390993563190678, 0.0, 0.98], [-0.9390993563190678, 0.34364574631604683, 0.0, -0.6], [0.0, 0.0, 1.0, -0.2], [0.0, 0.0, 0.0, 1.0]], [[0.289906997058444, 0.9570548223882243, 0.0, 0.98], [-0.9570548223882243, 0.289906997058444, 0.0, -0.6], [0.0, 0.0, 1.0, -0.2], [0.0, 0.0, 0.0, 1.0]], [[0.23523757330298922, 0.9719379013633129, 0.0, 0.98], [-0.9719379013633129, 0.23523757330298922, 0.0, -0.6], [0.0, 0.0, 1.0, -0.2], [0.0, 0.0, 0.0, 1.0]], [[0.1798129776729993, 0.9837008148112767, 0.0, 0.98], [-0.9837008148112767, 0.1798129776729993, 0.0, -0.6], [0.0, 0.0, 1.0, -0.2], [0.0, 0.0, 0.0, 1.0]], [[0.12381113708376035, 0.9923058008164755, 0.0, 0.98], [-0.9923058008164755, 0.12381113708376035, 0.0, -0.6], [0.0, 0.0, 1.0, -0.2], [0.0, 0.0, 0.0, 1.0]], [[0.06741183155230557, 0.9977252352059478, 0.0, 0.98], [-0.9977252352059478, 0.06741183155230557, 0.0, -0.6], [0.0, 0.0, 1.0, -0.2], [0.0, 0.0, 0.0, 1.0]], [[0.01079611705826744, 0.9999417202299662, 0.0, 0.98], [-0.9999417202299662, 0.01079611705826744, 0.0, -0.6], [0.0, 0.0, 1.0, -0.2], [0.0, 0.0, 0.0, 1.0]]], "foliation_name": "regrasp", "similarity_matrix": [[1.0, 0.0, 0.0, 0.0, 0.0, 0.0, 0.0, 0.0, 0.0, 0.0, 0.0, 0.0, 0.0, 0.0, 0.0, 0.0, 0.0, 0.0, 0.0, 0.0, 0.0, 0.0, 0.0, 0.0, 0.0], [0.0, 1.0, 0.0, 0.0, 0.0, 0.0, 0.0, 0.0, 0.0, 0.0, 0.0, 0.0, 0.0, 0.0, 0.0, 0.0, 0.0, 0.0, 0.0, 0.0, 0.0, 0.0, 0.0, 0.0, 0.0], [0.0, 0.0, 1.0, 0.0, 0.0, 0.0, 0.0, 0.0, 0.0, 0.0, 0.0, 0.0, 0.0, 0.0, 0.0, 0.0, 0.0, 0.0, 0.0, 0.0, 0.0, 0.0, 0.0, 0.0, 0.0], [0.0, 0.0, 0.0, 1.0, 0.0, 0.0, 0.0, 0.0, 0.0, 0.0, 0.0, 0.0, 0.0, 0.0, 0.0, 0.0, 0.0, 0.0, 0.0, 0.0, 0.0, 0.0, 0.0, 0.0, 0.0], [0.0, 0.0, 0.0, 0.0, 1.0, 0.0, 0.0, 0.0, 0.0, 0.0, 0.0, 0.0, 0.0, 0.0, 0.0, 0.0, 0.0, 0.0, 0.0, 0.0, 0.0, 0.0, 0.0, 0.0, 0.0], [0.0, 0.0, 0.0, 0.0, 0.0, 1.0, 0.0, 0.0, 0.0, 0.0, 0.0, 0.0, 0.0, 0.0, 0.0, 0.0, 0.0, 0.0, 0.0, 0.0, 0.0, 0.0, 0.0, 0.0, 0.0], [0.0, 0.0, 0.0, 0.0, 0.0, 0.0, 1.0, 0.0, 0.0, 0.0, 0.0, 0.0, 0.0, 0.0, 0.0, 0.0, 0.0, 0.0, 0.0, 0.0, 0.0, 0.0, 0.0, 0.0, 0.0], [0.0, 0.0, 0.0, 0.0, 0.0, 0.0, 0.0, 1.0, 0.0, 0.0, 0.0, 0.0, 0.0, 0.0, 0.0, 0.0, 0.0, 0.0, 0.0, 0.0, 0.0, 0.0, 0.0, 0.0, 0.0], [0.0, 0.0, 0.0, 0.0, 0.0, 0.0, 0.0, 0.0, 1.0, 0.0, 0.0, 0.0, 0.0, 0.0, 0.0, 0.0, 0.0, 0.0, 0.0, 0.0, 0.0, 0.0, 0.0, 0.0, 0.0], [0.0, 0.0, 0.0, 0.0, 0.0, 0.0, 0.0, 0.0, 0.0, 1.0, 0.0, 0.0, 0.0, 0.0, 0.0, 0.0, 0.0, 0.0, 0.0, 0.0, 0.0, 0.0, 0.0, 0.0, 0.0], [0.0, 0.0, 0.0, 0.0, 0.0, 0.0, 0.0, 0.0, 0.0, 0.0, 1.0, 0.0, 0.0, 0.0, 0.0, 0.0, 0.0, 0.0, 0.0, 0.0, 0.0, 0.0, 0.0, 0.0, 0.0], [0.0, 0.0, 0.0, 0.0, 0.0, 0.0, 0.0, 0.0, 0.0, 0.0, 0.0, 1.0, 0.0, 0.0, 0.0, 0.0, 0.0, 0.0, 0.0, 0.0, 0.0, 0.0, 0.0, 0.0, 0.0], [0.0, 0.0, 0.0, 0.0, 0.0, 0.0, 0.0, 0.0, 0.0, 0.0, 0.0, 0.0, 1.0, 0.0, 0.0, 0.0, 0.0, 0.0, 0.0, 0.0, 0.0, 0.0, 0.0, 0.0, 0.0], [0.0, 0.0, 0.0, 0.0, 0.0, 0.0, 0.0, 0.0, 0.0, 0.0, 0.0, 0.0, 0.0, 1.0, 0.0, 0.0, 0.0, 0.0, 0.0, 0.0, 0.0, 0.0, 0.0, 0.0, 0.0], [0.0, 0.0, 0.0, 0.0, 0.0, 0.0, 0.0, 0.0, 0.0, 0.0, 0.0, 0.0, 0.0, 0.0, 1.0, 0.0, 0.0, 0.0, 0.0, 0.0, 0.0, 0.0, 0.0, 0.0, 0.0], [0.0, 0.0, 0.0, 0.0, 0.0, 0.0, 0.0, 0.0, 0.0, 0.0, 0.0, 0.0, 0.0, 0.0, 0.0, 1.0, 0.0, 0.0, 0.0, 0.0, 0.0, 0.0, 0.0, 0.0, 0.0], [0.0, 0.0, 0.0, 0.0, 0.0, 0.0, 0.0, 0.0, 0.0, 0.0, 0.0, 0.0, 0.0, 0.0, 0.0, 0.0, 1.0, 0.0, 0.0, 0.0, 0.0, 0.0, 0.0, 0.0, 0.0], [0.0, 0.0, 0.0, 0.0, 0.0, 0.0, 0.0, 0.0, 0.0, 0.0, 0.0, 0.0, 0.0, 0.0, 0.0, 0.0, 0.0, 1.0, 0.0, 0.0, 0.0, 0.0, 0.0, 0.0, 0.0], [0.0, 0.0, 0.0, 0.0, 0.0, 0.0, 0.0, 0.0, 0.0, 0.0, 0.0, 0.0, 0.0, 0.0, 0.0, 0.0, 0.0, 0.0, 1.0, 0.0, 0.0, 0.0, 0.0, 0.0, 0.0], [0.0, 0.0, 0.0, 0.0, 0.0, 0.0, 0.0, 0.0, 0.0, 0.0, 0.0, 0.0, 0.0, 0.0, 0.0, 0.0, 0.0, 0.0, 0.0, 1.0, 0.0, 0.0, 0.0, 0.0, 0.0], [0.0, 0.0, 0.0, 0.0, 0.0, 0.0, 0.0, 0.0, 0.0, 0.0, 0.0, 0.0, 0.0, 0.0, 0.0, 0.0, 0.0, 0.0, 0.0, 0.0, 1.0, 0.0, 0.0, 0.0, 0.0], [0.0, 0.0, 0.0, 0.0, 0.0, 0.0, 0.0, 0.0, 0.0, 0.0, 0.0, 0.0, 0.0, 0.0, 0.0, 0.0, 0.0, 0.0, 0.0, 0.0, 0.0, 1.0, 0.0, 0.0, 0.0], [0.0, 0.0, 0.0, 0.0, 0.0, 0.0, 0.0, 0.0, 0.0, 0.0, 0.0, 0.0, 0.0, 0.0, 0.0, 0.0, 0.0, 0.0, 0.0, 0.0, 0.0, 0.0, 1.0, 0.0, 0.0], [0.0, 0.0, 0.0, 0.0, 0.0, 0.0, 0.0, 0.0, 0.0, 0.0, 0.0, 0.0, 0.0, 0.0, 0.0, 0.0, 0.0, 0.0, 0.0, 0.0, 0.0, 0.0, 0.0, 1.0, 0.0], [0.0, 0.0, 0.0, 0.0, 0.0, 0.0, 0.0, 0.0, 0.0, 0.0, 0.0, 0.0, 0.0, 0.0, 0.0, 0.0, 0.0, 0.0, 0.0, 0.0, 0.0, 0.0, 0.0, 0.0, 1.0]], "constraint_parameters": {"obstacle_pose": [[0.0, 1.0, 0.0, 1.58], [-1.0, 0.0, 0.0, 1.35], [0.0, 0.0, 1.0, -0.32], [0.0, 0.0, 0.0, 1.0]], "frame_id": "base_link", "obstacle_mesh": "/root/catkin_ws/src/jiaming_manipulation/task_planner/mesh_dir/wardrobe.stl", "is_object_in_hand": false, "object_mesh_path": "/root/catkin_ws/src/jiaming_manipulation/task_planner/mesh_dir/wardrobe_left_door_v3.stl"}}