{"co_parameters": [[[8.742277657347586e-08, -0.7071067690849304, 0.7071067690849304, -0.7584851684835221], [-1.0, -6.181723932741079e-08, 6.181723932741079e-08, 0.0020743850418416484], [0.0, -0.7071067690849304, -0.7071067690849304, 0.8860719740390777], [0.0, 0.0, 0.0, 1.0]], [[8.742277657347586e-08, -0.7071067690849304, 0.7071067690849304, -0.7555758260356056], [-1.0, -6.181723932741079e-08, 6.181723932741079e-08, 0.0020743850418416484], [0.0, -0.7071067690849304, -0.7071067690849304, 1.6619227363003626], [0.0, 0.0, 0.0, 1.0]], [[8.742277657347586e-08, 0.7071067690849304, 0.7071067690849304, -0.7455314060052236], [-1.0, 6.181723932741079e-08, 6.181723932741079e-08, 0.0020743850418416484], [0.0, -0.7071067690849304, 0.7071067690849304, 0.2527528279357486], [0.0, 0.0, 0.0, 1.0]], [[-8.742277657347586e-08, 0.7071067690849304, 0.7071067690849304, -0.7584851684835221], [1.0, 6.181723932741079e-08, 6.181723932741079e-08, 0.0020743850418416484], [-8.659560603426554e-17, 0.7071067690849304, -0.7071067690849304, 0.8860719740390777], [0.0, 0.0, 0.0, 1.0]], [[-8.742277657347586e-08, 0.7071067690849304, 0.7071067690849304, -0.7555758260356056], [1.0, 6.181723932741079e-08, 6.181723932741079e-08, 0.0020743850418416484], [-8.659560603426554e-17, 0.7071067690849304, -0.7071067690849304, 1.6619227363003626], [0.0, 0.0, 0.0, 1.0]], [[8.742277657347586e-08, 0.7071067690849304, -0.7071067690849304, -0.14897609114646912], [-1.0, 6.181723932741079e-08, -6.181723932741079e-08, 0.0020744079137688387], [0.0, 0.7071067690849304, 0.7071067690849304, -0.10807105978329977], [0.0, 0.0, 0.0, 1.0]], [[8.742277657347586e-08, -0.7071067690849304, 0.7071067690849304, -0.7455314060052236], [-1.0, -6.181723932741079e-08, 6.181723932741079e-08, 0.0020743850418416484], [0.0, -0.7071067690849304, -0.7071067690849304, 0.513596659368939], [0.0, 0.0, 0.0, 1.0]], [[-8.742277657347586e-08, 0.7071067690849304, 0.7071067690849304, -0.7571622653802237], [1.0, 6.181723932741079e-08, 6.181723932741079e-08, 0.0020743850418416484], [-8.659560603426554e-17, 0.7071067690849304, -0.7071067690849304, 0.31494204375478957], [0.0, 0.0, 0.0, 1.0]], [[-0.9999974370002747, -1.2218819517568726e-16, 0.0022551240399479866, -0.5489571426043081], [0.0022551240399479866, 1.2274054006663587e-16, 0.9999974370002747, -0.2974448621273041], [-1.2246467202362698e-16, 0.9999999403953552, -1.2246467202362698e-16, 0.9172672526041666], [0.0, 0.0, 0.0, 1.0]], [[8.742277657347586e-08, -1.2246468525851679e-16, 1.0, -0.8125077311197917], [-1.0, -1.0706202480049731e-23, 8.742277657347586e-08, 0.0020743803974283045], [0.0, -1.0, -1.2246468525851679e-16, 0.7556500244140625], [0.0, 0.0, 0.0, 1.0]], [[0.9999974370002747, -0.001594613422639668, 0.001594613422639668, -0.5488353403344647], [-0.0022551240399479866, -0.7071049809455872, 0.7071049809455872, -0.24342247578832837], [0.0, -0.7071067094802856, -0.7071067094802856, 1.0476891938845316], [0.0, 0.0, 0.0, 1.0]], [[8.742277657347586e-08, -1.0, -2.220446049250313e-16, -0.6139467366536459], [-1.0, -8.742277657347586e-08, -1.941175588570673e-23, 0.0020743964778052438], [0.0, 2.220446049250313e-16, -1.0, 2.2785560438368058], [0.0, 0.0, 0.0, 1.0]], [[-8.742277657347586e-08, -0.7071067690849304, 0.7071067690849304, -0.7394351467821334], [1.0, -6.181723932741079e-08, 6.181723932741079e-08, 0.0020743850418416484], [-8.659560603426554e-17, 0.7071067690849304, 0.7071067690849304, 1.9125934583610957], [0.0, 0.0, 0.0, 1.0]], [[-8.742277657347586e-08, -0.7071067690849304, 0.7071067690849304, -0.7574103393819598], [1.0, -6.181723932741079e-08, 6.181723932741079e-08, 0.0020743850418416484], [-8.659560603426554e-17, 0.7071067690849304, 0.7071067690849304, 1.2471546834044986], [0.0, 0.0, 0.0, 1.0]], [[-0.9999974370002747, -1.2218819517568726e-16, 0.0022551240399479866, -0.548930999212381], [0.0022551240399479866, 1.2274054006663587e-16, 0.9999974370002747, -0.2858626613352034], [-1.2246467202362698e-16, 0.9999999403953552, -1.2246467202362698e-16, 1.2812239583333334], [0.0, 0.0, 0.0, 1.0]], [[8.742277657347586e-08, -1.2246468525851679e-16, 1.0, -0.7979212782118056], [-1.0, -1.0706202480049731e-23, 8.742277657347586e-08, 0.0020743803974283045], [0.0, -1.0, -1.2246468525851679e-16, 1.8619923231336806], [0.0, 0.0, 0.0, 1.0]], [[8.742277657347586e-08, 0.7071067690849304, 0.7071067690849304, -0.7497338121467167], [-1.0, 6.181723932741079e-08, 6.181723932741079e-08, 0.0020743850418416484], [0.0, -0.7071067690849304, 0.7071067690849304, 0.3348768174648285], [0.0, 0.0, 0.0, 1.0]], [[8.742277657347586e-08, -0.7071067690849304, 0.7071067690849304, -0.7394351467821334], [-1.0, -6.181723932741079e-08, 6.181723932741079e-08, 0.0020743850418416484], [0.0, -0.7071067690849304, -0.7071067690849304, 2.1734373576111263], [0.0, 0.0, 0.0, 1.0]], [[-8.742277657347586e-08, -0.7071067690849304, 0.7071067690849304, -0.7571622653802237], [1.0, -6.181723932741079e-08, 6.181723932741079e-08, 0.0020743850418416484], [-8.659560603426554e-17, 0.7071067690849304, 0.7071067690849304, 0.05409821232159931], [0.0, 0.0, 0.0, 1.0]], [[8.742277657347586e-08, -1.2246468525851679e-16, 1.0, -0.7934576416015625], [-1.0, -1.0706202480049731e-23, 8.742277657347586e-08, 0.0020743803974283045], [0.0, -1.0, -1.2246468525851679e-16, 2.043015407986111], [0.0, 0.0, 0.0, 1.0]], [[8.742277657347586e-08, 0.7071067690849304, -0.7071067690849304, -0.33867954505814446], [-1.0, 6.181723932741079e-08, -6.181723932741079e-08, 0.0020744079137688387], [0.0, 0.7071067690849304, 0.7071067690849304, -0.10757095879978604], [0.0, 0.0, 0.0, 1.0]], [[-0.9999974370002747, 0.001594613422639668, 0.001594613422639668, -0.5488355776934056], [0.0022551240399479866, 0.7071049809455872, 0.7071049809455872, -0.24355554938316348], [-8.659559941682064e-17, 0.7071067094802856, -0.7071067094802856, 1.2431236285633511], [0.0, 0.0, 0.0, 1.0]], [[-0.9999974370002747, 0.001594613422639668, 0.001594613422639668, -0.5488353403344647], [0.0022551240399479866, 0.7071049809455872, 0.7071049809455872, -0.24342247578832837], [-8.659559941682064e-17, 0.7071067094802856, -0.7071067094802856, 1.0476891938845316], [0.0, 0.0, 0.0, 1.0]], [[0.9999974370002747, 0.001594613422639668, 0.001594613422639668, -0.5488353403344647], [-0.0022551240399479866, 0.7071049809455872, 0.7071049809455872, -0.24342247578832837], [0.0, -0.7071067094802856, 0.7071067094802856, 0.7868453791406419], [0.0, 0.0, 0.0, 1.0]], [[8.742277657347586e-08, 1.0, 2.220446049250313e-16, -0.46910146077473963], [-1.0, 8.742277657347586e-08, 1.941175588570673e-23, 0.0020743964778052438], [0.0, -2.220446049250313e-16, 1.0, -0.16159348805745444], [0.0, 0.0, 0.0, 1.0]], [[-8.742277657347586e-08, 0.7071067690849304, 0.7071067690849304, -0.7438987155755361], [1.0, 6.181723932741079e-08, 6.181723932741079e-08, 0.0020743850418416484], [-8.659560603426554e-17, 0.7071067690849304, -0.7071067690849304, 1.992414272758696], [0.0, 0.0, 0.0, 1.0]], [[8.742277657347586e-08, -0.7071067690849304, 0.7071067690849304, -0.7438987155755361], [-1.0, -6.181723932741079e-08, 6.181723932741079e-08, 0.0020743850418416484], [0.0, -0.7071067690849304, -0.7071067690849304, 1.992414272758696], [0.0, 0.0, 0.0, 1.0]], [[-8.742277657347586e-08, 0.7071067690849304, 0.7071067690849304, -0.7455314060052236], [1.0, 6.181723932741079e-08, 6.181723932741079e-08, 0.0020743850418416484], [-8.659560603426554e-17, 0.7071067690849304, -0.7071067690849304, 0.513596659368939], [0.0, 0.0, 0.0, 1.0]], [[-8.742277657347586e-08, 1.2246467202362698e-16, 1.0, -0.8114328342013889], [1.0, 1.2246469849340659e-16, 8.742277657347586e-08, 0.0020743803974283045], [-1.2246468525851679e-16, 1.0, -1.2246468525851679e-16, 1.3775766330295138], [0.0, 0.0, 0.0, 1.0]], [[-8.742277657347586e-08, -0.7071067690849304, 0.7071067690849304, -0.7584851684835221], [1.0, -6.181723932741079e-08, 6.181723932741079e-08, 0.0020743850418416484], [-8.659560603426554e-17, 0.7071067690849304, 0.7071067690849304, 0.6252281426058874], [0.0, 0.0, 0.0, 1.0]], [[8.742277657347586e-08, -1.2246468525851679e-16, 1.0, -0.8114328342013889], [-1.0, -1.0706202480049731e-23, 8.742277657347586e-08, 0.0020743803974283045], [0.0, -1.0, -1.2246468525851679e-16, 1.3775766330295138], [0.0, 0.0, 0.0, 1.0]], [[0.9999974370002747, -2.7617306585976387e-19, 0.0022551240399479866, -0.548930999212381], [-0.0022551240399479866, -1.2246436762116157e-16, 0.9999974370002747, -0.2858626613352034], [0.0, -0.9999999403953552, -1.2246467202362698e-16, 1.2812239583333334], [0.0, 0.0, 0.0, 1.0]], [[-8.742277657347586e-08, 1.2246467202362698e-16, 1.0, -0.8125077311197917], [1.0, 1.2246469849340659e-16, 8.742277657347586e-08, 0.0020743803974283045], [-1.2246468525851679e-16, 1.0, -1.2246468525851679e-16, 0.7556500244140625], [0.0, 0.0, 0.0, 1.0]], [[0.9999974370002747, -2.7617306585976387e-19, 0.0022551240399479866, -0.5489574138716692], [-0.0022551240399479866, -1.2246436762116157e-16, 0.9999974370002747, -0.2975779357221392], [0.0, -0.9999999403953552, -1.2246467202362698e-16, 1.1127017550998264], [0.0, 0.0, 0.0, 1.0]], [[-8.742277657347586e-08, 0.7071067690849304, 0.7071067690849304, -0.7497338121467167], [1.0, 6.181723932741079e-08, 6.181723932741079e-08, 0.0020743850418416484], [-8.659560603426554e-17, 0.7071067690849304, -0.7071067690849304, 0.5957206488980187], [0.0, 0.0, 0.0, 1.0]], [[8.742277657347586e-08, -0.7071067690849304, 0.7071067690849304, -0.7497338121467167], [-1.0, -6.181723932741079e-08, 6.181723932741079e-08, 0.0020743850418416484], [0.0, -0.7071067690849304, -0.7071067690849304, 0.5957206488980187], [0.0, 0.0, 0.0, 1.0]], [[-8.742277657347586e-08, -0.7071067690849304, -0.7071067690849304, -0.33867954505814446], [1.0, -6.181723932741079e-08, -6.181723932741079e-08, 0.0020744079137688387], [8.659560603426554e-17, -0.7071067690849304, 0.7071067690849304, -0.10757095879978604], [0.0, 0.0, 0.0, 1.0]], [[-8.742277657347586e-08, 1.2246467202362698e-16, 1.0, -0.8100780571831597], [1.0, 1.2246469849340659e-16, 8.742277657347586e-08, 0.0020743803974283045], [-1.2246468525851679e-16, 1.0, -1.2246468525851679e-16, 1.4211519368489582], [0.0, 0.0, 0.0, 1.0]], [[8.742277657347586e-08, 1.0, 2.220446049250313e-16, -0.2793980068630643], [-1.0, 8.742277657347586e-08, 1.941175588570673e-23, 0.0020743964778052438], [0.0, -2.220446049250313e-16, 1.0, -0.1620935885111491], [0.0, 0.0, 0.0, 1.0]], [[8.742277657347586e-08, -1.2246468525851679e-16, 1.0, -0.7995539008246528], [-1.0, -1.0706202480049731e-23, 8.742277657347586e-08, 0.0020743803974283045], [0.0, -1.0, -1.2246468525851679e-16, 0.3831747436523438], [0.0, 0.0, 0.0, 1.0]], [[-8.742277657347586e-08, 0.7071067690849304, 0.7071067690849304, -0.7560555623637306], [1.0, 6.181723932741079e-08, 6.181723932741079e-08, 0.0020743850418416484], [-8.659560603426554e-17, 0.7071067690849304, -0.7071067690849304, 1.5515738864739737], [0.0, 0.0, 0.0, 1.0]], [[8.742277657347586e-08, -1.2246468525851679e-16, 1.0, -0.8111847601996528], [-1.0, -1.0706202480049731e-23, 8.742277657347586e-08, 0.0020743803974283045], [0.0, -1.0, -1.2246468525851679e-16, 0.18452012803819448], [0.0, 0.0, 0.0, 1.0]], [[8.742277657347586e-08, -0.7071067690849304, 0.7071067690849304, -0.7443686862786612], [-1.0, -6.181723932741079e-08, 6.181723932741079e-08, 0.0020743850418416484], [0.0, -0.7071067690849304, -0.7071067690849304, 2.224533549017376], [0.0, 0.0, 0.0, 1.0]], [[-8.742277657347586e-08, -0.7071067690849304, 0.7071067690849304, -0.7560555623637306], [1.0, -6.181723932741079e-08, 6.181723932741079e-08, 0.0020743850418416484], [-8.659560603426554e-17, 0.7071067690849304, 0.7071067690849304, 1.290729987223943], [0.0, 0.0, 0.0, 1.0]], [[-8.742277657347586e-08, 1.0, -2.220446049250313e-16, -0.6139467366536459], [1.0, 8.742277657347586e-08, -1.941175588570673e-23, 0.0020743964778052438], [2.7192622655495665e-32, -2.220446049250313e-16, -1.0, 2.2785560438368058], [0.0, 0.0, 0.0, 1.0]], [[-8.742277657347586e-08, -0.7071067690849304, 0.7071067690849304, -0.7497338121467167], [1.0, -6.181723932741079e-08, 6.181723932741079e-08, 0.0020743850418416484], [-8.659560603426554e-17, 0.7071067690849304, 0.7071067690849304, 0.3348768174648285], [0.0, 0.0, 0.0, 1.0]], [[-8.742277657347586e-08, -1.0, 2.220446049250313e-16, -0.2793980068630643], [1.0, -8.742277657347586e-08, 1.941175588570673e-23, 0.0020743964778052438], [-2.7192622655495665e-32, 2.220446049250313e-16, 1.0, -0.1620935885111491], [0.0, 0.0, 0.0, 1.0]], [[-8.742277657347586e-08, -0.7071067690849304, 0.7071067690849304, -0.7443686862786612], [1.0, -6.181723932741079e-08, 6.181723932741079e-08, 0.0020743850418416484], [-8.659560603426554e-17, 0.7071067690849304, 0.7071067690849304, 1.963689649767346], [0.0, 0.0, 0.0, 1.0]], [[8.742277657347586e-08, -1.2246468525851679e-16, 1.0, -0.8081751844618056], [-1.0, -1.0706202480049731e-23, 8.742277657347586e-08, 0.0020743803974283045], [0.0, -1.0, -1.2246468525851679e-16, 1.2536930338541667], [0.0, 0.0, 0.0, 1.0]], [[-8.742277657347586e-08, -0.7071067690849304, 0.7071067690849304, -0.7442573988437653], [1.0, -6.181723932741079e-08, 6.181723932741079e-08, 0.0020743850418416484], [-8.659560603426554e-17, 0.7071067690849304, 0.7071067690849304, 1.5720779147413042], [0.0, 0.0, 0.0, 1.0]], [[-8.742277657347586e-08, 1.2246467202362698e-16, 1.0, -0.7995539008246528], [1.0, 1.2246469849340659e-16, 8.742277657347586e-08, 0.0020743803974283045], [-1.2246468525851679e-16, 1.0, -1.2246468525851679e-16, 0.3831747436523438], [0.0, 0.0, 0.0, 1.0]], [[8.742277657347586e-08, 0.7071067690849304, 0.7071067690849304, -0.7574103393819598], [-1.0, 6.181723932741079e-08, 6.181723932741079e-08, 0.0020743850418416484], [0.0, -0.7071067690849304, 0.7071067690849304, 1.2471546834044986], [0.0, 0.0, 0.0, 1.0]], [[8.742277657347586e-08, -1.2246468525851679e-16, 1.0, -0.7982799614800348], [-1.0, -1.0706202480049731e-23, 8.742277657347586e-08, 0.0020743803974283045], [0.0, -1.0, -1.2246468525851679e-16, 1.7024998643663194], [0.0, 0.0, 0.0, 1.0]], [[-8.742277657347586e-08, 1.2246467202362698e-16, 1.0, -0.8037563747829861], [1.0, 1.2246469849340659e-16, 8.742277657347586e-08, 0.0020743803974283045], [-1.2246468525851679e-16, 1.0, -1.2246468525851679e-16, 0.4652987331814236], [0.0, 0.0, 0.0, 1.0]], [[8.742277657347586e-08, 0.7071067690849304, 0.7071067690849304, -0.4098199395338694], [-1.0, 6.181723932741079e-08, 6.181723932741079e-08, 0.0020743850418416484], [0.0, -0.7071067690849304, 0.7071067690849304, -0.10807105978329977], [0.0, 0.0, 0.0, 1.0]], [[8.742277657347586e-08, -1.2246468525851679e-16, 1.0, -0.8095983886718751], [-1.0, -1.0706202480049731e-23, 8.742277657347586e-08, 0.0020743803974283045], [0.0, -1.0, -1.2246468525851679e-16, 1.5315007866753472], [0.0, 0.0, 0.0, 1.0]], [[-8.742277657347586e-08, -0.7071067690849304, 0.7071067690849304, -0.7455314060052236], [1.0, -6.181723932741079e-08, 6.181723932741079e-08, 0.0020743850418416484], [-8.659560603426554e-17, 0.7071067690849304, 0.7071067690849304, 0.2527528279357486], [0.0, 0.0, 0.0, 1.0]], [[-8.742277657347586e-08, -0.7071067690849304, -0.7071067690849304, -0.14897609114646912], [1.0, -6.181723932741079e-08, -6.181723932741079e-08, 0.0020744079137688387], [8.659560603426554e-17, -0.7071067690849304, 0.7071067690849304, -0.10807105978329977], [0.0, 0.0, 0.0, 1.0]], [[8.742277657347586e-08, -1.2246468525851679e-16, 1.0, -0.8100780571831597], [-1.0, -1.0706202480049731e-23, 8.742277657347586e-08, 0.0020743803974283045], [0.0, -1.0, -1.2246468525851679e-16, 1.4211519368489582], [0.0, 0.0, 0.0, 1.0]], [[-0.9999974370002747, -1.2218819517568726e-16, 0.0022551240399479866, -0.5489574138716692], [0.0022551240399479866, 1.2274054006663587e-16, 0.9999974370002747, -0.2975779357221392], [-1.2246467202362698e-16, 0.9999999403953552, -1.2246467202362698e-16, 1.1127017550998264], [0.0, 0.0, 0.0, 1.0]], [[-0.9999974370002747, -0.001594613422639668, 0.001594613422639668, -0.5488353403344647], [0.0022551240399479866, -0.7071049809455872, 0.7071049809455872, -0.24342247578832837], [-8.659559941682064e-17, 0.7071067094802856, 0.7071067094802856, 0.7868453791406419], [0.0, 0.0, 0.0, 1.0]], [[8.742277657347586e-08, 0.7071067690849304, 0.7071067690849304, -0.7442573988437653], [-1.0, 6.181723932741079e-08, 6.181723932741079e-08, 0.0020743850418416484], [0.0, -0.7071067690849304, 0.7071067690849304, 1.5720779147413042], [0.0, 0.0, 0.0, 1.0]], [[0.9999974370002747, -0.001594613422639668, 0.001594613422639668, -0.5488355776934056], [-0.0022551240399479866, -0.7071049809455872, 0.7071049809455872, -0.24355554938316348], [0.0, -0.7071067094802856, -0.7071067094802856, 1.2431236285633511], [0.0, 0.0, 0.0, 1.0]], [[8.742277657347586e-08, -1.2246468525851679e-16, 1.0, -0.7983911810980903], [-1.0, -1.0706202480049731e-23, 8.742277657347586e-08, 0.0020743803974283045], [0.0, -1.0, -1.2246468525851679e-16, 2.094111599392361], [0.0, 0.0, 0.0, 1.0]], [[-8.742277657347586e-08, 1.2246467202362698e-16, 1.0, -0.7979212782118056], [1.0, 1.2246469849340659e-16, 8.742277657347586e-08, 0.0020743803974283045], [-1.2246468525851679e-16, 1.0, -1.2246468525851679e-16, 1.8619923231336806], [0.0, 0.0, 0.0, 1.0]], [[8.742277657347586e-08, 0.7071067690849304, 0.7071067690849304, -0.7541526896423765], [-1.0, 6.181723932741079e-08, 6.181723932741079e-08, 0.0020743850418416484], [0.0, -0.7071067690849304, 0.7071067690849304, 1.1232710842291513], [0.0, 0.0, 0.0, 1.0]], [[-8.742277657347586e-08, -0.7071067690849304, 0.7071067690849304, -0.5995233764913348], [1.0, -6.181723932741079e-08, 6.181723932741079e-08, 0.0020743850418416484], [-8.659560603426554e-17, 0.7071067690849304, 0.7071067690849304, -0.10757095879978604], [0.0, 0.0, 0.0, 1.0]], [[-8.742277657347586e-08, 1.2246467202362698e-16, 1.0, -0.8111847601996528], [1.0, 1.2246469849340659e-16, 8.742277657347586e-08, 0.0020743803974283045], [-1.2246468525851679e-16, 1.0, -1.2246468525851679e-16, 0.18452012803819448], [0.0, 0.0, 0.0, 1.0]], [[8.742277657347586e-08, -0.7071067690849304, 0.7071067690849304, -0.7574103393819598], [-1.0, -6.181723932741079e-08, 6.181723932741079e-08, 0.0020743850418416484], [0.0, -0.7071067690849304, -0.7071067690849304, 1.5079985826545292], [0.0, 0.0, 0.0, 1.0]], [[-8.742277657347586e-08, 0.7071067690849304, 0.7071067690849304, -0.7442573988437653], [1.0, 6.181723932741079e-08, 6.181723932741079e-08, 0.0020743850418416484], [-8.659560603426554e-17, 0.7071067690849304, -0.7071067690849304, 1.8329218139913348], [0.0, 0.0, 0.0, 1.0]], [[0.9999974370002747, -2.7617306585976387e-19, 0.0022551240399479866, -0.5489571426043081], [-0.0022551240399479866, -1.2246436762116157e-16, 0.9999974370002747, -0.2974448621273041], [0.0, -0.9999999403953552, -1.2246467202362698e-16, 0.9172672526041666], [0.0, 0.0, 0.0, 1.0]], [[8.742277657347586e-08, 0.7071067690849304, 0.7071067690849304, -0.7560555623637306], [-1.0, 6.181723932741079e-08, 6.181723932741079e-08, 0.0020743850418416484], [0.0, -0.7071067690849304, 0.7071067690849304, 1.290729987223943], [0.0, 0.0, 0.0, 1.0]], [[8.742277657347586e-08, -0.7071067690849304, 0.7071067690849304, -0.7560555623637306], [-1.0, -6.181723932741079e-08, 6.181723932741079e-08, 0.0020743850418416484], [0.0, -0.7071067690849304, -0.7071067690849304, 1.5515738864739737], [0.0, 0.0, 0.0, 1.0]], [[-8.742277657347586e-08, 0.7071067690849304, 0.7071067690849304, -0.7541526896423765], [1.0, 6.181723932741079e-08, 6.181723932741079e-08, 0.0020743850418416484], [-8.659560603426554e-17, 0.7071067690849304, -0.7071067690849304, 1.384114983479182], [0.0, 0.0, 0.0, 1.0]], [[8.742277657347586e-08, -1.2246468525851679e-16, 1.0, -0.8037563747829861], [-1.0, -1.0706202480049731e-23, 8.742277657347586e-08, 0.0020743803974283045], [0.0, -1.0, -1.2246468525851679e-16, 0.4652987331814236], [0.0, 0.0, 0.0, 1.0]], [[8.742277657347586e-08, 0.7071067690849304, 0.7071067690849304, -0.7438987155755361], [-1.0, 6.181723932741079e-08, 6.181723932741079e-08, 0.0020743850418416484], [0.0, -0.7071067690849304, 0.7071067690849304, 1.7315703735086652], [0.0, 0.0, 0.0, 1.0]], [[-8.742277657347586e-08, 1.2246467202362698e-16, 1.0, -0.7982799614800348], [1.0, 1.2246469849340659e-16, 8.742277657347586e-08, 0.0020743803974283045], [-1.2246468525851679e-16, 1.0, -1.2246468525851679e-16, 1.7024998643663194], [0.0, 0.0, 0.0, 1.0]], [[-8.742277657347586e-08, -0.7071067690849304, 0.7071067690849304, -0.7541526896423765], [1.0, -6.181723932741079e-08, 6.181723932741079e-08, 0.0020743850418416484], [-8.659560603426554e-17, 0.7071067690849304, 0.7071067690849304, 1.1232710842291513], [0.0, 0.0, 0.0, 1.0]], [[8.742277657347586e-08, 0.7071067690849304, 0.7071067690849304, -0.5995233764913348], [-1.0, 6.181723932741079e-08, 6.181723932741079e-08, 0.0020743850418416484], [0.0, -0.7071067690849304, 0.7071067690849304, -0.10757095879978604], [0.0, 0.0, 0.0, 1.0]], [[8.742277657347586e-08, 0.7071067690849304, 0.7071067690849304, -0.7555758260356056], [-1.0, 6.181723932741079e-08, 6.181723932741079e-08, 0.0020743850418416484], [0.0, -0.7071067690849304, 0.7071067690849304, 1.401078837050332], [0.0, 0.0, 0.0, 1.0]], [[-8.742277657347586e-08, 1.2246467202362698e-16, 1.0, -0.7983911810980903], [1.0, 1.2246469849340659e-16, 8.742277657347586e-08, 0.0020743803974283045], [-1.2246468525851679e-16, 1.0, -1.2246468525851679e-16, 2.094111599392361], [0.0, 0.0, 0.0, 1.0]], [[-8.742277657347586e-08, 1.2246467202362698e-16, 1.0, -0.8095983886718751], [1.0, 1.2246469849340659e-16, 8.742277657347586e-08, 0.0020743803974283045], [-1.2246468525851679e-16, 1.0, -1.2246468525851679e-16, 1.5315007866753472], [0.0, 0.0, 0.0, 1.0]], [[-8.742277657347586e-08, 0.7071067690849304, 0.7071067690849304, -0.7443686862786612], [1.0, 6.181723932741079e-08, 6.181723932741079e-08, 0.0020743850418416484], [-8.659560603426554e-17, 0.7071067690849304, -0.7071067690849304, 2.224533549017376], [0.0, 0.0, 0.0, 1.0]], [[-8.742277657347586e-08, 0.7071067690849304, 0.7071067690849304, -0.7394351467821334], [1.0, 6.181723932741079e-08, 6.181723932741079e-08, 0.0020743850418416484], [-8.659560603426554e-17, 0.7071067690849304, -0.7071067690849304, 2.1734373576111263], [0.0, 0.0, 0.0, 1.0]], [[-8.742277657347586e-08, 1.2246467202362698e-16, 1.0, -0.7934576416015625], [1.0, 1.2246469849340659e-16, 8.742277657347586e-08, 0.0020743803974283045], [-1.2246468525851679e-16, 1.0, -1.2246468525851679e-16, 2.043015407986111], [0.0, 0.0, 0.0, 1.0]], [[8.742277657347586e-08, -0.7071067690849304, 0.7071067690849304, -0.7442573988437653], [-1.0, -6.181723932741079e-08, 6.181723932741079e-08, 0.0020743850418416484], [0.0, -0.7071067690849304, -0.7071067690849304, 1.8329218139913348], [0.0, 0.0, 0.0, 1.0]], [[-8.742277657347586e-08, -1.0, 2.220446049250313e-16, -0.46910146077473963], [1.0, -8.742277657347586e-08, 1.941175588570673e-23, 0.0020743964778052438], [-2.7192622655495665e-32, 2.220446049250313e-16, 1.0, -0.16159348805745444], [0.0, 0.0, 0.0, 1.0]], [[-8.742277657347586e-08, -0.7071067690849304, 0.7071067690849304, -0.7438987155755361], [1.0, -6.181723932741079e-08, 6.181723932741079e-08, 0.0020743850418416484], [-8.659560603426554e-17, 0.7071067690849304, 0.7071067690849304, 1.7315703735086652], [0.0, 0.0, 0.0, 1.0]], [[8.742277657347586e-08, 0.7071067690849304, 0.7071067690849304, -0.7394351467821334], [-1.0, 6.181723932741079e-08, 6.181723932741079e-08, 0.0020743850418416484], [0.0, -0.7071067690849304, 0.7071067690849304, 1.9125934583610957], [0.0, 0.0, 0.0, 1.0]], [[-0.9999974370002747, -0.001594613422639668, 0.001594613422639668, -0.5488355776934056], [0.0022551240399479866, -0.7071049809455872, 0.7071049809455872, -0.24355554938316348], [-8.659559941682064e-17, 0.7071067094802856, 0.7071067094802856, 0.9822798138194613], [0.0, 0.0, 0.0, 1.0]], [[-8.742277657347586e-08, 1.2246467202362698e-16, 1.0, -0.8081751844618056], [1.0, 1.2246469849340659e-16, 8.742277657347586e-08, 0.0020743803974283045], [-1.2246468525851679e-16, 1.0, -1.2246468525851679e-16, 1.2536930338541667], [0.0, 0.0, 0.0, 1.0]], [[8.742277657347586e-08, 0.7071067690849304, 0.7071067690849304, -0.7584851684835221], [-1.0, 6.181723932741079e-08, 6.181723932741079e-08, 0.0020743850418416484], [0.0, -0.7071067690849304, 0.7071067690849304, 0.6252281426058874], [0.0, 0.0, 0.0, 1.0]], [[-8.742277657347586e-08, -0.7071067690849304, 0.7071067690849304, -0.4098199395338694], [1.0, -6.181723932741079e-08, 6.181723932741079e-08, 0.0020743850418416484], [-8.659560603426554e-17, 0.7071067690849304, 0.7071067690849304, -0.10807105978329977], [0.0, 0.0, 0.0, 1.0]], [[0.9999974370002747, 0.001594613422639668, 0.001594613422639668, -0.5488355776934056], [-0.0022551240399479866, 0.7071049809455872, 0.7071049809455872, -0.24355554938316348], [0.0, -0.7071067094802856, 0.7071067094802856, 0.9822798138194613], [0.0, 0.0, 0.0, 1.0]], [[-8.742277657347586e-08, -0.7071067690849304, 0.7071067690849304, -0.7555758260356056], [1.0, -6.181723932741079e-08, 6.181723932741079e-08, 0.0020743850418416484], [-8.659560603426554e-17, 0.7071067690849304, 0.7071067690849304, 1.401078837050332], [0.0, 0.0, 0.0, 1.0]], [[8.742277657347586e-08, 0.7071067690849304, 0.7071067690849304, -0.7571622653802237], [-1.0, 6.181723932741079e-08, 6.181723932741079e-08, 0.0020743850418416484], [0.0, -0.7071067690849304, 0.7071067690849304, 0.05409821232159931], [0.0, 0.0, 0.0, 1.0]], [[-8.742277657347586e-08, 0.7071067690849304, 0.7071067690849304, -0.7574103393819598], [1.0, 6.181723932741079e-08, 6.181723932741079e-08, 0.0020743850418416484], [-8.659560603426554e-17, 0.7071067690849304, -0.7071067690849304, 1.5079985826545292], [0.0, 0.0, 0.0, 1.0]], [[8.742277657347586e-08, -0.7071067690849304, 0.7071067690849304, -0.7571622653802237], [-1.0, -6.181723932741079e-08, 6.181723932741079e-08, 0.0020743850418416484], [0.0, -0.7071067690849304, -0.7071067690849304, 0.31494204375478957], [0.0, 0.0, 0.0, 1.0]], [[8.742277657347586e-08, -0.7071067690849304, 0.7071067690849304, -0.7541526896423765], [-1.0, -6.181723932741079e-08, 6.181723932741079e-08, 0.0020743850418416484], [0.0, -0.7071067690849304, -0.7071067690849304, 1.384114983479182], [0.0, 0.0, 0.0, 1.0]], [[8.742277657347586e-08, 0.7071067690849304, 0.7071067690849304, -0.7443686862786612], [-1.0, 6.181723932741079e-08, 6.181723932741079e-08, 0.0020743850418416484], [0.0, -0.7071067690849304, 0.7071067690849304, 1.963689649767346], [0.0, 0.0, 0.0, 1.0]]], "foliation_name": "rotate", "similarity_matrix": [[1.0, 0.0, 0.0, 1.0, 0.0, 0.0, 0.0, 0.0, 0.0011953145303488085, 0.36920024568955867, 0.0014779574532898033, 0.0, 0.0, 0.0014750049798692225, 0.0, 0.0, 0.0, 0.0, 0.0, 0.0, 0.0, 0.0, 0.0014779574532898033, 0.003334662471185458, 0.0, 0.0, 0.0, 0.0, 0.0, 0.03330741547541734, 0.0, 0.0, 0.36920024568955867, 0.0, 0.014712998673199267, 0.014712998673199267, 0.0, 0.0, 0.0, 0.0, 0.0, 0.0, 0.0, 0.0, 0.0, 0.0, 0.0, 0.0, 0.0010274070629436643, 0.0, 0.0, 0.0014750049798692225, 0.0, 0.0, 0.0, 0.0, 0.0, 0.0, 0.0, 0.0, 0.003334662471185458, 0.0, 0.0, 0.0, 0.0, 0.05995809290384453, 0.0, 0.0, 0.0, 0.0, 0.0011953145303488085, 0.0, 0.0, 0.0, 0.0, 0.0, 0.0, 0.05995809290384453, 0.0, 0.0, 0.0, 0.0, 0.0, 0.0, 0.0, 0.0, 0.0, 0.0, 0.0, 0.0034233071166727418, 0.0010274070629436643, 0.03330741547541734, 0.0, 0.0034233071166727418, 0.0, 0.0, 0.0, 0.0, 0.0, 0.0], [0.0, 1.0, 0.0, 0.0, 1.0, 0.0, 0.0, 0.0, 0.0, 0.0, 0.0, 0.0, 0.04264622068583622, 0.0, 0.0, 0.12355747521912708, 0.0, 0.0, 0.0, 0.0, 0.0, 0.0, 0.0, 0.0, 0.0, 0.0042194498405780595, 0.0042194498405780595, 0.0, 0.015016050894873683, 0.0, 0.015016050894873683, 0.0, 0.0, 0.0, 0.0, 0.0, 0.0, 0.047498670708065474, 0.0, 0.0, 0.5439733946325847, 0.0, 0.0, 0.001018713873439243, 0.0, 0.0, 0.0, 0.010467882676027019, 0.0, 0.6636436549762939, 0.0, 0.0, 0.8407109926733215, 0.0, 0.0, 0.36920024568955795, 0.0, 0.0, 0.047498670708065474, 0.0, 0.0, 0.6636436549762939, 0.0, 0.0, 0.12355747521912708, 0.0, 0.0, 0.0, 0.3058071740747748, 0.23028454828482137, 0.0, 0.001018713873439243, 0.5439733946325847, 0.021089950275196716, 0.0, 0.7793013904772577, 0.8407109926733215, 0.0, 0.0, 0.033307356555961204, 0.0, 0.36920024568955795, 0.0, 0.0, 0.0, 0.23028454828482137, 0.0, 0.7793013904772577, 0.04264622068583622, 0.0, 0.0, 0.0, 0.0, 0.0, 0.033307356555961204, 0.0, 0.3058071740747748, 0.0, 0.021089950275196716, 0.010467882676027019], [0.0, 0.0, 1.0, 0.0, 0.0, 0.0, 0.03330741547541725, 0.8186171434844213, 0.0, 0.0, 0.0, 0.0, 0.0, 0.0, 0.0, 0.0, 0.7131236198821601, 0.0, 0.138076602157665, 0.0, 0.0, 0.0, 0.0, 0.0, 0.0, 0.0, 0.0, 0.03330741547541725, 0.0, 0.0, 0.0, 0.0, 0.0, 0.0, 0.0027885617394269404, 0.0027885617394269404, 0.0, 0.0, 0.0, 0.3692005442264335, 0.0, 0.6387109894390964, 0.0, 0.0, 0.0, 0.7131236198821601, 0.0, 0.0, 0.0, 0.0, 0.3692005442264335, 0.0, 0.0, 0.08818702450092768, 0.0, 0.0, 1.0, 0.0, 0.0, 0.0, 0.0, 0.0, 0.0, 0.0, 0.0, 0.0, 0.0, 0.6387109894390964, 0.0, 0.0, 0.0, 0.0, 0.0, 0.0, 0.08818702450092768, 0.0, 0.0, 0.0, 0.0, 0.0, 0.0, 0.0, 0.0, 0.0, 0.0, 0.0, 0.0, 0.0, 0.0, 0.0, 0.0, 0.0, 0.0, 0.0, 0.0, 0.138076602157665, 0.0, 0.8186171434844213, 0.0, 0.0], [1.0, 0.0, 0.0, 1.0, 0.0, 0.0, 0.0, 0.0, 0.0011953145303488085, 0.36920024568955867, 0.0014779574532898033, 0.0, 0.0, 0.0014750049798692225, 0.0, 0.0, 0.0, 0.0, 0.0, 0.0, 0.0, 0.0, 0.0014779574532898033, 0.003334662471185458, 0.0, 0.0, 0.0, 0.0, 0.0, 0.03330741547541734, 0.0, 0.0, 0.36920024568955867, 0.0, 0.014712998673199267, 0.014712998673199267, 0.0, 0.0, 0.0, 0.0, 0.0, 0.0, 0.0, 0.0, 0.0, 0.0, 0.0, 0.0, 0.0010274070629436643, 0.0, 0.0, 0.0014750049798692225, 0.0, 0.0, 0.0, 0.0, 0.0, 0.0, 0.0, 0.0, 0.003334662471185458, 0.0, 0.0, 0.0, 0.0, 0.05995809290384453, 0.0, 0.0, 0.0, 0.0, 0.0011953145303488085, 0.0, 0.0, 0.0, 0.0, 0.0, 0.0, 0.05995809290384453, 0.0, 0.0, 0.0, 0.0, 0.0, 0.0, 0.0, 0.0, 0.0, 0.0, 0.0, 0.0034233071166727418, 0.0010274070629436643, 0.03330741547541734, 0.0, 0.0034233071166727418, 0.0, 0.0, 0.0, 0.0, 0.0, 0.0], [0.0, 1.0, 0.0, 0.0, 1.0, 0.0, 0.0, 0.0, 0.0, 0.0, 0.0, 0.0, 0.04264622068583622, 0.0, 0.0, 0.12355747521912708, 0.0, 0.0, 0.0, 0.0, 0.0, 0.0, 0.0, 0.0, 0.0, 0.0042194498405780595, 0.0042194498405780595, 0.0, 0.015016050894873683, 0.0, 0.015016050894873683, 0.0, 0.0, 0.0, 0.0, 0.0, 0.0, 0.047498670708065474, 0.0, 0.0, 0.5439733946325847, 0.0, 0.0, 0.001018713873439243, 0.0, 0.0, 0.0, 0.010467882676027019, 0.0, 0.6636436549762939, 0.0, 0.0, 0.8407109926733215, 0.0, 0.0, 0.36920024568955795, 0.0, 0.0, 0.047498670708065474, 0.0, 0.0, 0.6636436549762939, 0.0, 0.0, 0.12355747521912708, 0.0, 0.0, 0.0, 0.3058071740747748, 0.23028454828482137, 0.0, 0.001018713873439243, 0.5439733946325847, 0.021089950275196716, 0.0, 0.7793013904772577, 0.8407109926733215, 0.0, 0.0, 0.033307356555961204, 0.0, 0.36920024568955795, 0.0, 0.0, 0.0, 0.23028454828482137, 0.0, 0.7793013904772577, 0.04264622068583622, 0.0, 0.0, 0.0, 0.0, 0.0, 0.033307356555961204, 0.0, 0.3058071740747748, 0.0, 0.021089950275196716, 0.010467882676027019], [0.0, 0.0, 0.0, 0.0, 0.0, 1.0, 0.0, 0.0, 0.0, 0.0, 0.0, 0.0, 0.0, 0.0, 0.0, 0.0, 0.0, 0.0, 0.0, 0.0, 0.16540098744787857, 0.0, 0.0, 0.0, 0.005157800085586871, 0.0, 0.0, 0.0, 0.0, 0.0, 0.0, 0.0, 0.0, 0.0, 0.0, 0.0, 0.16540098744787857, 0.0, 0.3692004765956164, 0.0, 0.0, 0.0, 0.0, 0.0, 0.0, 0.0, 0.3692004765956164, 0.0, 0.0, 0.0, 0.0, 0.0, 0.0, 0.0, 0.033307400745544155, 0.0, 0.0, 1.0, 0.0, 0.0, 0.0, 0.0, 0.0, 0.0, 0.0, 0.0, 0.0, 0.0, 0.0, 0.0, 0.0, 0.0, 0.0, 0.0, 0.0, 0.0, 0.0, 0.0, 0.0, 0.0, 0.0, 0.0, 0.0, 0.0, 0.0, 0.0, 0.005157800085586871, 0.0, 0.0, 0.0, 0.0, 0.0, 0.033307400745544155, 0.0, 0.0, 0.0, 0.0, 0.0, 0.0, 0.0], [0.0, 0.0, 0.03330741547541725, 0.0, 0.0, 0.0, 1.0, 0.13807660215766468, 0.0, 0.04269032425040521, 0.0, 0.0, 0.0, 0.0, 0.0, 0.0, 0.20231647384400775, 0.0, 0.0, 0.0, 0.0, 0.0, 0.0, 0.0, 0.0, 0.0, 0.0, 1.0, 0.0, 0.5318097849823842, 0.0, 0.0, 0.04269032425040521, 0.0, 0.713123619882161, 0.713123619882161, 0.0, 0.0, 0.0, 0.3692005442264335, 0.0, 0.003588265576735082, 0.0, 0.0, 0.0, 0.20231647384400775, 0.0, 0.0, 0.0, 0.0, 0.3692005442264335, 0.0, 0.0, 0.7511560695526823, 0.0, 0.0, 0.03330741547541725, 0.0, 0.0, 0.0, 0.0, 0.0, 0.0, 0.0, 0.0, 0.0, 0.0, 0.003588265576735082, 0.0, 0.0, 0.0, 0.0, 0.0, 0.0, 0.7511560695526823, 0.0, 0.0, 0.0, 0.0, 0.0, 0.0, 0.0, 0.0, 0.0, 0.0, 0.0, 0.0, 0.0, 0.0, 0.0, 0.0, 0.5318097849823842, 0.0, 0.0, 0.0, 0.0, 0.0, 0.13807660215766468, 0.0, 0.0], [0.0, 0.0, 0.8186171434844213, 0.0, 0.0, 0.0, 0.13807660215766468, 1.0, 0.0, 0.0, 0.0, 0.0, 0.0, 0.0, 0.0, 0.0, 0.9776252561815016, 0.0, 0.03330741547541734, 0.0, 0.0, 0.0, 0.0, 0.0, 0.0, 0.0, 0.0, 0.13807660215766468, 0.0, 0.008115652613221329, 0.0, 0.0, 0.0, 0.0, 0.019359145196516284, 0.019359145196516284, 0.0, 0.0, 0.0, 0.7242362667456473, 0.0, 0.36920054422643417, 0.0, 0.0, 0.0, 0.9776252561815016, 0.0, 0.0, 0.0, 0.0, 0.7242362667456473, 0.0, 0.0, 0.28970061413224435, 0.0, 0.0, 0.8186171434844213, 0.0, 0.0, 0.0, 0.0, 0.0, 0.0, 0.0, 0.0, 0.0, 0.0, 0.36920054422643417, 0.0, 0.0, 0.0, 0.0, 0.0, 0.0, 0.28970061413224435, 0.0, 0.0, 0.0, 0.0, 0.0, 0.0, 0.0, 0.0, 0.0, 0.0, 0.0, 0.0, 0.0, 0.0, 0.0, 0.0, 0.008115652613221329, 0.0, 0.0, 0.0, 0.03330741547541734, 0.0, 1.0, 0.0, 0.0], [0.0011953145303488085, 0.0, 0.0, 0.0011953145303488085, 0.0, 0.0, 0.0, 0.0, 1.0, 0.0, 0.3692003636285697, 0.0, 0.0, 0.0, 0.00132025340781072, 0.0, 0.0, 0.0, 0.0, 0.0, 0.0, 0.004277773872419902, 0.3692003636285697, 0.36920069017911306, 0.0, 0.0, 0.0, 0.0, 0.0, 0.0, 0.0, 0.00132025340781072, 0.0, 0.14811991101214683, 0.0, 0.0, 0.0, 0.0, 0.0, 0.0, 0.0, 0.0, 0.0, 0.0, 0.0, 0.0, 0.0, 0.0, 0.0, 0.0, 0.0, 0.0, 0.0, 0.0, 0.0, 0.0, 0.0, 0.0, 0.0, 0.14811991101214683, 0.36920069017911306, 0.0, 0.004277773872419902, 0.0, 0.0, 0.0, 0.0, 0.0, 0.0, 0.0, 1.0, 0.0, 0.0, 0.0, 0.0, 0.0, 0.0, 0.0, 0.0, 0.0, 0.0, 0.0, 0.0, 0.0, 0.0, 0.0, 0.0, 0.0, 0.0, 0.7000977603187102, 0.0, 0.0, 0.0, 0.7000977603187102, 0.0, 0.0, 0.0, 0.0, 0.0, 0.0], [0.36920024568955867, 0.0, 0.0, 0.36920024568955867, 0.0, 0.0, 0.04269032425040521, 0.0, 0.0, 1.0, 0.0, 0.0, 0.0, 0.0, 0.0, 0.0, 0.0, 0.0, 0.0, 0.0, 0.0, 0.0, 0.0, 0.0014470195643390543, 0.0, 0.0, 0.0, 0.04269032425040521, 0.0, 0.36920057224001807, 0.0, 0.0, 1.0, 0.0, 0.2285732610359352, 0.2285732610359352, 0.0, 0.0, 0.0, 0.0, 0.0, 0.0, 0.0, 0.0, 0.0, 0.0, 0.0, 0.0, 0.0, 0.0, 0.0, 0.0, 0.0, 0.014713013158674652, 0.0, 0.0, 0.0, 0.0, 0.0, 0.0, 0.0014470195643390543, 0.0, 0.0, 0.0, 0.0, 0.0, 0.0, 0.0, 0.0, 0.0, 0.0, 0.0, 0.0, 0.0, 0.014713013158674652, 0.0, 0.0, 0.0, 0.0, 0.0, 0.0, 0.0, 0.0, 0.0, 0.0, 0.0, 0.0, 0.0, 0.0, 0.0, 0.0, 0.36920057224001807, 0.0, 0.0, 0.0, 0.0, 0.0, 0.0, 0.0, 0.0], [0.0014779574532898033, 0.0, 0.0, 0.0014779574532898033, 0.0, 0.0, 0.0, 0.0, 0.3692003636285697, 0.0, 1.0, 0.0, 0.0, 0.0, 0.059786031318620224, 0.0, 0.0, 0.0, 0.0, 0.0, 0.0, 0.14812010732680422, 1.0, 0.03330742997514083, 0.0, 0.0, 0.0, 0.0, 0.0, 0.0, 0.0, 0.059786031318620224, 0.0, 0.6990918852760194, 0.0, 0.0, 0.0, 0.0, 0.0, 0.0, 0.0, 0.0, 0.0, 0.0, 0.0, 0.0, 0.0, 0.0, 0.0, 0.0, 0.0, 0.0, 0.0, 0.0, 0.0, 0.0, 0.0, 0.0, 0.0, 0.6990918852760194, 0.03330742997514083, 0.0, 0.14812010732680422, 0.0, 0.0, 0.004485850193724975, 0.0, 0.0, 0.0, 0.0, 0.3692003636285697, 0.0, 0.0, 0.0, 0.0, 0.0, 0.0, 0.004485850193724975, 0.0, 0.0, 0.0, 0.0, 0.0, 0.0, 0.0, 0.0, 0.0, 0.0, 0.0, 0.8074127853662622, 0.0, 0.0, 0.0, 0.8074127853662622, 0.0, 0.0, 0.0, 0.0, 0.0, 0.0], [0.0, 0.0, 0.0, 0.0, 0.0, 0.0, 0.0, 0.0, 0.0, 0.0, 0.0, 1.0, 0.0, 0.0, 0.0, 0.0, 0.0, 0.26188129156649176, 0.0, 0.01246067234745814, 0.0, 0.0, 0.0, 0.0, 0.0, 0.0071672624811214315, 0.0071672624811214315, 0.0, 0.0, 0.0, 0.0, 0.0, 0.0, 0.0, 0.0, 0.0, 0.0, 0.0, 0.0, 0.0, 0.0, 0.0, 0.36920038095115587, 0.0, 1.0, 0.0, 0.0, 0.0030048231852332348, 0.0, 0.0, 0.0, 0.0, 0.0, 0.0, 0.0, 0.0, 0.0, 0.0, 0.0, 0.0, 0.0, 0.0, 0.0, 0.03330741251756352, 0.0, 0.0, 0.0, 0.0, 0.0, 0.0, 0.0, 0.0, 0.0, 0.0, 0.0, 0.0, 0.0, 0.0, 0.0, 0.0, 0.03330741251756352, 0.0, 0.36920038095115587, 0.26188129156649176, 0.01246067234745814, 0.0, 0.0, 0.0, 0.0, 0.0, 0.0, 0.0, 0.0, 0.0, 0.0, 0.0, 0.0, 0.0, 0.0, 0.0030048231852332348], [0.0, 0.04264622068583622, 0.0, 0.0, 0.04264622068583622, 0.0, 0.0, 0.0, 0.0, 0.0, 0.0, 0.0, 1.0, 0.0, 0.0, 0.7415185337338583, 0.0, 0.033307356555961204, 0.0, 0.3692003809511584, 0.0, 0.0, 0.0, 0.0, 0.0, 0.7264654943203925, 0.7264654943203925, 0.0, 0.0, 0.0, 0.0, 0.0, 0.0, 0.0, 0.0, 0.0, 0.0, 0.0, 0.0, 0.0, 0.0014581766771650526, 0.0, 0.007699899527913054, 0.0, 0.0, 0.0, 0.0, 0.8765530694843713, 0.0, 0.0030314795506949216, 0.0, 0.0, 0.09254118200057929, 0.0, 0.0, 0.0, 0.0, 0.0, 0.0, 0.0, 0.0, 0.0030314795506949216, 0.0, 0.16182618120787517, 0.7415185337338583, 0.0, 0.0, 0.0, 0.0, 0.7272090788159706, 0.0, 0.0, 0.0014581766771650526, 0.0, 0.0, 0.1940840367105821, 0.09254118200057929, 0.0, 0.0, 0.0, 0.16182618120787517, 0.0, 0.007699899527913054, 0.033307356555961204, 0.3692003809511584, 0.7272090788159706, 0.0, 0.1940840367105821, 1.0, 0.0, 0.0, 0.0, 0.0, 0.0, 0.0, 0.0, 0.0, 0.0, 0.0, 0.8765530694843713], [0.0014750049798692225, 0.0, 0.0, 0.0014750049798692225, 0.0, 0.0, 0.0, 0.0, 0.0, 0.0, 0.0, 0.0, 0.0, 1.0, 0.0017008882363465608, 0.0, 0.0, 0.0, 0.0, 0.0, 0.0, 0.005557053456231298, 0.0, 0.0, 0.0, 0.0, 0.0, 0.0, 0.3692003809511595, 0.0, 0.3692003809511595, 0.0017008882363465608, 0.0, 0.0, 0.0, 0.0, 0.0, 0.19158060688756304, 0.0, 0.0, 0.009719274230795666, 0.0, 0.0, 0.9093437202531953, 0.0, 0.0, 0.0, 0.0, 0.8772256903266438, 0.005054859074388177, 0.0, 1.0, 0.0, 0.0, 0.0, 0.015316647860084777, 0.0, 0.0, 0.19158060688756304, 0.0, 0.0, 0.005054859074388177, 0.005557053456231298, 0.0, 0.0, 0.46399202178935745, 0.0, 0.0, 0.033307356555961204, 0.0, 0.0, 0.9093437202531953, 0.009719274230795666, 0.39123894077437305, 0.0, 0.0, 0.0, 0.46399202178935745, 0.0, 0.3058071740747748, 0.0, 0.015316647860084777, 0.0, 0.0, 0.0, 0.0, 0.0, 0.0, 0.0, 0.0, 0.8772256903266438, 0.0, 0.0, 0.0, 0.3058071740747748, 0.0, 0.033307356555961204, 0.0, 0.39123894077437305, 0.0], [0.0, 0.0, 0.0, 0.0, 0.0, 0.0, 0.0, 0.0, 0.00132025340781072, 0.0, 0.059786031318620224, 0.0, 0.0, 0.0017008882363465608, 1.0, 0.0, 0.0, 0.0, 0.0, 0.0, 0.0, 0.8503758950528184, 0.059786031318620224, 0.0, 0.0, 0.0, 0.0, 0.0, 0.0, 0.0, 0.0, 1.0, 0.0, 0.24006415791515284, 0.0, 0.0, 0.0, 0.0, 0.0, 0.0, 0.0, 0.0, 0.0, 0.0018456300004581218, 0.0, 0.0, 0.0, 0.0, 0.0, 0.0, 0.0, 0.0017008882363465608, 0.0, 0.0, 0.0, 0.0, 0.0, 0.0, 0.0, 0.24006415791515284, 0.0, 0.0, 0.8503758950528184, 0.0, 0.0, 0.0, 0.0, 0.0, 0.0, 0.0, 0.00132025340781072, 0.0018456300004581218, 0.0, 0.00113569282276712, 0.0, 0.0, 0.0, 0.0, 0.0, 0.0, 0.0, 0.0, 0.0, 0.0, 0.0, 0.0, 0.0, 0.0, 0.0, 0.010484313216432745, 0.0, 0.0, 0.0, 0.010484313216432745, 0.0, 0.0, 0.0, 0.0, 0.00113569282276712, 0.0], [0.0, 0.12355747521912708, 0.0, 0.0, 0.12355747521912708, 0.0, 0.0, 0.0, 0.0, 0.0, 0.0, 0.0, 0.7415185337338583, 0.0, 0.0, 1.0, 0.0, 0.006598375124530052, 0.0, 0.19408403083551415, 0.0, 0.0, 0.0, 0.0, 0.0, 0.36920024568955795, 0.36920024568955795, 0.0, 0.0, 0.0, 0.0, 0.0, 0.0, 0.0, 0.0, 0.0, 0.0, 0.0, 0.0, 0.0, 0.007404871392379829, 0.0, 0.0012123422721968115, 0.0, 0.0, 0.0, 0.0, 0.5165871269847314, 0.0, 0.012951951501201738, 0.0, 0.0, 0.28029892587679744, 0.0, 0.0, 0.0042194498405780595, 0.0, 0.0, 0.0, 0.0, 0.0, 0.012951951501201738, 0.0, 0.06761138040075114, 1.0, 0.0, 0.0, 0.0, 0.0017508826913310662, 0.8300699351442674, 0.0, 0.0, 0.007404871392379829, 0.0, 0.0, 0.36920024568955795, 0.28029892587679744, 0.0, 0.0, 0.0, 0.06761138040075114, 0.0042194498405780595, 0.0012123422721968115, 0.006598375124530052, 0.19408403083551415, 0.8300699351442674, 0.0, 0.36920024568955795, 0.7415185337338583, 0.0, 0.0, 0.0, 0.0, 0.0, 0.0, 0.0, 0.0017508826913310662, 0.0, 0.0, 0.5165871269847314], [0.0, 0.0, 0.7131236198821601, 0.0, 0.0, 0.0, 0.20231647384400775, 0.9776252561815016, 0.0, 0.0, 0.0, 0.0, 0.0, 0.0, 0.0, 0.0, 1.0, 0.0, 0.019359145196516242, 0.0, 0.0, 0.0, 0.0, 0.0, 0.0, 0.0, 0.0, 0.20231647384400775, 0.0, 0.014712998673199293, 0.0, 0.0, 0.0, 0.0, 0.033307415475417414, 0.033307415475417414, 0.0, 0.0, 0.0, 0.7860486871796957, 0.0, 0.26735774363494935, 0.0, 0.0, 0.0, 1.0, 0.0, 0.0, 0.0, 0.0, 0.7860486871796957, 0.0, 0.0, 0.36920040896477396, 0.0, 0.0, 0.7131236198821601, 0.0, 0.0, 0.0, 0.0, 0.0, 0.0, 0.0, 0.0, 0